ts,o,h,l,c,v
1782090000,30288.7,30328.0,30277.9,30292.8,230.0
1782090060,30288.7,30300.1,30284.1,30295.7,235.0
1782090120,30295.6,30315.7,30295.6,30308.5,244.0
1782090180,30308.5,30312.7,30300.7,30303.2,212.0
1782090240,30303.2,30320.9,30299.0,30312.6,193.0
1782090300,30316.6,30322.9,30305.9,30314.4,213.0
1782090360,30313.7,30330.0,30300.0,30326.1,207.0
1782090420,30326.5,30326.5,30314.4,30314.5,195.0
1782090480,30314.7,30315.1,30275.2,30275.7,205.0
1782090540,30275.9,30275.9,30230.5,30250.7,258.0
1782090600,30252.1,30266.6,30235.1,30262.2,225.0
1782090660,30262.2,30263.1,30241.0,30241.0,215.0
1782090720,30240.4,30242.7,30191.7,30198.5,243.0
1782090780,30198.1,30222.2,30197.5,30216.2,216.0
1782090840,30216.4,30220.1,30210.1,30219.0,209.0
1782090900,30219.1,30229.1,30186.5,30190.1,208.0
1782090960,30190.2,30217.6,30179.6,30216.0,234.0
1782091020,30214.6,30222.7,30209.7,30216.1,200.0
1782091080,30216.4,30227.4,30215.9,30226.4,182.0
1782091140,30226.2,30230.4,30220.9,30229.5,168.0
1782091200,30229.6,30246.2,30224.0,30236.7,223.0
1782091260,30236.7,30248.0,30236.7,30242.5,195.0
1782091320,30240.9,30251.5,30240.7,30249.2,145.0
1782091380,30249.2,30266.5,30247.7,30265.5,198.0
1782091440,30265.5,30269.0,30261.4,30261.4,171.0
1782091500,30261.5,30274.6,30259.6,30271.4,166.0
1782091560,30271.1,30273.6,30267.9,30268.0,137.0
1782091620,30267.5,30271.9,30265.9,30268.5,138.0
1782091680,30268.7,30270.5,30259.2,30270.5,185.0
1782091740,30270.7,30274.1,30263.7,30266.6,179.0
1782091800,30266.6,30266.6,30227.4,30248.9,236.0
1782091860,30249.4,30252.2,30236.7,30248.4,206.0
1782091920,30248.4,30255.4,30242.0,30249.4,166.0
1782091980,30249.4,30253.7,30242.1,30244.9,152.0
1782092040,30244.9,30248.5,30236.4,30238.2,160.0
1782092100,30238.2,30242.7,30235.4,30237.2,150.0
1782092160,30237.2,30240.7,30232.4,30239.9,131.0
1782092220,30239.7,30242.5,30232.0,30232.1,142.0
1782092280,30232.4,30235.1,30225.6,30232.7,145.0
1782092340,30232.7,30244.9,30229.5,30235.7,150.0
1782092400,30235.7,30244.5,30233.6,30243.0,137.0
1782092460,30243.0,30255.6,30242.4,30254.0,163.0
1782092520,30254.0,30262.5,30251.1,30261.2,130.0
1782092580,30261.2,30268.6,30261.2,30264.2,193.0
1782092640,30264.5,30269.6,30262.7,30265.4,159.0
1782092700,30265.4,30270.7,30263.4,30264.6,152.0
1782092760,30264.6,30271.7,30260.9,30269.6,149.0
1782092820,30269.9,30279.1,30268.0,30277.4,146.0
1782092880,30277.6,30282.6,30276.7,30280.4,133.0
1782092940,30280.4,30283.1,30279.2,30283.0,126.0
1782093000,30283.0,30283.6,30276.5,30278.2,126.0
1782093060,30278.2,30284.1,30275.1,30282.6,123.0
1782093120,30282.2,30284.4,30279.7,30281.5,125.0
1782093180,30281.5,30283.9,30279.4,30282.7,111.0
1782093240,30282.5,30282.5,30277.7,30282.4,134.0
1782093300,30282.2,30284.9,30277.7,30280.9,135.0
1782093360,30280.5,30283.0,30276.4,30276.4,110.0
1782093420,30275.7,30276.5,30264.1,30264.6,146.0
1782093480,30264.6,30265.2,30213.5,30213.5,199.0
1782093540,30217.2,30237.6,30217.2,30235.7,203.0
1782093600,30236.6,30237.6,30210.6,30210.6,212.0
1782093660,30210.5,30210.5,30172.9,30180.7,250.0
1782093720,30182.2,30191.7,30169.5,30180.1,233.0
1782093780,30180.4,30194.7,30180.2,30193.7,199.0
1782093840,30193.6,30199.9,30187.4,30192.7,181.0
1782093900,30192.7,30214.4,30183.4,30212.2,185.0
1782093960,30212.0,30212.0,30174.0,30179.0,208.0
1782094020,30179.0,30199.1,30178.4,30196.7,174.0
1782094080,30196.5,30206.5,30196.5,30205.6,153.0
1782094140,30204.9,30207.6,30185.5,30199.6,184.0
1782094200,30199.5,30203.0,30168.5,30183.7,173.0
1782094260,30183.5,30185.0,30155.7,30163.4,190.0
1782094320,30163.4,30188.1,30158.6,30187.5,170.0
1782094380,30187.6,30191.0,30174.5,30175.0,170.0
1782094440,30166.7,30171.2,30159.6,30169.9,188.0
1782094500,30169.9,30179.1,30139.9,30148.9,181.0
1782094560,30148.7,30158.0,30143.2,30146.1,195.0
1782094620,30146.2,30154.4,30139.9,30144.2,189.0
1782094680,30144.5,30150.5,30140.7,30145.1,179.0
1782094740,30145.4,30155.2,30143.4,30143.6,175.0
1782094800,30142.9,30159.4,30135.7,30158.9,205.0
1782094860,30159.0,30161.2,30152.2,30156.9,165.0
1782094920,30156.2,30159.4,30152.1,30159.2,147.0
1782094980,30159.2,30164.4,30152.4,30162.0,153.0
1782095040,30161.6,30170.9,30161.2,30168.1,176.0
1782095100,30168.0,30171.9,30148.9,30152.5,173.0
1782095160,30152.5,30152.7,30141.9,30142.1,179.0
1782095220,30142.6,30152.1,30142.6,30148.7,175.0
1782095280,30148.7,30156.6,30143.1,30156.6,130.0
1782095340,30156.4,30160.0,30144.9,30153.1,137.0
1782095400,30153.4,30161.2,30138.6,30140.1,193.0
1782095460,30140.1,30140.2,30124.4,30128.1,226.0
1782095520,30128.1,30132.9,30121.6,30128.1,211.0
1782095580,30128.4,30133.0,30122.4,30127.5,176.0
1782095640,30128.2,30128.2,30119.7,30122.1,155.0
1782095700,30122.5,30125.1,30109.2,30111.6,184.0
1782095760,30111.6,30116.0,30066.7,30091.4,241.0
1782095820,30091.9,30098.9,30081.6,30093.5,207.0
1782095880,30093.5,30102.6,30090.1,30100.6,190.0
1782095940,30100.4,30100.4,30091.1,30092.7,176.0
1782096000,30092.4,30097.9,30085.2,30088.7,200.0
1782096060,30088.5,30092.2,30078.7,30084.5,219.0
1782096120,30084.4,30099.5,30080.1,30099.1,196.0
1782096180,30100.1,30101.9,30092.7,30098.0,151.0
1782096240,30099.0,30100.4,30089.0,30095.0,161.0
1782096300,30095.0,30110.6,30089.6,30106.0,212.0
1782096360,30106.2,30108.2,30091.1,30093.6,226.0
1782096420,30093.5,30093.9,30081.4,30082.9,228.0
1782096480,30083.1,30084.1,30066.7,30070.6,220.0
1782096540,30071.5,30079.9,30069.1,30073.9,215.0
1782096600,30073.9,30084.1,30067.9,30069.1,210.0
1782096660,30069.4,30076.9,30065.4,30074.2,205.0
1782096720,30074.0,30078.2,30065.5,30069.7,201.0
1782096780,30070.0,30076.2,30064.4,30073.2,193.0
1782096840,30073.2,30081.6,30065.6,30070.7,183.0
1782096900,30070.0,30075.0,30064.6,30067.4,181.0
1782096960,30067.6,30071.0,30065.2,30067.4,168.0
1782097020,30067.2,30069.1,30058.6,30058.6,170.0
1782097080,30058.6,30068.1,30056.1,30056.1,195.0
1782097140,30056.1,30070.7,30051.2,30066.5,216.0
1782097200,30067.7,30119.4,30061.1,30116.5,272.0
1782097260,30117.2,30149.6,30116.0,30147.2,273.0
1782097320,30146.0,30170.5,30140.1,30170.0,265.0
1782097380,30170.2,30186.5,30165.4,30184.6,257.0
1782097440,30184.4,30205.5,30179.1,30204.0,248.0
1782097500,30204.0,30233.6,30201.5,30226.0,249.0
1782097560,30226.1,30240.6,30224.5,30238.1,267.0
1782097620,30238.2,30246.2,30217.4,30221.2,263.0
1782097680,30221.4,30230.5,30206.1,30208.4,239.0
1782097740,30208.1,30221.6,30204.9,30218.7,249.0
1782097800,30219.0,30230.5,30200.4,30205.2,248.0
1782097860,30205.2,30212.7,30195.1,30195.7,240.0
1782097920,30195.4,30197.2,30186.5,30197.2,252.0
1782097980,30197.7,30207.7,30189.0,30193.9,253.0
1782098040,30193.9,30214.6,30193.9,30210.9,251.0
1782098100,30210.7,30218.6,30196.1,30196.9,230.0
1782098160,30193.4,30221.0,30189.2,30215.5,238.0
1782098220,30216.5,30224.2,30204.6,30208.7,248.0
1782098280,30208.7,30255.4,30205.9,30250.6,260.0
1782098340,30251.1,30251.1,30228.4,30238.7,250.0
1782098400,30238.5,30243.5,30229.5,30241.0,257.0
1782098460,30241.5,30245.4,30230.6,30238.1,227.0
1782098520,30235.7,30237.7,30219.2,30223.5,242.0
1782098580,30222.7,30231.5,30221.4,30231.0,230.0
1782098640,30231.0,30243.7,30230.2,30238.7,233.0
1782098700,30238.9,30242.7,30231.9,30242.4,234.0
1782098760,30242.9,30261.1,30241.6,30260.6,238.0
1782098820,30260.4,30273.0,30258.7,30268.1,234.0
1782098880,30267.7,30269.0,30254.2,30256.1,219.0
1782098940,30256.2,30279.2,30256.2,30278.9,215.0
1782099000,30278.9,30286.0,30275.4,30277.9,236.0
1782099060,30277.4,30278.0,30265.6,30267.0,205.0
1782099120,30267.7,30276.0,30263.6,30272.1,243.0
1782099180,30272.1,30274.7,30268.5,30273.2,207.0
1782099240,30273.5,30277.9,30272.0,30273.1,203.0
1782099300,30273.1,30282.1,30270.6,30280.0,204.0
1782099360,30279.6,30280.7,30272.0,30277.7,191.0
1782099420,30277.9,30278.4,30268.5,30278.4,204.0
1782099480,30278.4,30283.5,30266.0,30270.6,223.0
1782099540,30271.4,30273.9,30265.4,30271.4,216.0
1782099600,30271.5,30277.1,30267.6,30277.1,229.0
1782099660,30277.6,30284.0,30276.2,30277.6,210.0
1782099720,30277.6,30282.4,30268.4,30282.1,207.0
1782099780,30282.1,30285.9,30276.2,30283.4,211.0
1782099840,30283.4,30293.7,30283.2,30291.5,217.0
1782099900,30291.6,30311.1,30291.1,30307.6,236.0
1782099960,30307.7,30310.6,30301.9,30308.2,221.0
1782100020,30308.2,30317.0,30307.5,30314.1,211.0
1782100080,30314.4,30315.9,30305.6,30309.4,211.0
1782100140,30309.4,30317.7,30309.4,30316.7,222.0
1782100200,30316.9,30316.9,30303.9,30314.4,228.0
1782100260,30314.6,30318.1,30304.6,30309.5,199.0
1782100320,30309.2,30315.1,30305.5,30312.4,214.0
1782100380,30312.6,30319.4,30311.4,30318.2,179.0
1782100440,30318.5,30320.5,30315.4,30320.5,182.0
1782100500,30320.5,30336.7,30317.7,30324.6,205.0
1782100560,30325.1,30331.6,30324.0,30328.9,211.0
1782100620,30329.0,30335.0,30324.7,30331.5,202.0
1782100680,30331.5,30336.9,30328.2,30334.6,189.0
1782100740,30334.5,30336.0,30329.9,30330.6,206.0
1782100800,30330.7,30337.9,30327.2,30332.1,262.0
1782100860,30332.0,30335.4,30328.6,30330.7,250.0
1782100920,30330.5,30335.5,30327.2,30335.0,227.0
1782100980,30335.0,30338.0,30331.7,30336.4,221.0
1782101040,30337.2,30349.4,30336.4,30349.4,236.0
1782101100,30349.4,30358.9,30348.4,30357.6,225.0
1782101160,30357.2,30359.9,30354.1,30356.2,226.0
1782101220,30356.5,30362.0,30355.4,30358.4,217.0
1782101280,30358.6,30358.6,30350.2,30353.0,221.0
1782101340,30352.5,30353.1,30345.5,30346.2,208.0
1782101400,30346.5,30350.0,30345.7,30347.9,206.0
1782101460,30347.9,30349.7,30339.0,30341.9,222.0
1782101520,30341.9,30342.0,30334.2,30337.5,213.0
1782101580,30337.0,30339.2,30335.0,30338.1,197.0
1782101640,30338.1,30345.9,30336.5,30342.9,207.0
1782101700,30343.1,30344.5,30335.6,30340.4,204.0
1782101760,30340.6,30344.7,30338.2,30344.2,196.0
1782101820,30344.2,30360.9,30343.7,30360.1,208.0
1782101880,30360.2,30360.2,30353.1,30355.6,195.0
1782101940,30355.6,30357.6,30345.6,30346.0,195.0
1782102000,30345.9,30350.7,30338.7,30347.9,221.0
1782102060,30348.1,30354.5,30346.1,30352.7,207.0
1782102120,30353.4,30358.6,30351.5,30355.2,198.0
1782102180,30355.4,30367.4,30353.0,30366.0,209.0
1782102240,30366.0,30368.0,30360.5,30366.1,201.0
1782102300,30366.1,30370.9,30363.7,30370.5,210.0
1782102360,30370.4,30372.0,30366.7,30371.4,189.0
1782102420,30371.1,30371.9,30365.1,30368.2,191.0
1782102480,30368.5,30372.0,30366.5,30369.0,188.0
1782102540,30369.2,30371.2,30363.4,30364.9,183.0
1782102600,30364.7,30364.7,30352.9,30358.7,229.0
1782102660,30359.5,30359.6,30353.2,30353.2,214.0
1782102720,30354.1,30356.1,30347.2,30351.5,215.0
1782102780,30351.2,30360.5,30349.6,30359.4,218.0
1782102840,30359.6,30367.7,30358.6,30364.5,205.0
1782102900,30365.0,30366.2,30360.5,30361.2,189.0
1782102960,30360.9,30369.1,30356.5,30369.1,186.0
1782103020,30368.6,30372.4,30364.6,30367.9,189.0
1782103080,30367.9,30370.5,30363.1,30366.2,166.0
1782103140,30366.4,30370.7,30365.6,30369.5,158.0
1782103200,30369.5,30370.5,30364.0,30364.7,192.0
1782103260,30364.6,30367.6,30361.5,30366.0,181.0
1782103320,30365.9,30368.0,30360.9,30361.4,183.0
1782103380,30361.4,30362.4,30355.0,30358.1,182.0
1782103440,30358.1,30364.0,30358.1,30363.7,187.0
1782103500,30363.9,30367.9,30353.6,30354.5,175.0
1782103560,30353.6,30353.6,30333.6,30333.7,191.0
1782103620,30333.7,30339.9,30329.1,30331.5,231.0
1782103680,30331.4,30344.4,30326.5,30341.6,215.0
1782103740,30341.6,30345.6,30333.6,30342.7,223.0
1782103800,30343.0,30351.0,30341.7,30349.7,210.0
1782103860,30349.4,30355.7,30347.1,30354.7,202.0
1782103920,30354.5,30355.2,30334.6,30336.4,189.0
1782103980,30336.5,30338.0,30320.9,30325.5,218.0
1782104040,30325.2,30330.9,30322.1,30326.2,234.0
1782104100,30326.9,30332.9,30324.9,30331.9,217.0
1782104160,30331.7,30336.1,30329.9,30332.6,199.0
1782104220,30332.9,30336.4,30331.9,30335.4,190.0
1782104280,30336.1,30336.9,30321.7,30323.6,229.0
1782104340,30323.6,30326.6,30318.4,30320.7,191.0
1782104400,30320.9,30328.0,30319.6,30323.9,216.0
1782104460,30324.6,30327.9,30318.2,30318.7,216.0
1782104520,30318.9,30318.9,30309.6,30317.0,214.0
1782104580,30317.4,30320.5,30313.0,30317.9,207.0
1782104640,30317.5,30324.6,30316.4,30318.6,210.0
1782104700,30318.6,30324.9,30316.2,30324.4,204.0
1782104760,30324.4,30333.7,30321.4,30332.4,217.0
1782104820,30332.0,30336.9,30329.0,30333.6,205.0
1782104880,30333.5,30338.4,30333.4,30334.7,176.0
1782104940,30334.7,30338.0,30334.0,30334.6,172.0
1782105000,30334.2,30336.0,30322.9,30325.2,215.0
1782105060,30325.2,30329.5,30320.0,30320.9,208.0
1782105120,30321.4,30325.0,30313.2,30317.2,195.0
1782105180,30317.0,30321.0,30312.4,30317.5,173.0
1782105240,30317.4,30318.7,30306.2,30307.5,196.0
1782105300,30307.5,30311.7,30306.1,30311.6,207.0
1782105360,30311.6,30318.7,30311.1,30316.9,184.0
1782105420,30316.6,30322.1,30315.9,30320.4,183.0
1782105480,30319.7,30323.7,30318.7,30322.0,186.0
1782105540,30321.9,30324.9,30320.1,30320.1,183.0
1782105600,30320.1,30323.0,30316.5,30318.7,182.0
1782105660,30318.5,30320.2,30310.7,30316.5,197.0
1782105720,30316.5,30335.0,30314.7,30330.7,194.0
1782105780,30330.7,30332.4,30329.0,30331.2,184.0
1782105840,30331.2,30334.5,30329.9,30332.2,182.0
1782105900,30332.5,30334.6,30325.7,30328.0,185.0
1782105960,30327.7,30329.0,30316.5,30316.9,198.0
1782106020,30317.0,30317.5,30304.9,30310.2,209.0
1782106080,30310.4,30313.0,30307.5,30311.2,202.0
1782106140,30311.1,30311.2,30302.6,30302.6,174.0
1782106200,30302.6,30305.0,30296.2,30304.6,235.0
1782106260,30304.7,30311.7,30303.1,30309.4,197.0
1782106320,30309.4,30310.2,30297.2,30303.7,206.0
1782106380,30303.7,30306.0,30301.5,30304.2,185.0
1782106440,30304.5,30306.2,30299.2,30303.2,185.0
1782106500,30303.2,30306.0,30301.9,30302.5,167.0
1782106560,30302.5,30307.7,30299.2,30307.7,171.0
1782106620,30307.7,30308.0,30299.2,30304.0,193.0
1782106680,30303.9,30305.1,30301.7,30303.5,158.0
1782106740,30303.5,30307.5,30300.7,30306.1,177.0
1782106800,30306.1,30309.5,30302.0,30306.4,180.0
1782106860,30306.4,30311.9,30305.5,30311.4,167.0
1782106920,30311.7,30314.7,30306.9,30307.1,164.0
1782106980,30307.1,30309.4,30299.2,30306.5,197.0
1782107040,30306.4,30311.0,30305.7,30310.2,164.0
1782107100,30310.1,30311.2,30303.0,30304.4,178.0
1782107160,30304.5,30307.7,30303.5,30303.6,172.0
1782107220,30303.6,30303.6,30298.7,30302.2,147.0
1782107280,30302.1,30306.0,30300.9,30303.6,187.0
1782107340,30303.6,30304.4,30293.1,30295.6,172.0
1782107400,30295.9,30297.5,30291.5,30294.6,185.0
1782107460,30294.9,30302.4,30294.9,30302.2,180.0
1782107520,30302.4,30311.2,30302.4,30309.7,177.0
1782107580,30309.7,30311.5,30304.6,30304.9,149.0
1782107640,30304.7,30307.6,30303.0,30304.4,162.0
1782107700,30304.2,30307.7,30297.7,30299.2,161.0
1782107760,30298.7,30303.7,30298.4,30301.4,164.0
1782107820,30301.1,30302.2,30295.5,30298.0,162.0
1782107880,30298.2,30305.5,30296.9,30304.7,174.0
1782107940,30304.7,30306.5,30296.0,30298.1,174.0
1782108000,30299.0,30300.9,30286.7,30288.6,189.0
1782108060,30288.6,30288.6,30265.4,30268.5,236.0
1782108120,30268.6,30279.7,30267.4,30279.7,224.0
1782108180,30279.7,30282.0,30275.5,30276.9,181.0
1782108240,30277.0,30287.0,30276.7,30286.9,175.0
1782108300,30286.6,30290.0,30283.4,30283.9,183.0
1782108360,30284.0,30287.7,30279.4,30279.9,185.0
1782108420,30279.9,30283.0,30275.7,30277.4,154.0
1782108480,30277.4,30278.2,30268.1,30270.7,167.0
1782108540,30270.7,30275.6,30270.5,30275.2,187.0
1782108600,30274.9,30277.0,30268.0,30273.2,176.0
1782108660,30273.1,30276.5,30269.2,30275.1,159.0
1782108720,30275.2,30279.2,30274.5,30278.2,172.0
1782108780,30278.5,30280.6,30268.9,30270.6,153.0
1782108840,30269.5,30273.0,30263.6,30268.6,174.0
1782108900,30268.9,30293.9,30268.7,30293.5,208.0
1782108960,30293.2,30294.2,30291.5,30293.5,180.0
1782109020,30293.6,30297.4,30290.5,30294.0,172.0
1782109080,30294.1,30305.1,30290.0,30302.5,167.0
1782109140,30302.5,30307.0,30301.0,30303.7,157.0
1782109200,30303.7,30308.2,30301.6,30304.5,147.0
1782109260,30304.5,30305.2,30299.6,30299.7,188.0
1782109320,30299.6,30308.0,30298.4,30307.6,157.0
1782109380,30307.5,30318.9,30307.4,30318.9,144.0
1782109440,30318.7,30322.9,30312.7,30320.4,144.0
1782109500,30320.4,30322.0,30314.6,30316.0,144.0
1782109560,30315.7,30318.5,30314.4,30316.2,149.0
1782109620,30316.4,30319.4,30312.7,30319.2,139.0
1782109680,30319.4,30319.4,30315.0,30317.1,128.0
1782109740,30317.4,30318.1,30312.7,30316.7,167.0
1782109800,30316.7,30327.9,30316.7,30326.2,178.0
1782109860,30326.1,30329.2,30324.4,30326.7,181.0
1782109920,30326.9,30327.9,30323.0,30324.7,174.0
1782109980,30325.0,30328.0,30323.4,30326.1,153.0
1782110040,30326.1,30329.2,30323.1,30326.0,140.0
1782110100,30326.5,30328.7,30323.1,30324.9,152.0
1782110160,30324.9,30324.9,30318.2,30322.2,149.0
1782110220,30322.2,30325.4,30319.6,30324.5,144.0
1782110280,30323.9,30327.9,30321.1,30325.7,155.0
1782110340,30325.9,30328.5,30323.2,30323.4,151.0
1782110400,30323.4,30325.1,30321.0,30324.2,139.0
1782110460,30324.2,30325.0,30320.4,30321.1,126.0
1782110520,30321.2,30322.7,30313.9,30314.7,122.0
1782110580,30315.0,30315.5,30308.5,30309.9,155.0
1782110640,30309.2,30314.4,30307.2,30313.9,154.0
1782110700,30314.2,30320.0,30313.1,30313.1,180.0
1782110760,30313.2,30316.5,30311.7,30315.4,160.0
1782110820,30315.5,30323.0,30313.1,30320.4,172.0
1782110880,30320.4,30323.1,30319.5,30322.0,132.0
1782110940,30322.2,30323.9,30321.0,30322.2,107.0
1782111000,30322.0,30323.7,30317.0,30317.2,152.0
1782111060,30317.2,30318.1,30313.9,30313.9,163.0
1782111120,30314.1,30316.2,30310.2,30311.6,159.0
1782111180,30311.9,30312.6,30301.1,30302.1,188.0
1782111240,30302.1,30302.5,30277.6,30277.7,178.0
1782111300,30279.7,30283.1,30275.2,30281.6,203.0
1782111360,30281.7,30281.9,30264.5,30266.6,219.0
1782111420,30266.9,30269.2,30259.6,30262.9,211.0
1782111480,30263.6,30271.1,30263.6,30268.9,180.0
1782111540,30268.6,30273.7,30266.6,30269.2,188.0
1782111600,30269.9,30273.0,30263.0,30264.5,186.0
1782111660,30264.5,30269.2,30262.2,30266.9,189.0
1782111720,30267.1,30271.6,30265.6,30269.0,161.0
1782111780,30268.6,30273.9,30268.0,30270.9,167.0
1782111840,30270.6,30273.1,30269.1,30272.4,150.0
1782111900,30272.2,30279.1,30271.4,30278.9,180.0
1782111960,30278.9,30281.7,30274.2,30279.7,134.0
1782112020,30279.7,30289.5,30279.7,30287.4,170.0
1782112080,30287.5,30288.2,30284.2,30287.6,178.0
1782112140,30288.5,30293.9,30286.7,30291.7,158.0
1782112200,30291.7,30297.5,30290.6,30293.1,170.0
1782112260,30292.9,30293.2,30280.5,30283.5,160.0
1782112320,30283.6,30286.1,30279.6,30285.6,139.0
1782112380,30285.4,30286.4,30282.7,30284.4,164.0
1782112440,30284.4,30285.1,30272.9,30273.6,174.0
1782112500,30273.7,30277.1,30268.2,30270.2,205.0
1782112560,30270.5,30279.0,30269.0,30277.7,181.0
1782112620,30277.9,30280.6,30273.0,30273.9,183.0
1782112680,30273.5,30280.4,30273.5,30279.5,162.0
1782112740,30279.2,30281.5,30274.2,30275.0,165.0
1782112800,30275.2,30289.0,30275.0,30284.0,169.0
1782112860,30284.0,30284.2,30277.9,30280.7,148.0
1782112920,30280.9,30284.7,30279.9,30282.6,173.0
1782112980,30282.4,30282.4,30273.7,30273.9,175.0
1782113040,30273.9,30277.1,30272.5,30276.2,152.0
1782113100,30277.0,30277.2,30261.1,30265.1,181.0
1782113160,30265.1,30271.0,30264.7,30266.6,170.0
1782113220,30266.5,30266.5,30257.0,30261.0,172.0
1782113280,30260.6,30267.1,30257.5,30264.0,165.0
1782113340,30264.0,30265.4,30258.4,30260.7,160.0
1782113400,30260.6,30265.9,30257.0,30265.0,191.0
1782113460,30265.0,30270.1,30259.6,30263.0,182.0
1782113520,30263.0,30267.1,30262.0,30264.7,205.0
1782113580,30264.9,30274.7,30260.7,30272.5,195.0
1782113640,30272.5,30278.4,30271.6,30275.5,174.0
1782113700,30275.5,30276.4,30266.5,30268.1,179.0
1782113760,30268.0,30270.1,30259.6,30259.6,180.0
1782113820,30259.5,30263.7,30246.6,30251.0,203.0
1782113880,30250.9,30257.7,30250.5,30255.1,187.0
1782113940,30255.5,30262.1,30255.0,30259.9,195.0
1782114000,30260.0,30264.6,30254.4,30256.1,203.0
1782114060,30256.1,30257.1,30251.6,30253.4,188.0
1782114120,30253.5,30256.2,30245.2,30249.1,193.0
1782114180,30249.5,30252.5,30242.0,30242.6,211.0
1782114240,30242.6,30245.7,30238.1,30245.2,200.0
1782114300,30245.5,30255.7,30244.0,30255.0,200.0
1782114360,30254.5,30280.7,30253.2,30278.2,216.0
1782114420,30277.5,30284.6,30274.4,30279.0,224.0
1782114480,30278.6,30282.1,30274.7,30275.6,194.0
1782114540,30275.4,30287.2,30274.7,30286.4,198.0
1782114600,30286.2,30292.6,30281.7,30292.5,195.0
1782114660,30294.7,30300.0,30294.5,30297.0,184.0
1782114720,30297.2,30299.2,30288.0,30288.9,189.0
1782114780,30288.9,30289.9,30282.9,30289.1,171.0
1782114840,30289.0,30290.0,30282.5,30284.5,157.0
1782114900,30284.1,30287.5,30278.4,30286.6,154.0
1782114960,30286.5,30291.1,30284.1,30285.4,153.0
1782115020,30285.1,30289.6,30282.6,30289.2,154.0
1782115080,30289.2,30297.4,30289.2,30292.5,148.0
1782115140,30292.5,30305.2,30292.5,30296.6,172.0
1782115200,30296.6,30302.7,30293.2,30300.4,189.0
1782115260,30300.5,30302.2,30290.5,30291.4,190.0
1782115320,30291.9,30294.6,30289.5,30294.0,178.0
1782115380,30293.7,30295.4,30288.4,30288.5,179.0
1782115440,30288.5,30298.4,30285.9,30297.1,171.0
1782115500,30297.4,30308.4,30297.0,30308.4,155.0
1782115560,30308.7,30324.9,30305.5,30324.5,194.0
1782115620,30324.7,30341.5,30324.7,30339.0,185.0
1782115680,30338.6,30351.6,30336.6,30346.7,203.0
1782115740,30345.6,30353.0,30343.1,30351.0,194.0
1782115800,30351.0,30357.5,30346.9,30357.5,197.0
1782115860,30357.6,30364.4,30355.4,30363.1,174.0
1782115920,30362.6,30364.2,30358.7,30360.2,164.0
1782115980,30360.1,30375.6,30358.7,30371.0,179.0
1782116040,30370.5,30371.1,30366.6,30367.4,197.0
1782116100,30367.1,30376.6,30366.2,30374.2,169.0
1782116160,30374.5,30374.6,30365.6,30367.7,201.0
1782116220,30367.7,30369.6,30364.4,30367.5,193.0
1782116280,30367.2,30367.2,30361.4,30363.5,185.0
1782116340,30363.5,30365.0,30356.6,30360.7,168.0
1782116400,30360.9,30366.0,30357.1,30365.7,183.0
1782116460,30365.7,30370.1,30359.1,30369.4,148.0
1782116520,30369.4,30373.6,30364.2,30364.5,169.0
1782116580,30364.4,30365.4,30360.9,30362.7,187.0
1782116640,30363.0,30371.5,30361.9,30371.5,181.0
1782116700,30371.2,30374.5,30368.0,30372.2,193.0
1782116760,30372.0,30373.5,30366.1,30367.7,170.0
1782116820,30368.0,30371.2,30366.6,30369.4,163.0
1782116880,30369.2,30371.0,30364.7,30366.7,158.0
1782116940,30367.0,30374.7,30366.0,30373.0,167.0
1782117000,30372.2,30375.1,30355.0,30355.0,207.0
1782117060,30354.9,30355.2,30348.4,30349.0,212.0
1782117120,30349.0,30350.0,30343.7,30347.1,211.0
1782117180,30347.1,30353.6,30343.2,30348.4,188.0
1782117240,30348.2,30357.6,30347.6,30352.4,211.0
1782117300,30352.5,30365.6,30351.7,30360.9,220.0
1782117360,30361.2,30369.6,30359.5,30368.9,198.0
1782117420,30368.9,30368.9,30361.2,30361.5,184.0
1782117480,30361.7,30365.4,30356.9,30357.6,192.0
1782117540,30358.1,30360.6,30353.1,30353.6,196.0
1782117600,30353.5,30360.6,30353.5,30355.9,210.0
1782117660,30355.9,30356.5,30352.2,30355.6,186.0
1782117720,30355.1,30358.9,30352.6,30355.0,205.0
1782117780,30355.1,30355.7,30348.4,30351.7,214.0
1782117840,30351.5,30352.7,30347.7,30351.9,210.0
1782117900,30352.1,30357.0,30349.7,30356.5,187.0
1782117960,30356.7,30358.0,30342.9,30344.4,199.0
1782118020,30344.4,30347.4,30343.4,30344.9,179.0
1782118080,30345.0,30350.2,30344.1,30349.7,190.0
1782118140,30350.0,30355.4,30347.7,30353.6,180.0
1782118200,30354.1,30354.4,30347.5,30352.1,170.0
1782118260,30352.1,30358.6,30349.6,30350.0,201.0
1782118320,30349.6,30354.2,30348.9,30352.7,157.0
1782118380,30352.7,30358.2,30352.7,30358.2,150.0
1782118440,30358.1,30364.0,30353.6,30353.6,161.0
1782118500,30353.9,30364.1,30352.4,30362.4,182.0
1782118560,30362.7,30366.0,30358.5,30364.6,172.0
1782118620,30364.5,30364.5,30351.5,30355.5,164.0
1782118680,30355.5,30356.6,30352.6,30354.2,156.0
1782118740,30354.2,30359.7,30352.7,30354.1,179.0
1782118800,30354.9,30362.7,30351.5,30361.9,223.0
1782118860,30361.1,30364.5,30359.4,30361.1,179.0
1782118920,30361.1,30371.9,30360.1,30370.9,171.0
1782118980,30370.6,30376.5,30364.2,30364.2,203.0
1782119040,30363.9,30379.0,30363.9,30377.8,187.0
1782119100,30377.3,30383.1,30376.8,30383.0,163.0
1782119160,30382.5,30383.2,30375.7,30377.2,158.0
1782119220,30374.8,30392.1,30374.7,30391.7,185.0
1782119280,30391.2,30395.5,30381.7,30390.3,189.0
1782119340,30390.5,30397.2,30387.2,30395.5,173.0
1782119400,30395.5,30397.0,30388.1,30388.5,192.0
1782119460,30388.5,30389.5,30381.3,30383.8,199.0
1782119520,30384.1,30387.0,30383.2,30386.7,193.0
1782119580,30386.0,30395.1,30386.0,30394.1,173.0
1782119640,30394.1,30397.5,30393.1,30396.1,146.0
1782119700,30396.1,30396.1,30391.6,30393.2,163.0
1782119760,30393.6,30394.5,30390.0,30393.1,172.0
1782119820,30393.1,30406.3,30391.2,30400.6,186.0
1782119880,30400.1,30408.0,30397.6,30406.0,184.0
1782119940,30406.0,30408.0,30401.1,30401.6,158.0
1782120000,30401.6,30405.1,30396.2,30405.1,174.0
1782120060,30405.1,30405.1,30397.2,30397.8,155.0
1782120120,30397.8,30403.0,30397.8,30401.8,160.0
1782120180,30401.8,30403.8,30399.6,30401.6,149.0
1782120240,30401.6,30427.7,30401.6,30423.5,178.0
1782120300,30423.5,30440.7,30422.5,30432.8,195.0
1782120360,30432.6,30439.6,30431.8,30436.8,197.0
1782120420,30436.6,30441.0,30433.0,30438.0,176.0
1782120480,30438.0,30445.1,30436.5,30445.0,188.0
1782120540,30445.1,30451.6,30442.1,30444.0,183.0
1782120600,30443.5,30443.5,30426.8,30428.1,228.0
1782120660,30428.1,30434.5,30418.6,30433.6,185.0
1782120720,30433.6,30434.6,30428.7,30428.7,161.0
1782120780,30429.2,30431.8,30424.8,30429.8,174.0
1782120840,30430.0,30430.0,30424.2,30427.0,165.0
1782120900,30427.0,30427.0,30422.7,30425.1,151.0
1782120960,30425.2,30432.6,30424.6,30431.2,131.0
1782121020,30431.2,30438.7,30429.3,30438.7,146.0
1782121080,30438.5,30439.6,30430.6,30432.3,150.0
1782121140,30432.8,30434.2,30430.6,30433.2,139.0
1782121200,30433.5,30440.7,30431.2,30439.2,115.0
1782121260,30439.2,30441.6,30436.1,30441.6,123.0
1782121320,30441.6,30441.7,30437.5,30441.0,118.0
1782121380,30441.0,30448.7,30439.6,30443.8,126.0
1782121440,30443.8,30444.1,30438.0,30439.3,121.0
1782121500,30437.5,30442.1,30435.0,30438.8,129.0
1782121560,30438.8,30445.7,30437.8,30445.1,155.0
1782121620,30445.2,30452.8,30443.7,30445.7,156.0
1782121680,30445.0,30445.1,30436.0,30436.7,136.0
1782121740,30436.7,30440.1,30436.2,30436.6,111.0
1782121800,30436.6,30440.6,30434.6,30435.8,114.0
1782121860,30435.7,30443.2,30435.3,30440.5,121.0
1782121920,30440.3,30444.0,30435.6,30436.1,124.0
1782121980,30436.3,30441.1,30436.1,30441.1,102.0
1782122040,30441.1,30449.8,30441.0,30448.8,119.0
1782122100,30448.8,30456.0,30446.2,30452.0,149.0
1782122160,30452.0,30455.6,30450.8,30453.8,120.0
1782122220,30453.8,30455.1,30448.3,30448.3,115.0
1782122280,30448.3,30451.3,30446.6,30451.1,120.0
1782122340,30451.0,30452.1,30446.6,30450.8,140.0
1782122400,30452.0,30457.3,30447.3,30449.7,243.0
1782122460,30451.3,30461.2,30451.3,30460.3,194.0
1782122520,30460.5,30469.0,30457.3,30468.6,175.0
1782122580,30468.5,30480.3,30467.8,30476.3,195.0
1782122640,30476.2,30484.7,30472.7,30484.7,199.0
1782122700,30484.7,30487.1,30479.1,30486.7,201.0
1782122760,30487.0,30489.5,30481.5,30482.1,188.0
1782122820,30482.6,30482.6,30474.2,30474.2,168.0
1782122880,30474.2,30484.8,30471.2,30481.7,161.0
1782122940,30481.7,30481.7,30468.7,30470.7,151.0
1782123000,30470.7,30477.2,30469.8,30476.2,170.0
1782123060,30476.3,30477.3,30468.8,30470.3,169.0
1782123120,30470.3,30478.3,30470.3,30476.8,172.0
1782123180,30476.8,30476.8,30468.6,30469.2,178.0
1782123240,30469.2,30478.2,30468.7,30477.7,156.0
1782123300,30477.8,30487.7,30477.1,30484.6,191.0
1782123360,30484.1,30484.1,30478.2,30483.8,163.0
1782123420,30483.7,30493.0,30482.3,30492.2,140.0
1782123480,30492.2,30494.1,30489.5,30490.3,180.0
1782123540,30490.3,30494.7,30490.1,30492.3,126.0
1782123600,30492.3,30495.0,30486.2,30488.5,169.0
1782123660,30487.7,30493.1,30485.7,30491.8,161.0
1782123720,30491.1,30492.1,30486.1,30489.7,168.0
1782123780,30489.7,30490.5,30482.2,30483.8,162.0
1782123840,30483.2,30483.6,30473.5,30476.5,166.0
1782123900,30476.5,30478.0,30473.3,30477.7,150.0
1782123960,30478.0,30483.2,30478.0,30481.8,153.0
1782124020,30483.1,30486.2,30478.8,30482.2,170.0
1782124080,30482.3,30486.5,30479.5,30479.8,139.0
1782124140,30479.6,30488.7,30479.2,30487.7,161.0
1782124200,30487.8,30489.7,30479.8,30482.8,176.0
1782124260,30483.1,30490.1,30482.8,30484.1,139.0
1782124320,30484.1,30484.7,30479.6,30483.5,146.0
1782124380,30482.8,30485.3,30478.1,30478.8,158.0
1782124440,30478.5,30486.5,30476.6,30484.5,167.0
1782124500,30485.0,30491.1,30482.7,30490.6,153.0
1782124560,30490.6,30492.3,30487.5,30490.3,135.0
1782124620,30490.3,30493.0,30489.3,30493.0,126.0
1782124680,30493.2,30493.2,30484.2,30486.3,170.0
1782124740,30485.7,30486.1,30480.0,30482.1,166.0
1782124800,30482.1,30482.7,30477.2,30479.5,145.0
1782124860,30479.5,30481.3,30467.0,30467.0,147.0
1782124920,30467.1,30467.2,30462.2,30464.0,131.0
1782124980,30464.0,30470.7,30460.2,30462.8,161.0
1782125040,30463.1,30465.8,30459.3,30463.5,151.0
1782125100,30463.5,30466.8,30459.6,30465.5,174.0
1782125160,30465.6,30478.7,30465.2,30474.6,137.0
1782125220,30474.6,30479.6,30473.5,30478.2,135.0
1782125280,30478.2,30480.8,30474.6,30477.0,134.0
1782125340,30477.0,30477.0,30469.8,30475.3,151.0
1782125400,30475.5,30477.8,30472.6,30475.3,148.0
1782125460,30475.5,30479.5,30473.2,30478.2,164.0
1782125520,30478.5,30479.6,30473.1,30475.0,150.0
1782125580,30475.1,30475.3,30467.6,30467.8,165.0
1782125640,30468.0,30471.0,30463.8,30464.3,134.0
1782125700,30464.3,30469.6,30463.7,30469.3,132.0
1782125760,30469.6,30471.6,30465.8,30466.6,147.0
1782125820,30466.6,30470.2,30460.1,30461.2,135.0
1782125880,30461.8,30468.0,30461.0,30467.3,145.0
1782125940,30467.3,30473.3,30466.5,30472.3,139.0
1782126000,30471.5,30478.8,30470.3,30476.1,184.0
1782126060,30476.2,30476.5,30468.2,30469.2,183.0
1782126120,30469.2,30476.0,30450.2,30450.7,208.0
1782126180,30450.8,30458.8,30450.6,30455.8,208.0
1782126240,30455.8,30458.7,30439.3,30444.1,186.0
1782126300,30444.0,30446.5,30438.6,30444.1,189.0
1782126360,30443.5,30447.3,30434.0,30436.1,176.0
1782126420,30436.1,30439.2,30430.6,30435.8,183.0
1782126480,30435.8,30440.3,30431.1,30438.3,174.0
1782126540,30438.6,30440.5,30430.6,30433.2,164.0
1782126600,30433.0,30433.3,30423.2,30424.0,196.0
1782126660,30424.2,30425.1,30412.3,30413.3,174.0
1782126720,30413.0,30432.6,30413.0,30431.0,199.0
1782126780,30431.6,30447.7,30430.0,30441.2,202.0
1782126840,30441.5,30444.2,30436.2,30440.5,176.0
1782126900,30440.5,30443.3,30429.8,30443.2,198.0
1782126960,30443.3,30443.3,30425.0,30426.0,203.0
1782127020,30425.5,30428.3,30422.3,30422.8,175.0
1782127080,30422.8,30427.5,30415.0,30426.5,189.0
1782127140,30426.5,30428.0,30417.8,30419.3,161.0
1782127200,30419.2,30426.6,30417.8,30422.6,161.0
1782127260,30422.3,30428.5,30416.2,30426.5,193.0
1782127320,30426.2,30428.3,30417.0,30417.5,187.0
1782127380,30417.7,30418.2,30401.6,30409.6,193.0
1782127440,30409.6,30426.0,30409.1,30425.2,177.0
1782127500,30425.2,30428.1,30420.6,30424.0,207.0
1782127560,30424.0,30426.0,30419.8,30425.6,187.0
1782127620,30425.6,30428.2,30425.1,30426.7,176.0
1782127680,30426.5,30427.3,30418.2,30419.5,197.0
1782127740,30420.2,30422.6,30410.8,30414.3,209.0
1782127800,30415.0,30415.0,30406.3,30410.3,178.0
1782127860,30410.3,30421.1,30410.1,30419.1,177.0
1782127920,30419.1,30430.2,30419.1,30423.1,177.0
1782127980,30423.1,30424.7,30413.7,30417.8,176.0
1782128040,30417.7,30428.0,30411.1,30427.8,177.0
1782128100,30429.1,30434.2,30427.3,30433.8,176.0
1782128160,30433.5,30443.8,30430.8,30442.0,159.0
1782128220,30442.2,30442.8,30437.2,30440.3,181.0
1782128280,30440.7,30442.1,30434.2,30435.1,172.0
1782128340,30435.0,30442.8,30433.7,30440.1,149.0
1782128400,30440.1,30443.3,30439.0,30443.0,150.0
1782128460,30442.7,30443.2,30436.1,30436.1,154.0
1782128520,30436.3,30438.8,30432.1,30436.5,157.0
1782128580,30436.3,30443.5,30432.6,30442.7,169.0
1782128640,30442.3,30453.3,30439.7,30452.7,164.0
1782128700,30452.8,30455.2,30444.3,30444.5,170.0
1782128760,30444.5,30444.8,30436.6,30439.0,174.0
1782128820,30439.0,30439.0,30429.2,30433.3,158.0
1782128880,30433.7,30433.7,30426.5,30427.5,158.0
1782128940,30426.8,30436.0,30426.8,30435.1,164.0
1782129000,30435.0,30436.3,30432.8,30435.1,133.0
1782129060,30435.0,30435.0,30427.5,30429.6,146.0
1782129120,30429.6,30436.3,30429.2,30434.5,130.0
1782129180,30434.5,30440.7,30433.6,30438.0,156.0
1782129240,30438.2,30441.8,30436.3,30441.1,149.0
1782129300,30442.7,30443.2,30435.5,30438.0,148.0
1782129360,30438.0,30444.5,30436.8,30442.6,174.0
1782129420,30443.5,30448.2,30439.8,30441.1,168.0
1782129480,30441.2,30445.8,30440.5,30444.8,161.0
1782129540,30444.6,30447.5,30442.6,30444.0,150.0
1782129600,30444.3,30446.7,30424.0,30427.1,194.0
1782129660,30427.7,30436.1,30424.3,30434.7,162.0
1782129720,30435.0,30437.0,30428.8,30436.7,164.0
1782129780,30436.6,30447.7,30436.6,30446.8,180.0
1782129840,30448.8,30461.1,30446.0,30460.8,172.0
1782129900,30461.0,30463.2,30456.2,30458.7,183.0
1782129960,30458.5,30469.8,30454.8,30468.0,181.0
1782130020,30468.2,30468.2,30454.2,30456.5,173.0
1782130080,30456.5,30463.5,30455.3,30462.2,163.0
1782130140,30462.0,30468.5,30459.2,30467.1,150.0
1782130200,30466.8,30468.2,30459.7,30459.7,169.0
1782130260,30459.6,30461.6,30455.7,30460.5,191.0
1782130320,30459.8,30466.1,30457.7,30460.5,174.0
1782130380,30460.5,30461.0,30449.2,30450.0,158.0
1782130440,30450.0,30457.7,30444.2,30457.7,170.0
1782130500,30457.7,30459.3,30450.0,30451.3,158.0
1782130560,30451.1,30451.7,30442.8,30448.2,184.0
1782130620,30448.3,30454.1,30448.2,30448.7,170.0
1782130680,30448.7,30452.7,30448.5,30448.5,156.0
1782130740,30447.1,30447.7,30442.7,30446.3,145.0
1782130800,30446.2,30454.1,30445.8,30447.7,150.0
1782130860,30447.7,30448.7,30441.1,30442.5,151.0
1782130920,30442.0,30452.2,30440.2,30444.7,153.0
1782130980,30444.8,30445.7,30442.0,30445.2,162.0
1782131040,30445.1,30449.1,30442.2,30447.8,171.0
1782131100,30447.8,30456.8,30445.5,30452.7,144.0
1782131160,30452.7,30456.3,30449.2,30456.3,159.0
1782131220,30456.2,30456.3,30438.8,30442.2,186.0
1782131280,30442.2,30447.1,30440.8,30444.8,134.0
1782131340,30444.8,30447.3,30443.5,30445.2,122.0
1782131400,30445.3,30446.6,30436.1,30437.6,179.0
1782131460,30437.6,30439.7,30431.0,30438.6,149.0
1782131520,30437.8,30439.6,30430.5,30433.3,166.0
1782131580,30432.5,30447.5,30427.5,30445.8,163.0
1782131640,30446.6,30447.5,30439.5,30440.1,153.0
1782131700,30440.6,30442.8,30435.2,30436.0,146.0
1782131760,30436.1,30437.1,30430.5,30430.6,168.0
1782131820,30430.6,30435.3,30429.8,30435.0,168.0
1782131880,30434.6,30434.7,30431.3,30431.8,133.0
1782131940,30431.8,30433.3,30426.7,30426.7,150.0
1782132000,30426.7,30430.8,30426.2,30430.0,145.0
1782132060,30429.3,30433.6,30423.5,30425.0,164.0
1782132120,30425.0,30429.0,30423.5,30427.5,120.0
1782132180,30427.6,30429.3,30420.7,30422.0,140.0
1782132240,30422.0,30425.0,30417.5,30422.0,149.0
1782132300,30421.8,30425.0,30417.8,30424.5,167.0
1782132360,30424.5,30429.3,30422.8,30423.0,138.0
1782132420,30423.1,30428.3,30423.1,30424.6,114.0
1782132480,30424.6,30428.2,30419.3,30422.8,152.0
1782132540,30423.0,30426.2,30420.8,30424.1,146.0
1782132600,30422.3,30425.7,30414.3,30425.2,163.0
1782132660,30425.2,30429.8,30420.7,30427.6,144.0
1782132720,30427.6,30427.8,30419.8,30427.7,162.0
1782132780,30427.7,30427.7,30420.2,30426.0,160.0
1782132840,30425.3,30426.2,30420.6,30423.7,158.0
1782132900,30423.7,30425.5,30413.0,30421.5,167.0
1782132960,30421.6,30427.2,30421.1,30423.5,118.0
1782133020,30422.8,30424.7,30420.6,30422.1,126.0
1782133080,30422.1,30422.6,30418.7,30420.8,132.0
1782133140,30421.0,30421.0,30412.5,30413.2,151.0
1782133200,30414.1,30424.1,30414.0,30420.8,176.0
1782133260,30420.8,30428.2,30419.2,30422.7,166.0
1782133320,30422.7,30441.8,30422.6,30440.1,185.0
1782133380,30440.1,30444.1,30440.0,30444.1,147.0
1782133440,30444.2,30452.0,30443.6,30451.8,123.0
1782133500,30451.7,30455.1,30448.1,30453.8,168.0
1782133560,30453.8,30459.1,30451.0,30458.3,164.0
1782133620,30458.3,30470.0,30455.8,30468.6,209.0
1782133680,30468.5,30473.5,30466.5,30470.5,170.0
1782133740,30470.5,30471.5,30466.3,30466.6,187.0
1782133800,30466.6,30479.1,30465.2,30477.8,172.0
1782133860,30477.8,30478.2,30470.3,30470.3,165.0
1782133920,30470.5,30471.6,30467.1,30468.7,166.0
1782133980,30468.7,30473.1,30465.8,30467.0,172.0
1782134040,30467.2,30469.0,30464.2,30464.2,153.0
1782134100,30464.1,30469.0,30463.3,30468.7,152.0
1782134160,30468.7,30473.7,30468.2,30472.6,145.0
1782134220,30473.0,30474.1,30470.2,30471.8,134.0
1782134280,30471.8,30472.3,30462.6,30462.8,158.0
1782134340,30462.8,30466.7,30459.7,30461.7,154.0
1782134400,30461.7,30465.5,30457.5,30465.5,159.0
1782134460,30466.7,30466.7,30455.6,30457.7,140.0
1782134520,30457.3,30459.6,30456.0,30459.3,132.0
1782134580,30460.0,30461.5,30457.0,30461.0,121.0
1782134640,30461.0,30463.3,30459.1,30463.0,113.0
1782134700,30463.3,30463.6,30458.2,30459.2,145.0
1782134760,30459.2,30460.0,30451.2,30451.2,127.0
1782134820,30451.5,30453.1,30449.1,30453.0,124.0
1782134880,30453.0,30455.2,30450.5,30451.6,111.0
1782134940,30451.6,30455.5,30451.0,30454.8,153.0
1782135000,30454.5,30454.5,30430.6,30430.6,168.0
1782135060,30430.5,30435.7,30428.2,30431.5,158.0
1782135120,30431.5,30437.7,30428.8,30434.0,146.0
1782135180,30434.3,30437.2,30430.1,30437.1,126.0
1782135240,30437.1,30439.1,30434.1,30436.0,131.0
1782135300,30436.0,30438.5,30433.7,30436.7,141.0
1782135360,30436.7,30440.8,30429.3,30431.3,145.0
1782135420,30431.3,30431.3,30424.1,30428.6,139.0
1782135480,30428.7,30430.0,30423.2,30426.0,150.0
1782135540,30425.8,30427.5,30421.3,30423.0,127.0
1782135600,30423.0,30428.6,30416.8,30422.3,164.0
1782135660,30422.3,30424.8,30421.3,30423.3,143.0
1782135720,30423.6,30428.6,30422.2,30425.3,135.0
1782135780,30425.2,30428.7,30422.3,30428.5,134.0
1782135840,30428.5,30436.8,30428.2,30431.3,168.0
1782135900,30431.3,30443.8,30431.1,30443.6,156.0
1782135960,30443.7,30447.5,30441.7,30443.6,163.0
1782136020,30443.6,30445.1,30439.0,30443.7,149.0
1782136080,30443.3,30447.5,30441.0,30447.5,146.0
1782136140,30447.5,30449.6,30443.6,30446.1,116.0
1782136200,30447.0,30447.6,30442.8,30444.7,146.0
1782136260,30444.1,30448.3,30441.1,30444.6,152.0
1782136320,30444.6,30446.2,30430.7,30434.6,169.0
1782136380,30435.0,30438.5,30433.1,30436.0,150.0
1782136440,30435.8,30439.5,30432.1,30437.7,119.0
1782136500,30437.7,30440.5,30434.7,30437.0,140.0
1782136560,30437.0,30440.2,30434.0,30438.5,144.0
1782136620,30438.5,30439.7,30431.2,30433.8,132.0
1782136680,30434.1,30435.6,30429.5,30432.1,131.0
1782136740,30431.8,30437.2,30431.8,30433.6,143.0
1782136800,30436.2,30453.6,30436.2,30439.8,214.0
1782136860,30438.7,30449.8,30433.0,30449.8,201.0
1782136920,30449.6,30458.5,30447.6,30458.3,162.0
1782136980,30457.3,30458.5,30452.5,30456.1,154.0
1782137040,30455.7,30486.3,30453.6,30481.3,195.0
1782137100,30481.5,30538.1,30481.3,30532.2,253.0
1782137160,30531.0,30540.1,30501.1,30526.7,275.0
1782137220,30525.5,30538.8,30501.3,30502.2,250.0
1782137280,30503.1,30510.6,30498.1,30502.6,235.0
1782137340,30502.7,30503.7,30493.2,30497.0,215.0
1782137400,30495.8,30495.8,30465.0,30465.5,232.0
1782137460,30465.8,30466.3,30439.2,30443.3,241.0
1782137520,30443.3,30449.1,30439.5,30440.2,196.0
1782137580,30440.2,30444.8,30429.3,30432.6,206.0
1782137640,30432.2,30450.7,30425.1,30443.6,210.0
1782137700,30443.6,30446.2,30435.8,30438.8,195.0
1782137760,30439.3,30445.1,30437.3,30443.8,190.0
1782137820,30444.1,30449.2,30441.1,30449.1,166.0
1782137880,30448.8,30453.3,30447.7,30450.5,169.0
1782137940,30450.3,30455.2,30447.1,30454.5,167.0
1782138000,30453.5,30456.5,30445.8,30451.6,186.0
1782138060,30451.7,30457.2,30450.5,30453.1,155.0
1782138120,30453.0,30453.1,30442.5,30450.6,168.0
1782138180,30450.6,30451.8,30444.7,30451.8,164.0
1782138240,30451.2,30456.8,30449.3,30455.8,148.0
1782138300,30455.7,30457.2,30450.7,30450.8,153.0
1782138360,30451.0,30463.6,30447.7,30462.3,154.0
1782138420,30462.3,30463.7,30460.3,30461.7,161.0
1782138480,30461.6,30462.6,30453.7,30458.8,167.0
1782138540,30458.8,30459.1,30450.7,30452.0,173.0
1782138600,30451.5,30460.0,30451.1,30460.0,183.0
1782138660,30460.0,30462.8,30451.6,30460.3,180.0
1782138720,30460.1,30463.7,30452.7,30462.3,153.0
1782138780,30462.7,30476.0,30462.6,30467.3,185.0
1782138840,30467.2,30469.3,30462.0,30465.6,149.0
1782138900,30465.7,30476.2,30465.6,30472.6,154.0
1782138960,30472.6,30474.6,30467.1,30470.2,171.0
1782139020,30470.0,30479.3,30469.3,30477.1,156.0
1782139080,30477.0,30482.7,30472.5,30482.7,151.0
1782139140,30482.3,30484.3,30479.2,30483.0,159.0
1782139200,30483.2,30484.7,30464.1,30468.7,162.0
1782139260,30468.7,30471.3,30466.0,30470.5,177.0
1782139320,30470.8,30470.8,30461.7,30465.8,167.0
1782139380,30465.8,30471.8,30464.2,30467.2,167.0
1782139440,30467.0,30470.0,30461.3,30463.8,168.0
1782139500,30463.1,30464.3,30450.1,30454.1,173.0
1782139560,30454.1,30459.3,30451.6,30456.8,168.0
1782139620,30457.1,30463.6,30452.6,30459.8,165.0
1782139680,30459.2,30470.1,30442.6,30467.3,191.0
1782139740,30466.1,30471.7,30465.6,30471.1,161.0
1782139800,30471.2,30471.3,30464.3,30469.6,171.0
1782139860,30469.6,30474.3,30459.2,30461.6,156.0
1782139920,30461.5,30464.6,30452.3,30453.6,156.0
1782139980,30454.3,30458.7,30449.3,30458.7,148.0
1782140040,30457.2,30460.3,30455.7,30456.2,155.0
1782140100,30456.3,30475.2,30455.5,30470.8,147.0
1782140160,30470.7,30471.2,30456.2,30458.5,166.0
1782140220,30458.5,30467.2,30458.5,30466.8,144.0
1782140280,30467.0,30470.8,30466.6,30467.8,145.0
1782140340,30467.8,30471.8,30466.2,30469.8,147.0
1782140400,30470.8,30483.1,30470.8,30479.5,179.0
1782140460,30480.2,30482.2,30472.8,30474.0,186.0
1782140520,30474.0,30475.2,30465.8,30469.6,173.0
1782140580,30469.6,30476.1,30469.5,30476.0,171.0
1782140640,30475.8,30483.1,30473.3,30482.3,168.0
1782140700,30482.7,30485.6,30478.0,30479.3,176.0
1782140760,30479.5,30483.8,30477.2,30481.7,132.0
1782140820,30481.7,30485.0,30479.8,30480.8,168.0
1782140880,30480.7,30485.8,30477.2,30484.6,192.0
1782140940,30484.7,30488.2,30482.2,30486.8,163.0
1782141000,30486.6,30489.7,30481.5,30484.7,166.0
1782141060,30483.7,30490.5,30482.0,30489.6,160.0
1782141120,30489.6,30493.0,30487.6,30491.2,153.0
1782141180,30491.2,30496.0,30490.7,30495.0,156.0
1782141240,30494.8,30499.6,30493.0,30494.5,159.0
1782141300,30494.5,30498.6,30487.7,30494.1,166.0
1782141360,30494.1,30494.3,30486.5,30493.5,177.0
1782141420,30493.5,30493.5,30485.1,30487.0,164.0
1782141480,30487.3,30491.2,30485.2,30489.5,144.0
1782141540,30489.2,30492.2,30486.2,30492.0,138.0
1782141600,30491.8,30506.8,30491.8,30506.2,175.0
1782141660,30506.2,30516.6,30505.1,30514.2,183.0
1782141720,30514.2,30526.8,30514.2,30524.5,198.0
1782141780,30524.5,30525.3,30515.6,30523.2,171.0
1782141840,30523.1,30524.8,30518.3,30523.6,189.0
1782141900,30523.2,30525.7,30516.0,30520.3,203.0
1782141960,30519.8,30524.8,30519.5,30524.6,174.0
1782142020,30524.8,30532.5,30520.7,30532.5,185.0
1782142080,30532.1,30534.2,30527.5,30529.2,156.0
1782142140,30529.0,30539.8,30529.0,30537.2,191.0
1782142200,30537.2,30543.8,30531.3,30535.5,212.0
1782142260,30535.5,30536.5,30528.3,30535.0,198.0
1782142320,30535.0,30547.6,30533.7,30547.0,196.0
1782142380,30546.7,30550.0,30544.5,30547.1,196.0
1782142440,30547.5,30558.1,30542.5,30557.3,192.0
1782142500,30557.3,30558.3,30551.6,30554.1,195.0
1782142560,30554.1,30554.7,30547.7,30551.5,199.0
1782142620,30551.7,30551.7,30541.2,30542.7,183.0
1782142680,30542.2,30544.8,30538.6,30543.5,201.0
1782142740,30543.6,30545.7,30536.6,30538.0,185.0
1782142800,30538.0,30545.7,30534.0,30539.3,212.0
1782142860,30539.3,30547.7,30539.1,30539.2,174.0
1782142920,30539.3,30539.7,30520.1,30522.2,209.0
1782142980,30522.1,30526.6,30520.6,30525.2,193.0
1782143040,30525.2,30527.3,30519.1,30520.7,167.0
1782143100,30521.7,30525.8,30512.1,30512.5,207.0
1782143160,30512.8,30516.0,30510.3,30515.7,189.0
1782143220,30515.7,30522.1,30515.0,30521.3,142.0
1782143280,30521.3,30526.7,30519.3,30526.5,172.0
1782143340,30526.7,30530.2,30524.0,30527.0,181.0
1782143400,30527.1,30530.1,30524.2,30526.0,175.0
1782143460,30526.2,30530.6,30522.3,30523.0,183.0
1782143520,30522.7,30529.2,30522.0,30528.1,187.0
1782143580,30528.1,30533.1,30526.7,30532.2,145.0
1782143640,30532.0,30532.0,30518.5,30519.5,191.0
1782143700,30519.2,30526.0,30518.6,30523.0,169.0
1782143760,30523.0,30529.3,30518.2,30527.2,174.0
1782143820,30527.3,30529.1,30523.8,30524.2,166.0
1782143880,30524.3,30529.3,30524.3,30527.1,181.0
1782143940,30527.2,30527.7,30514.5,30515.0,170.0
1782144000,30519.8,30583.0,30519.8,30577.2,266.0
1782144060,30575.6,30580.0,30564.1,30570.5,250.0
1782144120,30570.0,30575.7,30563.8,30565.1,232.0
1782144180,30565.1,30581.7,30563.2,30574.5,212.0
1782144240,30574.5,30579.1,30565.2,30566.3,247.0
1782144300,30566.2,30569.0,30554.2,30554.2,224.0
1782144360,30554.2,30558.2,30541.2,30541.2,212.0
1782144420,30540.8,30547.8,30535.1,30543.7,221.0
1782144480,30543.6,30547.1,30541.0,30542.7,209.0
1782144540,30542.7,30549.0,30538.2,30547.8,196.0
1782144600,30547.8,30550.2,30542.2,30549.0,215.0
1782144660,30549.0,30570.6,30546.8,30560.0,217.0
1782144720,30559.8,30567.3,30555.1,30560.8,211.0
1782144780,30560.8,30565.7,30559.7,30562.6,192.0
1782144840,30562.5,30574.2,30562.1,30572.6,182.0
1782144900,30572.5,30576.8,30567.0,30568.7,207.0
1782144960,30568.7,30575.2,30562.7,30564.0,195.0
1782145020,30563.7,30575.5,30561.1,30574.7,190.0
1782145080,30574.7,30579.7,30573.0,30574.3,197.0
1782145140,30574.6,30576.5,30569.6,30571.8,177.0
1782145200,30572.1,30578.1,30567.3,30568.2,178.0
1782145260,30568.3,30576.6,30567.5,30573.3,193.0
1782145320,30574.2,30584.6,30572.3,30583.8,198.0
1782145380,30583.6,30583.8,30576.6,30581.0,169.0
1782145440,30581.0,30584.1,30573.1,30583.7,189.0
1782145500,30578.6,30580.1,30567.1,30568.0,206.0
1782145560,30568.1,30574.1,30563.7,30564.6,227.0
1782145620,30564.6,30564.6,30543.0,30543.7,237.0
1782145680,30549.6,30549.6,30534.5,30535.1,233.0
1782145740,30535.0,30538.7,30529.5,30534.5,232.0
1782145800,30541.0,30614.8,30524.6,30606.6,292.0
1782145860,30602.7,30608.8,30539.3,30541.3,283.0
1782145920,30542.6,30564.6,30522.6,30525.8,292.0
1782145980,30529.8,30531.3,30471.4,30489.1,268.0
1782146040,30488.1,30511.7,30473.4,30497.4,288.0
1782146100,30498.9,30564.0,30496.1,30559.0,291.0
1782146160,30560.1,30581.2,30554.4,30572.5,292.0
1782146220,30573.5,30608.1,30571.7,30603.9,282.0
1782146280,30604.4,30634.9,30603.4,30630.1,271.0
1782146340,30629.4,30636.6,30617.0,30635.0,279.0
1782146400,30634.6,30640.4,30600.9,30613.0,286.0
1782146460,30612.9,30621.5,30551.5,30556.2,288.0
1782146520,30556.6,30560.1,30517.2,30518.9,287.0
1782146580,30519.4,30523.4,30477.6,30511.6,282.0
1782146640,30513.0,30529.0,30497.6,30503.6,287.0
1782146700,30503.4,30548.7,30502.2,30536.1,290.0
1782146760,30536.6,30555.0,30524.5,30531.2,286.0
1782146820,30530.2,30586.9,30530.2,30586.7,284.0
1782146880,30587.4,30600.4,30567.6,30598.6,291.0
1782146940,30596.7,30616.5,30582.2,30592.4,281.0
1782147000,30593.4,30604.6,30576.4,30599.1,287.0
1782147060,30599.7,30601.1,30574.0,30598.6,285.0
1782147120,30597.9,30620.6,30589.9,30607.4,283.0
1782147180,30608.4,30622.4,30591.9,30592.4,274.0
1782147240,30592.9,30602.9,30558.9,30566.0,286.0
1782147300,30566.7,30579.4,30557.2,30566.9,281.0
1782147360,30566.1,30613.4,30563.5,30608.4,286.0
1782147420,30607.6,30632.7,30606.6,30627.5,285.0
1782147480,30627.1,30645.4,30619.9,30645.4,271.0
1782147540,30643.0,30649.9,30633.6,30648.7,277.0
1782147600,30650.7,30666.9,30623.4,30627.4,283.0
1782147660,30630.1,30653.1,30623.9,30651.4,277.0
1782147720,30650.9,30659.0,30639.4,30641.6,282.0
1782147780,30641.4,30648.1,30632.5,30644.6,282.0
1782147840,30645.9,30649.7,30629.4,30636.9,276.0
1782147900,30636.5,30652.6,30622.9,30651.2,272.0
1782147960,30651.5,30663.2,30641.9,30655.6,274.0
1782148020,30656.6,30662.1,30647.9,30661.4,271.0
1782148080,30661.5,30673.4,30656.0,30669.9,276.0
1782148140,30669.9,30679.2,30660.7,30664.6,271.0
1782148200,30664.0,30679.6,30662.6,30668.6,276.0
1782148260,30668.5,30670.9,30629.6,30634.7,279.0
1782148320,30633.1,30644.6,30629.4,30642.1,270.0
1782148380,30641.7,30646.1,30623.5,30626.9,277.0
1782148440,30625.1,30631.9,30611.9,30622.0,277.0
1782148500,30623.2,30625.4,30602.5,30611.1,289.0
1782148560,30612.1,30612.1,30587.9,30595.0,279.0
1782148620,30594.9,30611.0,30563.0,30569.6,279.0
1782148680,30569.1,30600.9,30569.1,30593.4,275.0
1782148740,30592.5,30606.6,30586.9,30589.6,274.0
1782148800,30589.5,30590.4,30533.4,30554.5,278.0
1782148860,30555.5,30580.0,30555.5,30570.1,267.0
1782148920,30570.9,30581.5,30556.7,30558.9,280.0
1782148980,30558.2,30562.2,30535.7,30538.0,272.0
1782149040,30538.2,30539.9,30501.9,30516.7,284.0
1782149100,30518.0,30534.1,30503.9,30521.9,275.0
1782149160,30522.6,30534.7,30509.9,30519.4,285.0
1782149220,30519.0,30519.2,30458.9,30459.9,285.0
1782149280,30459.6,30501.4,30459.6,30485.6,284.0
1782149340,30483.6,30486.2,30462.7,30469.9,280.0
1782149400,30472.6,30475.4,30413.4,30415.1,286.0
1782149460,30415.6,30450.5,30396.2,30402.4,285.0
1782149520,30401.7,30409.7,30374.4,30377.1,287.0
1782149580,30377.6,30397.4,30365.4,30382.2,282.0
1782149640,30383.7,30425.9,30382.0,30404.1,284.0
1782149700,30403.9,30444.4,30383.5,30441.4,286.0
1782149760,30440.9,30445.2,30422.7,30432.4,288.0
1782149820,30434.2,30435.4,30405.9,30433.5,286.0
1782149880,30433.1,30441.4,30393.2,30401.2,289.0
1782149940,30400.0,30416.9,30376.4,30408.7,281.0
1782150000,30409.4,30428.0,30402.6,30412.5,280.0
1782150060,30411.0,30411.0,30372.7,30383.4,282.0
1782150120,30382.2,30390.0,30367.9,30377.0,278.0
1782150180,30376.5,30381.4,30341.7,30355.1,282.0
1782150240,30355.5,30355.5,30327.2,30339.2,278.0
1782150300,30338.2,30377.4,30336.2,30356.2,288.0
1782150360,30356.2,30392.2,30348.6,30386.7,292.0
1782150420,30384.7,30395.1,30342.7,30350.4,281.0
1782150480,30350.1,30371.7,30341.6,30359.0,288.0
1782150540,30361.0,30361.0,30329.4,30343.6,280.0
1782150600,30344.6,30368.6,30336.2,30337.6,288.0
1782150660,30337.9,30357.0,30318.2,30336.7,288.0
1782150720,30337.7,30360.4,30329.9,30350.4,282.0
1782150780,30348.9,30350.9,30329.6,30340.2,273.0
1782150840,30340.4,30342.1,30273.1,30291.6,280.0
1782150900,30292.9,30302.4,30259.6,30281.0,280.0
1782150960,30282.4,30311.9,30281.5,30308.1,276.0
1782151020,30309.2,30336.1,30308.7,30334.4,277.0
1782151080,30334.7,30363.6,30332.4,30353.4,274.0
1782151140,30352.7,30367.1,30349.4,30352.6,272.0
1782151200,30353.0,30385.9,30342.7,30376.9,270.0
1782151260,30376.1,30391.1,30376.1,30383.1,257.0
1782151320,30383.5,30392.6,30372.1,30387.1,278.0
1782151380,30387.6,30392.7,30375.6,30380.6,273.0
1782151440,30380.5,30388.2,30372.1,30381.1,274.0
1782151500,30379.6,30382.9,30345.9,30351.4,280.0
1782151560,30353.5,30354.2,30324.7,30328.4,282.0
1782151620,30329.4,30347.0,30317.1,30337.4,278.0
1782151680,30337.4,30367.6,30337.4,30366.4,282.0
1782151740,30366.4,30372.7,30344.9,30354.6,275.0
1782151800,30353.1,30361.2,30336.0,30337.0,282.0
1782151860,30337.0,30370.7,30336.9,30366.9,272.0
1782151920,30366.1,30372.9,30352.4,30371.1,276.0
1782151980,30372.2,30375.4,30352.0,30361.0,277.0
1782152040,30361.1,30363.9,30331.6,30341.7,277.0
1782152100,30342.1,30361.1,30335.0,30335.9,279.0
1782152160,30335.6,30352.9,30330.4,30351.2,279.0
1782152220,30349.9,30354.5,30325.7,30349.9,279.0
1782152280,30350.0,30368.4,30338.9,30340.1,263.0
1782152340,30340.1,30347.1,30305.6,30319.9,280.0
1782152400,30320.5,30327.4,30302.5,30319.0,276.0
1782152460,30315.4,30341.1,30315.4,30334.2,273.0
1782152520,30333.0,30350.4,30320.1,30320.9,280.0
1782152580,30319.0,30346.5,30315.1,30346.5,269.0
1782152640,30347.1,30357.5,30337.4,30346.9,275.0
1782152700,30345.5,30361.9,30324.5,30343.6,271.0
1782152760,30343.7,30350.1,30319.2,30335.1,290.0
1782152820,30334.0,30349.2,30327.1,30339.1,279.0
1782152880,30339.6,30340.0,30309.4,30311.6,276.0
1782152940,30312.6,30324.1,30297.2,30312.5,253.0
1782153000,30313.5,30326.7,30302.4,30317.0,278.0
1782153060,30318.2,30328.1,30306.6,30322.1,270.0
1782153120,30321.9,30331.1,30301.1,30311.0,264.0
1782153180,30311.5,30345.0,30301.4,30332.4,271.0
1782153240,30334.5,30343.6,30309.4,30310.1,275.0
1782153300,30314.1,30315.6,30290.2,30312.6,280.0
1782153360,30312.1,30331.4,30311.0,30321.7,274.0
1782153420,30321.1,30328.6,30300.2,30314.1,274.0
1782153480,30314.1,30323.2,30308.2,30310.2,275.0
1782153540,30310.7,30325.0,30305.1,30321.2,274.0
1782153600,30321.1,30352.5,30321.1,30352.5,255.0
1782153660,30352.5,30365.1,30349.4,30361.9,255.0
1782153720,30362.1,30386.1,30361.5,30374.1,253.0
1782153780,30373.7,30375.5,30362.1,30372.1,252.0
1782153840,30372.5,30376.7,30359.5,30362.0,253.0
1782153900,30362.9,30387.1,30360.2,30385.7,255.0
1782153960,30385.4,30386.6,30365.0,30365.2,251.0
1782154020,30365.5,30365.5,30348.1,30350.1,271.0
1782154080,30350.2,30352.2,30331.7,30335.2,257.0
1782154140,30335.0,30335.0,30255.6,30260.9,280.0
1782154200,30268.9,30304.5,30268.9,30303.6,278.0
1782154260,30302.7,30314.9,30289.1,30299.2,269.0
1782154320,30298.5,30308.4,30288.2,30292.1,269.0
1782154380,30291.6,30295.1,30275.9,30281.4,268.0
1782154440,30280.2,30293.6,30264.9,30266.6,275.0
1782154500,30266.5,30296.5,30258.2,30288.4,280.0
1782154560,30289.4,30304.9,30274.6,30276.6,265.0
1782154620,30277.4,30289.2,30273.4,30282.9,274.0
1782154680,30283.4,30289.7,30261.1,30276.5,266.0
1782154740,30276.2,30287.4,30262.7,30270.4,269.0
1782154800,30271.1,30282.4,30255.5,30276.6,269.0
1782154860,30276.9,30276.9,30235.4,30250.7,281.0
1782154920,30251.9,30262.1,30236.1,30242.5,268.0
1782154980,30242.6,30242.6,30220.1,30223.9,277.0
1782155040,30225.4,30237.0,30218.1,30232.1,288.0
1782155100,30231.4,30247.2,30224.4,30232.6,273.0
1782155160,30232.9,30242.5,30220.5,30236.1,273.0
1782155220,30235.2,30250.7,30235.2,30247.2,273.0
1782155280,30247.4,30259.0,30241.7,30251.5,275.0
1782155340,30251.6,30267.4,30250.4,30263.6,269.0
1782155400,30264.1,30284.6,30261.6,30276.1,270.0
1782155460,30275.6,30285.4,30263.6,30275.4,259.0
1782155520,30274.4,30283.1,30262.1,30277.7,263.0
1782155580,30278.5,30292.7,30274.4,30287.4,261.0
1782155640,30287.4,30299.9,30281.1,30294.1,259.0
1782155700,30293.6,30299.5,30276.0,30278.7,260.0
1782155760,30278.5,30289.7,30276.9,30277.4,258.0
1782155820,30277.6,30291.4,30272.1,30283.6,246.0
1782155880,30283.6,30286.0,30267.4,30284.7,264.0
1782155940,30284.7,30297.9,30275.9,30297.9,253.0
1782156000,30297.5,30322.6,30295.5,30322.6,261.0
1782156060,30322.4,30328.9,30315.4,30317.2,262.0
1782156120,30317.7,30317.7,30273.6,30284.0,263.0
1782156180,30283.9,30304.4,30283.9,30290.6,269.0
1782156240,30290.4,30292.7,30277.6,30285.9,267.0
1782156300,30285.6,30293.7,30276.6,30287.6,271.0
1782156360,30286.4,30291.2,30272.9,30275.7,264.0
1782156420,30275.6,30279.9,30266.7,30275.2,270.0
1782156480,30274.6,30300.6,30270.5,30300.6,256.0
1782156540,30300.6,30305.7,30295.4,30303.7,256.0
1782156600,30303.0,30304.1,30288.7,30295.6,269.0
1782156660,30295.2,30301.7,30290.5,30297.2,261.0
1782156720,30297.4,30297.4,30267.0,30272.7,275.0
1782156780,30271.5,30278.7,30270.4,30275.2,260.0
1782156840,30276.9,30278.5,30261.9,30263.9,264.0
1782156900,30264.1,30273.7,30247.5,30253.2,261.0
1782156960,30252.5,30264.2,30245.2,30262.1,274.0
1782157020,30261.5,30261.6,30247.0,30255.7,260.0
1782157080,30256.5,30257.1,30247.2,30249.7,262.0
1782157140,30249.9,30268.0,30247.2,30262.0,262.0
1782157200,30262.4,30270.2,30240.5,30243.0,253.0
1782157260,30242.2,30271.5,30242.2,30260.4,264.0
1782157320,30260.1,30269.6,30254.2,30266.1,253.0
1782157380,30266.6,30266.9,30244.1,30252.0,262.0
1782157440,30252.0,30262.7,30250.5,30257.4,259.0
1782157500,30258.1,30262.5,30241.0,30241.2,252.0
1782157560,30241.1,30258.7,30236.9,30258.7,269.0
1782157620,30258.7,30271.4,30256.2,30271.0,255.0
1782157680,30271.1,30280.1,30267.5,30274.5,264.0
1782157740,30275.0,30291.2,30266.7,30291.1,261.0
1782157800,30290.6,30304.5,30284.5,30301.7,252.0
1782157860,30301.2,30303.6,30291.0,30301.2,237.0
1782157920,30299.9,30309.0,30295.4,30303.7,247.0
1782157980,30304.0,30304.0,30292.1,30294.2,246.0
1782158040,30294.1,30309.2,30293.7,30306.2,243.0
1782158100,30306.5,30314.9,30295.0,30297.0,247.0
1782158160,30297.2,30299.4,30286.6,30294.7,265.0
1782158220,30294.9,30297.2,30280.9,30289.0,251.0
1782158280,30289.2,30316.1,30285.2,30301.1,253.0
1782158340,30301.2,30308.0,30297.9,30302.1,254.0
1782158400,30303.0,30306.4,30293.9,30303.2,247.0
1782158460,30303.2,30308.0,30297.0,30302.4,261.0
1782158520,30302.0,30302.5,30287.4,30294.6,247.0
1782158580,30294.6,30314.4,30292.2,30313.4,236.0
1782158640,30313.1,30315.7,30304.6,30305.5,245.0
1782158700,30305.0,30305.0,30276.7,30277.2,244.0
1782158760,30277.9,30278.6,30249.1,30260.6,263.0
1782158820,30261.0,30261.2,30247.1,30256.2,236.0
1782158880,30256.5,30265.0,30255.1,30256.5,258.0
1782158940,30256.5,30268.2,30254.4,30254.5,257.0
1782159000,30253.9,30268.4,30250.2,30265.4,236.0
1782159060,30264.6,30269.1,30256.0,30259.1,255.0
1782159120,30259.5,30271.1,30259.1,30270.9,261.0
1782159180,30271.0,30275.4,30262.5,30274.9,265.0
1782159240,30274.7,30281.7,30261.7,30281.6,249.0
1782159300,30281.5,30306.1,30281.0,30302.5,246.0
1782159360,30301.5,30306.5,30294.0,30299.5,232.0
1782159420,30299.0,30300.0,30289.0,30294.2,226.0
1782159480,30294.2,30309.0,30294.2,30306.5,223.0
1782159540,30306.7,30314.5,30300.7,30313.7,225.0
1782159600,30313.6,30324.5,30312.5,30315.0,219.0
1782159660,30314.7,30318.4,30302.5,30307.5,244.0
1782159720,30308.5,30314.2,30298.7,30302.2,246.0
1782159780,30302.1,30317.1,30300.1,30311.0,220.0
1782159840,30311.0,30320.2,30307.5,30315.5,231.0
1782159900,30315.5,30316.0,30307.0,30309.7,245.0
1782159960,30309.7,30318.7,30304.0,30318.7,242.0
1782160020,30318.6,30324.0,30312.7,30314.5,245.0
1782160080,30314.5,30323.5,30309.7,30316.7,219.0
1782160140,30316.9,30318.7,30309.0,30310.1,224.0
1782160200,30310.9,30319.1,30303.5,30315.6,236.0
1782160260,30315.5,30316.4,30306.7,30308.0,233.0
1782160320,30308.5,30309.4,30291.6,30297.4,248.0
1782160380,30297.1,30300.1,30287.7,30291.2,250.0
1782160440,30290.5,30304.5,30290.5,30300.0,246.0
1782160500,30300.0,30301.1,30287.1,30294.2,239.0
1782160560,30294.0,30294.7,30273.1,30277.5,237.0
1782160620,30277.1,30294.2,30277.1,30293.7,254.0
1782160680,30293.7,30303.7,30292.0,30297.0,233.0
1782160740,30296.9,30305.6,30290.7,30303.0,247.0
1782160800,30303.0,30311.6,30292.1,30298.2,243.0
1782160860,30298.7,30302.2,30293.2,30296.2,246.0
1782160920,30296.1,30302.5,30291.9,30297.2,251.0
1782160980,30296.9,30300.6,30289.6,30293.5,225.0
1782161040,30293.6,30299.2,30289.0,30296.0,233.0
1782161100,30295.0,30301.2,30288.1,30301.2,228.0
1782161160,30304.7,30311.4,30295.5,30311.2,223.0
1782161220,30311.0,30319.9,30308.7,30314.7,236.0
1782161280,30314.4,30323.5,30311.2,30315.5,229.0
1782161340,30315.5,30330.0,30313.0,30327.0,236.0
1782161400,30326.5,30341.2,30326.4,30337.0,224.0
1782161460,30337.0,30339.7,30322.7,30327.7,232.0
1782161520,30327.2,30345.1,30324.2,30343.7,233.0
1782161580,30344.2,30354.4,30342.2,30353.4,229.0
1782161640,30353.2,30363.6,30352.7,30356.0,228.0
1782161700,30356.2,30356.5,30349.2,30353.7,232.0
1782161760,30353.6,30362.1,30352.5,30361.2,227.0
1782161820,30361.0,30361.5,30346.9,30350.7,226.0
1782161880,30350.6,30351.9,30335.0,30342.0,253.0
1782161940,30341.7,30343.2,30327.9,30328.5,222.0
1782162000,30328.5,30338.0,30326.2,30335.7,259.0
1782162060,30335.2,30342.2,30329.0,30332.5,228.0
1782162120,30332.5,30341.0,30328.4,30335.0,235.0
1782162180,30335.9,30338.7,30316.0,30316.7,243.0
1782162240,30317.0,30330.7,30315.5,30328.5,242.0
1782162300,30328.5,30337.2,30328.0,30334.6,251.0
1782162360,30335.0,30346.4,30329.5,30342.2,231.0
1782162420,30342.2,30344.7,30338.2,30342.1,190.0
1782162480,30342.4,30348.4,30339.1,30342.2,218.0
1782162540,30342.4,30345.0,30339.4,30345.0,216.0
1782162600,30344.5,30351.2,30344.5,30350.2,220.0
1782162660,30350.1,30352.2,30333.0,30334.2,232.0
1782162720,30333.5,30341.2,30328.6,30338.0,206.0
1782162780,30337.7,30345.5,30337.2,30343.5,192.0
1782162840,30343.1,30347.4,30338.5,30339.5,202.0
1782162900,30340.0,30353.2,30340.0,30348.5,214.0
1782162960,30348.6,30363.4,30348.6,30358.6,206.0
1782163020,30358.6,30363.0,30352.0,30355.0,226.0
1782163080,30355.1,30364.4,30353.2,30359.5,215.0
1782163140,30359.6,30361.9,30349.7,30354.4,211.0
1782163200,30354.2,30376.7,30352.5,30372.2,242.0
1782163260,30371.5,30375.7,30367.7,30368.5,240.0
1782163320,30368.6,30371.4,30356.0,30362.6,216.0
1782163380,30361.6,30363.0,30354.6,30356.2,225.0
1782163440,30356.2,30361.2,30355.5,30357.6,202.0
1782163500,30357.2,30360.2,30353.0,30355.4,222.0
1782163560,30355.5,30356.5,30329.7,30335.5,236.0
1782163620,30335.7,30344.2,30331.1,30341.2,225.0
1782163680,30341.2,30342.5,30333.7,30337.2,224.0
1782163740,30337.0,30343.9,30333.5,30341.5,221.0
1782163800,30341.2,30356.1,30341.2,30354.9,227.0
1782163860,30354.6,30360.5,30350.9,30356.6,219.0
1782163920,30356.2,30359.5,30342.1,30348.7,214.0
1782163980,30348.9,30356.2,30339.2,30341.0,217.0
1782164040,30340.9,30343.2,30332.2,30339.2,233.0
1782164100,30339.0,30339.9,30332.7,30336.2,204.0
1782164160,30336.2,30343.2,30330.6,30340.7,226.0
1782164220,30340.7,30346.5,30337.2,30339.0,234.0
1782164280,30339.1,30348.2,30337.1,30338.2,204.0
1782164340,30338.5,30341.5,30325.0,30327.2,212.0
1782164400,30326.0,30330.6,30320.5,30322.2,234.0
1782164460,30322.9,30325.5,30316.0,30319.5,225.0
1782164520,30319.6,30324.9,30313.1,30317.7,229.0
1782164580,30318.0,30319.1,30306.7,30311.7,218.0
1782164640,30312.0,30312.0,30294.5,30296.0,249.0
1782164700,30297.5,30305.1,30288.6,30302.4,255.0
1782164760,30301.7,30307.7,30296.6,30304.7,235.0
1782164820,30305.0,30318.0,30303.1,30315.4,234.0
1782164880,30316.2,30316.2,30308.0,30311.5,232.0
1782164940,30311.7,30318.0,30311.1,30314.7,219.0
1782165000,30314.7,30318.7,30305.5,30308.7,221.0
1782165060,30308.5,30312.2,30299.5,30304.7,227.0
1782165120,30304.2,30305.0,30277.0,30278.5,256.0
1782165180,30282.0,30289.2,30271.0,30285.0,250.0
1782165240,30284.7,30292.0,30269.5,30289.0,241.0
1782165300,30288.7,30289.1,30276.0,30276.6,237.0
1782165360,30276.7,30284.0,30270.0,30281.0,241.0
1782165420,30280.2,30286.2,30273.0,30274.0,235.0
1782165480,30274.1,30279.7,30268.0,30268.5,242.0
1782165540,30268.5,30276.7,30264.7,30272.2,240.0
1782165600,30276.4,30280.7,30267.7,30271.0,259.0
1782165660,30270.9,30281.9,30267.5,30281.7,245.0
1782165720,30281.4,30302.0,30280.4,30302.0,244.0
1782165780,30302.4,30310.4,30300.1,30305.2,246.0
1782165840,30305.0,30306.2,30298.9,30300.1,232.0
1782165900,30299.2,30302.2,30283.2,30290.5,226.0
1782165960,30292.0,30293.2,30282.4,30286.2,227.0
1782166020,30286.2,30286.5,30261.0,30262.5,234.0
1782166080,30262.2,30266.2,30248.2,30264.0,245.0
1782166140,30264.0,30282.5,30263.7,30273.7,241.0
1782166200,30273.7,30280.7,30263.5,30264.7,240.0
1782166260,30265.0,30294.4,30263.0,30287.0,256.0
1782166320,30287.6,30300.0,30283.2,30289.7,251.0
1782166380,30289.9,30296.2,30283.4,30285.2,220.0
1782166440,30285.7,30294.7,30282.2,30288.0,219.0
1782166500,30288.0,30293.5,30276.6,30283.0,243.0
1782166560,30282.6,30289.0,30276.1,30281.6,235.0
1782166620,30281.5,30290.7,30275.2,30287.1,253.0
1782166680,30287.7,30295.0,30284.9,30293.2,236.0
1782166740,30293.2,30301.5,30291.7,30296.0,234.0
1782166800,30295.7,30300.6,30286.5,30287.0,241.0
1782166860,30287.7,30290.2,30270.4,30273.2,246.0
1782166920,30273.5,30275.7,30264.4,30265.0,237.0
1782166980,30265.0,30273.0,30264.9,30270.5,224.0
1782167040,30271.6,30279.7,30267.2,30276.0,236.0
1782167100,30277.4,30283.0,30268.1,30270.2,238.0
1782167160,30271.2,30276.7,30264.0,30270.0,250.0
1782167220,30270.5,30276.4,30265.2,30269.7,237.0
1782167280,30270.0,30279.2,30269.2,30274.0,222.0
1782167340,30274.4,30277.0,30265.6,30266.1,225.0
1782167400,30265.9,30284.2,30265.9,30284.0,247.0
1782167460,30284.5,30291.5,30281.5,30287.2,243.0
1782167520,30287.7,30307.7,30283.0,30305.0,240.0
1782167580,30303.5,30311.6,30299.6,30305.5,239.0
1782167640,30305.0,30306.0,30297.2,30298.7,233.0
1782167700,30299.2,30300.6,30289.2,30290.0,249.0
1782167760,30289.5,30296.6,30284.7,30290.5,242.0
1782167820,30290.5,30300.0,30289.2,30292.7,225.0
1782167880,30292.7,30301.7,30290.6,30299.7,234.0
1782167940,30300.0,30304.0,30293.2,30294.4,223.0
1782168000,30294.4,30298.2,30285.6,30296.0,246.0
1782168060,30295.7,30302.2,30288.2,30293.1,233.0
1782168120,30292.2,30300.0,30280.5,30281.7,228.0
1782168180,30281.7,30288.0,30278.2,30282.0,232.0
1782168240,30282.0,30283.0,30274.2,30277.7,244.0
1782168300,30278.0,30291.4,30277.2,30284.0,248.0
1782168360,30284.2,30295.1,30275.9,30294.4,246.0
1782168420,30294.5,30312.7,30291.7,30307.0,233.0
1782168480,30306.5,30306.5,30292.0,30295.5,243.0
1782168540,30295.5,30304.0,30292.5,30303.6,229.0
1782168600,30301.7,30354.0,30301.7,30349.9,264.0
1782168660,30348.4,30362.0,30338.7,30356.1,266.0
1782168720,30354.7,30358.7,30341.6,30351.7,259.0
1782168780,30351.6,30355.2,30342.4,30354.1,254.0
1782168840,30354.9,30358.0,30334.0,30340.4,259.0
1782168900,30345.1,30362.0,30343.6,30347.0,269.0
1782168960,30346.7,30346.7,30327.9,30330.2,253.0
1782169020,30331.1,30350.6,30331.1,30349.6,264.0
1782169080,30351.5,30359.2,30346.4,30355.6,259.0
1782169140,30355.6,30385.4,30351.7,30364.9,256.0
1782169200,30367.1,30374.2,30357.5,30370.6,262.0
1782169260,30370.6,30386.4,30369.4,30380.6,236.0
1782169320,30380.6,30391.1,30379.9,30384.5,248.0
1782169380,30384.1,30384.1,30374.7,30381.0,200.0
1782169440,30381.1,30381.4,30375.1,30375.1,183.0
1782169500,30375.4,30378.1,30367.2,30369.7,184.0
1782169560,30369.7,30370.2,30357.1,30359.4,186.0
1782169620,30358.9,30364.1,30355.5,30358.7,149.0
1782169680,30358.0,30361.7,30356.6,30359.6,169.0
1782169740,30357.4,30360.2,30355.4,30358.0,178.0
1782169800,30358.0,30363.2,30355.7,30361.4,170.0
1782169860,30361.4,30363.0,30356.0,30356.5,146.0
1782169920,30356.2,30364.7,30353.9,30361.5,171.0
1782169980,30361.7,30365.6,30359.5,30364.2,158.0
1782170040,30364.0,30369.4,30363.7,30366.0,189.0
1782170100,30367.1,30368.7,30362.2,30366.2,166.0
1782170160,30366.5,30371.4,30365.5,30371.4,158.0
1782170220,30371.2,30376.4,30371.2,30375.2,172.0
1782170280,30375.2,30379.2,30375.0,30377.7,151.0
1782170340,30378.0,30387.2,30378.0,30384.7,131.0
1782170400,30384.7,30385.0,30381.5,30381.7,147.0
1782170460,30381.6,30382.5,30375.5,30375.5,145.0
1782170520,30375.6,30376.4,30371.9,30373.0,152.0
1782170580,30373.1,30375.9,30372.0,30373.9,144.0
1782170640,30374.2,30374.5,30370.9,30371.7,112.0
1782170700,30372.4,30372.5,30365.0,30369.7,134.0
1782170760,30369.7,30370.2,30366.0,30368.7,123.0
1782170820,30368.7,30368.7,30363.1,30364.1,133.0
1782170880,30364.0,30364.5,30359.4,30360.7,122.0
1782170940,30360.9,30362.2,30359.0,30362.2,128.0
1782171000,30362.2,30366.1,30361.0,30364.5,112.0
1782171060,30364.5,30366.2,30361.7,30366.1,106.0
1782171120,30366.0,30369.2,30364.1,30367.7,100.0
1782171180,30367.9,30370.1,30366.9,30368.7,114.0
1782171240,30368.9,30370.0,30364.4,30364.4,99.0
1782171300,30364.4,30367.5,30363.5,30364.0,97.0
1782171360,30364.0,30369.4,30364.0,30367.5,96.0
1782171420,30367.9,30370.1,30365.2,30365.2,109.0
1782171480,30365.2,30369.2,30365.2,30368.4,112.0
1782171540,30368.4,30368.6,30365.1,30366.2,105.0
1782171600,30366.7,30369.2,30366.2,30369.0,83.0
1782171660,30370.0,30370.1,30367.7,30368.4,108.0
1782171720,30368.2,30370.9,30367.7,30370.0,88.0
1782171780,30369.7,30371.5,30369.2,30369.2,79.0
1782171840,30369.2,30371.4,30369.0,30370.7,123.0
1782171900,30370.6,30370.6,30366.2,30368.7,104.0
1782171960,30368.7,30370.4,30367.5,30370.0,72.0
1782172020,30370.1,30372.9,30367.7,30368.1,107.0
1782172080,30367.9,30370.9,30367.6,30368.2,88.0
1782172140,30368.2,30371.2,30368.2,30371.2,102.0
1782172200,30371.2,30372.0,30367.2,30368.9,94.0
1782172260,30368.9,30369.2,30364.7,30365.2,109.0
1782172320,30365.2,30367.5,30364.9,30365.2,83.0
1782172380,30365.2,30366.4,30362.1,30362.4,106.0
1782172440,30362.4,30366.4,30362.4,30365.5,83.0
1782172500,30365.5,30368.9,30364.6,30367.9,85.0
1782172560,30368.1,30369.9,30367.5,30369.1,65.0
1782172620,30369.2,30369.7,30366.7,30368.1,90.0
1782172680,30368.1,30386.0,30366.9,30383.2,126.0
1782172740,30355.5,30357.7,30347.2,30349.2,127.0
1782176400,30370.8,30390.1,30363.5,30381.3,185.0
1782176460,30380.8,30413.3,30380.8,30412.1,174.0
1782176520,30412.0,30416.2,30409.1,30410.5,162.0
1782176580,30410.5,30411.5,30394.6,30398.7,139.0
1782176640,30398.7,30402.5,30391.1,30394.1,101.0
1782176700,30392.5,30402.8,30382.8,30386.6,144.0
1782176760,30386.6,30393.7,30378.6,30381.3,119.0
1782176820,30380.8,30381.2,30373.6,30377.8,119.0
1782176880,30377.6,30378.0,30366.7,30372.3,122.0
1782176940,30372.3,30387.3,30372.2,30386.7,133.0
1782177000,30387.1,30387.3,30380.3,30380.7,113.0
1782177060,30380.7,30386.6,30373.8,30385.3,105.0
1782177120,30385.3,30387.1,30384.1,30384.1,67.0
1782177180,30384.1,30384.8,30380.5,30381.5,56.0
1782177240,30381.5,30381.6,30377.3,30380.6,61.0
1782177300,30381.6,30384.1,30378.6,30379.0,58.0
1782177360,30379.1,30384.7,30378.0,30383.7,65.0
1782177420,30383.7,30386.3,30379.6,30380.3,74.0
1782177480,30380.3,30385.1,30378.1,30382.1,87.0
1782177540,30382.0,30384.2,30379.7,30381.5,55.0
1782177600,30381.5,30382.7,30375.3,30375.6,63.0
1782177660,30375.5,30386.6,30374.3,30385.0,78.0
1782177720,30385.1,30386.5,30379.0,30382.3,67.0
1782177780,30382.3,30391.1,30382.3,30387.3,100.0
1782177840,30387.0,30390.2,30385.0,30386.2,83.0
1782177900,30386.2,30386.7,30383.7,30385.7,43.0
1782177960,30385.7,30386.7,30380.6,30382.2,65.0
1782178020,30382.2,30382.7,30378.0,30378.1,61.0
1782178080,30378.0,30378.1,30366.8,30367.0,104.0
1782178140,30366.3,30368.2,30352.5,30358.2,143.0
1782178200,30358.3,30361.1,30349.2,30350.6,151.0
1782178260,30349.7,30351.6,30337.0,30338.3,166.0
1782178320,30338.7,30339.7,30333.2,30336.1,126.0
1782178380,30336.5,30337.0,30328.6,30332.3,109.0
1782178440,30332.3,30332.3,30319.2,30321.0,155.0
1782178500,30321.0,30324.7,30313.3,30313.8,130.0
1782178560,30314.7,30315.0,30301.6,30305.6,170.0
1782178620,30305.6,30312.0,30290.1,30295.8,157.0
1782178680,30296.1,30300.8,30293.6,30299.8,121.0
1782178740,30299.8,30314.8,30299.6,30312.8,127.0
1782178800,30312.6,30315.6,30298.5,30303.1,144.0
1782178860,30303.1,30306.8,30301.6,30306.8,95.0
1782178920,30307.0,30308.7,30298.6,30306.5,97.0
1782178980,30306.3,30306.3,30301.0,30303.7,79.0
1782179040,30303.7,30303.7,30286.5,30291.2,152.0
1782179100,30291.6,30302.1,30290.7,30293.2,96.0
1782179160,30293.0,30294.6,30284.6,30289.0,134.0
1782179220,30289.0,30291.8,30286.2,30291.8,94.0
1782179280,30291.5,30300.8,30290.6,30300.8,104.0
1782179340,30300.8,30306.1,30299.0,30304.7,116.0
1782179400,30304.7,30306.0,30302.1,30304.3,109.0
1782179460,30304.3,30307.3,30298.6,30305.1,114.0
1782179520,30305.1,30305.1,30298.6,30301.0,83.0
1782179580,30300.8,30302.6,30297.3,30299.8,84.0
1782179640,30300.0,30309.7,30299.3,30308.0,73.0
1782179700,30307.5,30310.7,30303.3,30306.2,118.0
1782179760,30306.2,30308.8,30303.5,30304.3,82.0
1782179820,30304.3,30307.3,30298.0,30304.8,104.0
1782179880,30304.8,30307.1,30303.5,30304.3,71.0
1782179940,30304.3,30304.5,30299.6,30299.6,91.0
1782180000,30299.6,30299.8,30293.1,30296.5,128.0
1782180060,30297.1,30304.8,30297.1,30304.0,94.0
1782180120,30304.1,30304.1,30296.0,30296.0,98.0
1782180180,30296.0,30296.7,30282.1,30289.5,144.0
1782180240,30289.5,30296.0,30288.7,30291.3,109.0
1782180300,30291.2,30292.6,30287.0,30289.1,89.0
1782180360,30289.1,30296.2,30288.8,30296.2,93.0
1782180420,30296.2,30296.2,30286.6,30294.2,78.0
1782180480,30294.1,30295.3,30289.1,30289.7,75.0
1782180540,30289.7,30297.0,30287.0,30296.2,78.0
1782180600,30296.0,30296.8,30286.0,30288.6,63.0
1782180660,30288.6,30290.1,30281.8,30282.7,80.0
1782180720,30283.3,30286.0,30281.5,30283.7,105.0
1782180780,30283.7,30284.7,30275.8,30277.3,94.0
1782180840,30277.3,30280.1,30274.1,30276.3,84.0
1782180900,30276.6,30276.8,30264.3,30268.7,116.0
1782180960,30268.7,30272.6,30266.0,30270.2,86.0
1782181020,30270.2,30274.2,30267.0,30273.5,91.0
1782181080,30273.5,30273.6,30265.2,30265.7,81.0
1782181140,30265.8,30268.6,30265.1,30266.3,68.0
1782181200,30266.3,30272.7,30262.8,30272.7,97.0
1782181260,30272.7,30276.6,30271.8,30276.1,106.0
1782181320,30276.3,30276.3,30269.8,30272.8,69.0
1782181380,30272.8,30281.8,30270.8,30274.0,82.0
1782181440,30274.0,30277.0,30272.5,30276.6,86.0
1782181500,30276.5,30279.0,30273.1,30273.6,74.0
1782181560,30271.7,30283.2,30271.7,30281.5,88.0
1782181620,30281.7,30287.5,30281.7,30285.8,131.0
1782181680,30285.7,30289.3,30284.0,30287.1,90.0
1782181740,30287.1,30290.8,30286.7,30288.7,86.0
1782181800,30289.2,30292.1,30284.6,30291.1,87.0
1782181860,30291.1,30291.2,30287.3,30290.3,71.0
1782181920,30290.3,30292.3,30287.8,30290.2,65.0
1782181980,30290.2,30290.3,30284.3,30286.1,76.0
1782182040,30286.0,30286.0,30282.6,30285.0,79.0
1782182100,30285.0,30293.1,30285.0,30293.0,77.0
1782182160,30293.0,30293.0,30285.3,30286.7,76.0
1782182220,30286.7,30290.2,30284.3,30289.3,75.0
1782182280,30289.3,30289.3,30280.3,30282.2,92.0
1782182340,30282.2,30282.3,30277.3,30279.8,96.0
1782182400,30279.8,30282.0,30278.2,30281.1,72.0
1782182460,30281.1,30289.0,30280.8,30289.0,68.0
1782182520,30289.0,30289.0,30284.3,30285.5,58.0
1782182580,30285.5,30289.6,30285.0,30287.3,55.0
1782182640,30287.3,30291.3,30287.1,30290.2,62.0
1782182700,30290.6,30295.1,30281.7,30286.0,157.0
1782182760,30286.0,30286.0,30274.7,30277.8,168.0
1782182820,30277.6,30277.6,30268.5,30274.1,134.0
1782182880,30273.8,30280.7,30273.6,30279.8,130.0
1782182940,30278.6,30278.6,30264.2,30271.3,126.0
1782183000,30271.3,30274.0,30265.1,30265.7,127.0
1782183060,30265.3,30267.0,30263.5,30263.5,113.0
1782183120,30263.5,30268.3,30258.2,30267.8,110.0
1782183180,30267.8,30276.5,30264.2,30275.0,157.0
1782183240,30275.0,30280.5,30273.5,30276.6,145.0
1782183300,30276.5,30286.7,30272.5,30286.1,148.0
1782183360,30286.1,30286.3,30282.3,30282.5,122.0
1782183420,30282.5,30285.2,30280.8,30282.8,109.0
1782183480,30283.0,30283.8,30278.7,30281.0,129.0
1782183540,30281.0,30295.2,30281.0,30293.3,173.0
1782183600,30292.5,30315.2,30289.6,30305.3,251.0
1782183660,30306.1,30319.1,30297.0,30298.2,240.0
1782183720,30298.3,30304.7,30295.5,30299.2,216.0
1782183780,30298.0,30315.5,30298.0,30303.1,225.0
1782183840,30303.1,30311.2,30300.0,30307.7,200.0
1782183900,30307.1,30310.8,30296.2,30309.6,220.0
1782183960,30309.6,30313.7,30289.2,30294.7,238.0
1782184020,30294.7,30300.6,30290.6,30296.3,225.0
1782184080,30295.2,30295.2,30277.3,30279.1,232.0
1782184140,30279.0,30288.6,30277.3,30277.3,195.0
1782184200,30278.0,30279.8,30269.2,30277.1,225.0
1782184260,30277.2,30278.8,30261.5,30261.6,221.0
1782184320,30261.7,30262.5,30238.7,30247.5,234.0
1782184380,30247.6,30256.2,30241.3,30246.2,214.0
1782184440,30246.5,30246.5,30235.8,30237.5,199.0
1782184500,30237.7,30261.0,30237.7,30259.8,228.0
1782184560,30260.3,30262.5,30233.5,30234.1,215.0
1782184620,30234.5,30236.7,30227.3,30231.8,206.0
1782184680,30232.0,30240.5,30225.5,30237.1,210.0
1782184740,30237.2,30237.6,30223.2,30224.8,194.0
1782184800,30224.7,30227.3,30222.5,30223.0,182.0
1782184860,30222.8,30224.8,30209.0,30211.7,225.0
1782184920,30212.6,30218.2,30198.7,30204.2,246.0
1782184980,30204.1,30214.0,30191.0,30191.1,248.0
1782185040,30191.1,30198.0,30178.7,30183.7,220.0
1782185100,30185.0,30200.7,30182.7,30200.2,252.0
1782185160,30199.8,30222.7,30199.0,30220.8,228.0
1782185220,30219.8,30228.6,30211.2,30212.8,231.0
1782185280,30212.5,30215.5,30198.6,30201.0,229.0
1782185340,30200.8,30212.2,30199.0,30211.7,229.0
1782185400,30212.7,30218.7,30199.3,30218.7,238.0
1782185460,30219.2,30239.1,30218.6,30234.6,238.0
1782185520,30235.0,30244.0,30235.0,30240.5,226.0
1782185580,30240.5,30247.3,30230.0,30244.6,235.0
1782185640,30244.7,30251.1,30237.5,30242.8,224.0
1782185700,30243.1,30244.8,30232.6,30233.7,223.0
1782185760,30234.3,30237.0,30227.8,30230.6,220.0
1782185820,30231.0,30236.3,30228.0,30233.1,217.0
1782185880,30234.6,30256.1,30231.6,30256.1,231.0
1782185940,30255.5,30274.8,30254.6,30270.5,237.0
1782186000,30270.6,30275.2,30265.3,30267.5,235.0
1782186060,30266.8,30281.8,30265.6,30281.7,238.0
1782186120,30280.7,30284.6,30268.8,30272.5,227.0
1782186180,30272.8,30293.6,30272.6,30290.8,234.0
1782186240,30291.5,30323.7,30291.5,30322.7,247.0
1782186300,30323.2,30352.5,30319.3,30344.0,271.0
1782186360,30343.7,30349.2,30320.1,30321.7,268.0
1782186420,30321.0,30330.8,30312.6,30329.3,250.0
1782186480,30329.5,30342.3,30326.7,30336.7,240.0
1782186540,30337.2,30338.7,30324.7,30331.2,249.0
1782186600,30331.3,30334.5,30325.8,30328.0,237.0
1782186660,30327.3,30331.6,30317.0,30320.7,233.0
1782186720,30320.8,30331.0,30318.6,30320.3,235.0
1782186780,30320.8,30321.6,30313.5,30317.0,222.0
1782186840,30317.1,30325.3,30314.8,30316.2,234.0
1782186900,30316.5,30317.1,30306.5,30309.0,209.0
1782186960,30309.0,30311.7,30304.1,30308.7,210.0
1782187020,30308.5,30319.5,30304.6,30315.3,220.0
1782187080,30315.2,30325.7,30313.5,30316.5,231.0
1782187140,30316.6,30319.3,30309.5,30318.3,237.0
1782187200,30319.0,30332.8,30315.2,30321.6,260.0
1782187260,30321.3,30326.1,30312.1,30313.6,257.0
1782187320,30313.3,30313.8,30304.1,30311.3,246.0
1782187380,30311.3,30329.6,30308.5,30327.6,251.0
1782187440,30326.0,30333.0,30320.8,30328.1,232.0
1782187500,30327.6,30331.5,30317.8,30326.7,213.0
1782187560,30326.8,30326.8,30299.7,30303.3,231.0
1782187620,30303.3,30311.1,30298.6,30310.1,245.0
1782187680,30310.1,30331.3,30310.1,30321.2,240.0
1782187740,30320.8,30329.0,30318.3,30320.7,253.0
1782187800,30320.1,30323.2,30312.3,30322.5,242.0
1782187860,30322.6,30332.7,30320.1,30329.2,255.0
1782187920,30329.1,30333.0,30326.1,30328.1,222.0
1782187980,30327.5,30328.1,30311.6,30313.0,230.0
1782188040,30312.6,30314.1,30300.8,30302.5,223.0
1782188100,30301.2,30311.3,30295.6,30301.1,252.0
1782188160,30301.0,30303.8,30288.5,30293.0,242.0
1782188220,30293.0,30294.7,30282.3,30289.5,252.0
1782188280,30289.6,30294.3,30280.2,30287.1,249.0
1782188340,30286.6,30291.6,30274.2,30284.3,237.0
1782188400,30283.7,30291.5,30277.5,30278.5,247.0
1782188460,30278.6,30283.7,30272.5,30279.2,242.0
1782188520,30279.0,30293.6,30279.0,30284.8,234.0
1782188580,30286.0,30287.0,30272.8,30276.3,216.0
1782188640,30276.6,30277.2,30267.8,30269.1,231.0
1782188700,30269.7,30284.5,30269.2,30283.1,236.0
1782188760,30282.1,30292.0,30281.7,30291.8,258.0
1782188820,30291.8,30298.1,30282.6,30284.7,240.0
1782188880,30284.8,30285.5,30276.0,30282.0,223.0
1782188940,30281.7,30287.1,30279.2,30282.5,229.0
1782189000,30283.1,30289.8,30272.3,30272.7,266.0
1782189060,30272.8,30280.0,30272.5,30273.1,213.0
1782189120,30272.8,30274.5,30261.0,30265.0,239.0
1782189180,30265.0,30266.8,30251.3,30260.5,237.0
1782189240,30259.7,30259.7,30234.5,30236.3,239.0
1782189300,30237.6,30239.7,30218.3,30218.7,237.0
1782189360,30218.6,30220.7,30204.3,30204.3,255.0
1782189420,30206.2,30222.2,30204.7,30205.7,258.0
1782189480,30205.6,30209.6,30194.0,30206.3,240.0
1782189540,30207.1,30219.8,30203.5,30217.7,253.0
1782189600,30217.5,30231.3,30215.3,30223.7,250.0
1782189660,30223.7,30234.2,30222.5,30232.3,259.0
1782189720,30232.2,30235.3,30202.6,30202.6,246.0
1782189780,30202.8,30205.1,30191.3,30198.0,260.0
1782189840,30198.2,30207.3,30183.5,30189.5,230.0
1782189900,30188.1,30189.5,30169.3,30177.7,254.0
1782189960,30177.6,30180.5,30163.3,30169.6,233.0
1782190020,30169.5,30177.8,30164.6,30173.2,235.0
1782190080,30173.5,30173.5,30158.0,30163.8,251.0
1782190140,30163.6,30173.7,30153.0,30158.7,240.0
1782190200,30159.7,30159.7,30124.0,30136.8,274.0
1782190260,30137.3,30172.1,30137.3,30168.6,254.0
1782190320,30168.6,30174.7,30158.0,30171.0,258.0
1782190380,30169.7,30178.6,30164.0,30176.0,241.0
1782190440,30175.8,30180.5,30169.1,30174.2,249.0
1782190500,30174.1,30174.1,30164.8,30171.7,249.0
1782190560,30171.5,30180.1,30167.2,30172.0,262.0
1782190620,30172.0,30195.6,30166.7,30191.3,254.0
1782190680,30191.3,30198.0,30180.6,30180.8,252.0
1782190740,30181.6,30184.5,30175.0,30177.2,245.0
1782190800,30179.6,30190.7,30168.6,30170.6,258.0
1782190860,30170.6,30173.5,30163.0,30168.0,250.0
1782190920,30168.6,30171.8,30160.0,30163.3,243.0
1782190980,30163.7,30170.0,30154.6,30170.0,247.0
1782191040,30170.0,30185.7,30165.3,30179.3,247.0
1782191100,30179.3,30179.7,30163.0,30163.3,251.0
1782191160,30163.2,30167.6,30151.2,30151.5,249.0
1782191220,30151.7,30153.5,30134.2,30135.6,249.0
1782191280,30135.6,30140.8,30123.3,30127.2,250.0
1782191340,30126.7,30134.7,30118.8,30134.6,235.0
1782191400,30134.3,30145.5,30128.6,30129.1,253.0
1782191460,30129.1,30134.1,30120.5,30134.1,249.0
1782191520,30134.6,30151.7,30132.3,30148.3,249.0
1782191580,30148.6,30156.5,30143.7,30143.7,240.0
1782191640,30144.0,30156.0,30144.0,30151.6,228.0
1782191700,30152.0,30169.8,30151.3,30169.1,234.0
1782191760,30169.0,30170.3,30156.0,30158.1,252.0
1782191820,30158.5,30159.6,30147.5,30154.7,243.0
1782191880,30156.1,30168.0,30154.8,30161.8,231.0
1782191940,30161.8,30176.0,30159.0,30169.2,218.0
1782192000,30169.7,30176.1,30162.2,30169.3,224.0
1782192060,30169.6,30178.7,30162.6,30178.5,215.0
1782192120,30178.3,30178.5,30168.2,30170.0,227.0
1782192180,30169.8,30170.7,30161.6,30165.5,210.0
1782192240,30166.0,30169.6,30161.5,30166.2,223.0
1782192300,30166.2,30173.7,30165.5,30166.0,234.0
1782192360,30167.2,30167.7,30159.3,30165.7,212.0
1782192420,30165.6,30179.8,30165.6,30177.7,234.0
1782192480,30179.2,30182.6,30174.3,30181.2,234.0
1782192540,30181.1,30181.8,30168.6,30172.6,216.0
1782192600,30173.0,30175.1,30163.2,30163.8,220.0
1782192660,30163.5,30169.8,30161.7,30162.2,223.0
1782192720,30162.2,30165.3,30158.0,30163.0,203.0
1782192780,30163.1,30166.2,30155.6,30160.0,207.0
1782192840,30160.0,30164.7,30150.0,30150.2,211.0
1782192900,30150.3,30162.5,30146.7,30146.8,204.0
1782192960,30145.0,30149.7,30142.5,30146.7,212.0
1782193020,30146.7,30153.2,30144.5,30152.1,192.0
1782193080,30152.1,30157.3,30149.1,30151.1,191.0
1782193140,30151.0,30153.7,30145.8,30149.5,193.0
1782193200,30149.7,30155.8,30142.5,30154.8,222.0
1782193260,30155.1,30156.6,30151.1,30154.3,200.0
1782193320,30154.3,30160.5,30149.2,30151.0,187.0
1782193380,30150.6,30150.6,30139.3,30143.6,195.0
1782193440,30143.6,30154.3,30142.6,30152.5,209.0
1782193500,30153.0,30156.5,30149.5,30152.3,215.0
1782193560,30152.2,30152.5,30128.2,30128.6,236.0
1782193620,30128.0,30129.8,30118.7,30121.7,248.0
1782193680,30121.8,30130.5,30121.8,30129.2,222.0
1782193740,30129.5,30134.7,30127.7,30132.6,223.0
1782193800,30132.7,30142.7,30127.5,30137.5,213.0
1782193860,30137.5,30146.2,30136.8,30138.8,219.0
1782193920,30138.3,30149.7,30136.7,30149.7,218.0
1782193980,30149.5,30149.7,30137.8,30143.1,204.0
1782194040,30142.7,30143.3,30129.7,30132.6,201.0
1782194100,30132.7,30141.2,30131.0,30137.8,195.0
1782194160,30137.6,30150.3,30137.6,30144.8,201.0
1782194220,30144.1,30145.5,30126.6,30127.7,190.0
1782194280,30127.6,30128.8,30117.7,30120.2,223.0
1782194340,30120.0,30124.6,30108.2,30122.3,228.0
1782194400,30122.3,30130.0,30109.6,30110.5,242.0
1782194460,30110.1,30116.1,30108.0,30108.7,238.0
1782194520,30108.7,30115.3,30105.7,30113.5,214.0
1782194580,30114.0,30122.5,30112.6,30114.6,224.0
1782194640,30114.7,30119.3,30110.8,30113.6,204.0
1782194700,30113.7,30114.1,30103.1,30106.8,212.0
1782194760,30107.0,30107.2,30091.6,30096.1,213.0
1782194820,30096.1,30102.3,30095.2,30099.5,200.0
1782194880,30098.5,30100.7,30094.6,30096.3,196.0
1782194940,30096.1,30097.3,30085.3,30085.3,220.0
1782195000,30085.5,30089.6,30080.5,30083.6,236.0
1782195060,30083.6,30085.7,30078.7,30080.5,214.0
1782195120,30080.6,30081.7,30074.8,30080.7,202.0
1782195180,30080.7,30092.7,30080.2,30088.3,213.0
1782195240,30088.7,30092.1,30082.1,30083.7,195.0
1782195300,30084.0,30086.0,30079.6,30080.7,203.0
1782195360,30081.0,30085.3,30074.3,30080.3,213.0
1782195420,30080.2,30096.2,30075.0,30096.2,178.0
1782195480,30096.1,30096.1,30087.7,30087.8,195.0
1782195540,30087.8,30090.2,30077.0,30078.0,211.0
1782195600,30078.3,30084.6,30076.3,30077.6,193.0
1782195660,30077.1,30080.6,30070.0,30077.5,221.0
1782195720,30077.3,30085.8,30076.2,30084.0,212.0
1782195780,30084.1,30086.2,30070.8,30071.7,188.0
1782195840,30072.1,30076.6,30070.8,30075.2,195.0
1782195900,30075.2,30081.3,30069.7,30079.8,192.0
1782195960,30079.8,30091.1,30079.5,30089.5,207.0
1782196020,30089.6,30091.7,30080.6,30080.6,220.0
1782196080,30079.5,30091.0,30077.5,30085.2,206.0
1782196140,30085.2,30085.8,30080.7,30083.6,182.0
1782196200,30082.5,30083.0,30069.1,30074.0,228.0
1782196260,30073.2,30073.2,30061.8,30062.5,216.0
1782196320,30063.2,30070.1,30055.7,30065.7,225.0
1782196380,30065.7,30081.5,30065.7,30070.0,220.0
1782196440,30069.7,30070.7,30053.3,30058.2,212.0
1782196500,30058.2,30062.5,30055.0,30058.0,243.0
1782196560,30058.0,30058.1,30044.5,30049.7,237.0
1782196620,30049.1,30052.7,30035.8,30038.5,219.0
1782196680,30038.8,30039.8,30030.3,30035.0,225.0
1782196740,30035.2,30045.1,30033.3,30038.5,244.0
1782196800,30038.7,30038.7,30020.7,30026.2,219.0
1782196860,30026.2,30030.0,30019.0,30027.5,228.0
1782196920,30027.5,30040.5,30024.5,30035.2,241.0
1782196980,30035.2,30040.6,30026.0,30040.5,239.0
1782197040,30041.1,30049.1,30038.2,30048.0,223.0
1782197100,30045.6,30056.6,30045.3,30048.0,232.0
1782197160,30047.0,30047.3,30030.2,30031.5,237.0
1782197220,30031.1,30043.6,30029.8,30043.5,214.0
1782197280,30043.5,30055.3,30038.5,30054.0,228.0
1782197340,30053.6,30059.2,30050.1,30054.7,211.0
1782197400,30054.7,30071.3,30053.5,30068.6,225.0
1782197460,30068.8,30071.0,30059.6,30070.0,208.0
1782197520,30070.0,30086.8,30068.2,30081.7,221.0
1782197580,30081.7,30092.0,30079.2,30091.6,206.0
1782197640,30091.5,30095.8,30091.3,30093.2,210.0
1782197700,30092.3,30099.6,30085.2,30095.3,217.0
1782197760,30095.2,30099.3,30091.6,30093.0,207.0
1782197820,30092.7,30100.7,30091.1,30098.0,235.0
1782197880,30097.5,30103.0,30093.2,30100.5,209.0
1782197940,30100.6,30119.0,30099.2,30117.5,216.0
1782198000,30118.6,30131.7,30116.1,30128.5,234.0
1782198060,30128.6,30129.2,30117.1,30123.3,218.0
1782198120,30122.6,30123.5,30114.8,30115.1,216.0
1782198180,30115.1,30117.6,30108.5,30109.8,205.0
1782198240,30109.8,30118.8,30109.8,30116.0,193.0
1782198300,30116.0,30116.8,30103.0,30104.1,215.0
1782198360,30104.1,30107.3,30095.3,30101.0,185.0
1782198420,30101.2,30104.1,30092.8,30094.1,181.0
1782198480,30094.3,30098.5,30086.7,30086.7,190.0
1782198540,30087.3,30088.3,30078.2,30079.6,205.0
1782198600,30079.7,30082.7,30069.7,30071.6,221.0
1782198660,30071.6,30077.8,30058.3,30059.6,218.0
1782198720,30060.0,30071.8,30053.5,30067.6,215.0
1782198780,30068.5,30076.7,30062.0,30074.8,205.0
1782198840,30074.2,30074.6,30067.8,30071.6,196.0
1782198900,30071.3,30071.7,30053.6,30053.6,206.0
1782198960,30051.2,30057.5,30044.0,30049.2,231.0
1782199020,30048.8,30050.7,30043.3,30047.5,206.0
1782199080,30047.5,30048.8,30036.2,30042.6,200.0
1782199140,30042.6,30045.5,30034.7,30038.2,199.0
1782199200,30038.2,30040.8,30034.1,30040.7,197.0
1782199260,30040.6,30040.8,30030.3,30031.6,203.0
1782199320,30031.8,30035.7,30023.8,30025.5,211.0
1782199380,30025.5,30033.7,30024.2,30029.7,188.0
1782199440,30029.7,30043.7,30029.7,30039.2,209.0
1782199500,30039.0,30044.6,30037.6,30042.7,203.0
1782199560,30043.1,30049.8,30040.7,30040.8,220.0
1782199620,30040.8,30046.7,30036.0,30036.5,189.0
1782199680,30036.7,30041.3,30035.0,30041.3,196.0
1782199740,30042.6,30054.3,30041.3,30047.8,188.0
1782199800,30047.3,30047.7,30031.7,30036.1,229.0
1782199860,30036.6,30037.0,30030.2,30033.1,200.0
1782199920,30033.1,30046.0,30031.5,30044.3,217.0
1782199980,30044.5,30045.3,30033.0,30035.7,208.0
1782200040,30036.2,30039.2,30029.2,30032.2,191.0
1782200100,30032.2,30034.5,30024.5,30026.3,201.0
1782200160,30026.5,30032.6,30022.2,30031.8,193.0
1782200220,30031.6,30040.1,30026.0,30035.5,213.0
1782200280,30035.5,30037.6,30022.3,30026.1,196.0
1782200340,30026.1,30030.5,30020.0,30026.5,197.0
1782200400,30026.6,30028.0,30019.7,30022.2,197.0
1782200460,30022.3,30023.3,30012.0,30015.7,185.0
1782200520,30015.6,30020.7,30012.7,30013.1,188.0
1782200580,30013.1,30013.5,30006.1,30008.7,196.0
1782200640,30008.7,30016.1,30004.3,30013.2,208.0
1782200700,30013.2,30021.7,30008.5,30008.6,189.0
1782200760,30008.1,30019.5,30004.7,30016.3,189.0
1782200820,30015.5,30016.1,30007.7,30009.7,193.0
1782200880,30009.2,30015.7,30006.1,30007.2,208.0
1782200940,30006.8,30009.1,30003.2,30004.2,206.0
1782201000,30005.6,30007.3,29995.8,30002.1,196.0
1782201060,30002.1,30002.1,29995.5,30000.1,179.0
1782201120,30000.3,30001.0,29982.6,29986.6,185.0
1782201180,29986.1,29989.1,29975.0,29985.2,217.0
1782201240,29984.7,29987.8,29962.0,29973.1,219.0
1782201300,29974.0,29974.0,29951.6,29959.2,212.0
1782201360,29960.0,29963.2,29953.2,29953.2,213.0
1782201420,29952.7,29962.8,29951.7,29955.1,213.0
1782201480,29954.8,29968.3,29948.6,29967.8,217.0
1782201540,29968.0,29968.0,29955.5,29959.1,232.0
1782201600,29960.1,29971.1,29953.5,29970.7,270.0
1782201660,29970.8,29976.7,29959.3,29968.0,241.0
1782201720,29967.3,29979.8,29967.1,29973.2,247.0
1782201780,29973.0,29980.7,29969.7,29974.8,243.0
1782201840,29975.3,29981.8,29974.7,29979.3,237.0
1782201900,29979.6,29984.8,29972.0,29982.7,231.0
1782201960,29983.2,29985.7,29973.3,29977.8,228.0
1782202020,29977.5,29982.2,29962.1,29963.3,231.0
1782202080,29963.3,29964.6,29947.5,29951.1,221.0
1782202140,29951.0,29959.1,29951.0,29955.0,228.0
1782202200,29955.2,29971.8,29953.3,29969.1,253.0
1782202260,29968.8,29975.1,29954.2,29974.2,232.0
1782202320,29974.2,29979.0,29962.6,29963.1,227.0
1782202380,29962.7,29963.2,29948.6,29952.0,236.0
1782202440,29951.7,29954.5,29946.1,29948.7,198.0
1782202500,29948.5,29954.5,29940.0,29952.7,234.0
1782202560,29952.5,29960.0,29946.5,29946.5,234.0
1782202620,29945.8,29951.2,29942.7,29944.3,210.0
1782202680,29945.1,29945.3,29937.1,29944.5,198.0
1782202740,29944.0,29948.1,29937.2,29940.2,199.0
1782202800,29940.2,29957.8,29937.3,29946.5,231.0
1782202860,29946.5,29948.0,29937.3,29938.0,208.0
1782202920,29937.7,29940.1,29928.3,29934.2,187.0
1782202980,29933.7,29938.7,29929.0,29938.6,214.0
1782203040,29938.6,29939.2,29930.1,29931.5,191.0
1782203100,29931.7,29935.2,29913.5,29920.3,226.0
1782203160,29920.5,29922.2,29902.6,29904.7,220.0
1782203220,29904.7,29912.5,29899.5,29912.2,200.0
1782203280,29912.1,29914.8,29901.0,29901.3,222.0
1782203340,29901.5,29906.1,29898.6,29903.8,215.0
1782203400,29904.0,29906.3,29891.7,29903.0,242.0
1782203460,29903.0,29906.8,29879.8,29884.0,239.0
1782203520,29884.3,29887.2,29866.0,29866.3,244.0
1782203580,29866.7,29877.3,29864.0,29875.7,230.0
1782203640,29875.6,29880.6,29869.1,29872.5,227.0
1782203700,29872.5,29877.6,29854.5,29857.7,242.0
1782203760,29857.8,29872.3,29857.7,29861.8,235.0
1782203820,29861.7,29862.7,29847.6,29858.1,234.0
1782203880,29858.2,29863.7,29849.7,29849.7,225.0
1782203940,29849.7,29859.1,29845.2,29856.1,211.0
1782204000,29856.8,29864.5,29849.2,29853.2,242.0
1782204060,29852.8,29856.5,29839.7,29844.7,241.0
1782204120,29844.8,29848.8,29839.2,29848.6,224.0
1782204180,29848.5,29867.5,29848.5,29867.5,243.0
1782204240,29867.5,29883.0,29863.6,29879.5,238.0
1782204300,29879.6,29884.6,29863.7,29866.1,228.0
1782204360,29866.3,29873.6,29861.7,29870.8,222.0
1782204420,29870.7,29872.7,29862.6,29869.0,199.0
1782204480,29869.0,29886.3,29867.3,29879.8,218.0
1782204540,29879.8,29880.8,29873.3,29875.1,196.0
1782204600,29873.8,29882.2,29868.1,29878.8,209.0
1782204660,29878.3,29878.8,29857.0,29857.0,226.0
1782204720,29856.6,29864.0,29850.6,29854.7,230.0
1782204780,29854.8,29860.3,29853.6,29854.7,193.0
1782204840,29855.0,29855.0,29849.8,29853.0,208.0
1782204900,29852.8,29852.8,29837.7,29845.8,221.0
1782204960,29845.8,29849.0,29834.2,29835.1,214.0
1782205020,29835.1,29836.0,29820.5,29824.0,221.0
1782205080,29824.0,29826.0,29810.6,29825.0,216.0
1782205140,29825.0,29835.6,29822.3,29825.6,226.0
1782205200,29826.7,29831.5,29808.6,29815.0,252.0
1782205260,29815.7,29822.0,29809.1,29816.1,250.0
1782205320,29816.2,29835.3,29815.8,29833.5,242.0
1782205380,29833.5,29840.0,29826.6,29834.7,238.0
1782205440,29835.1,29848.7,29831.2,29839.4,244.0
1782205500,29839.4,29850.9,29836.2,29839.9,252.0
1782205560,29839.9,29840.8,29808.9,29811.6,248.0
1782205620,29810.8,29813.1,29796.7,29804.9,258.0
1782205680,29804.7,29806.9,29791.6,29801.9,254.0
1782205740,29802.3,29809.6,29800.2,29804.2,252.0
1782205800,29804.3,29805.8,29789.1,29795.1,240.0
1782205860,29795.9,29801.4,29787.4,29788.4,248.0
1782205920,29788.6,29810.9,29785.8,29810.1,248.0
1782205980,29810.8,29810.8,29791.8,29795.1,254.0
1782206040,29795.2,29809.6,29789.1,29805.1,258.0
1782206100,29805.8,29826.7,29802.1,29813.4,250.0
1782206160,29813.1,29821.9,29801.4,29813.6,249.0
1782206220,29812.8,29818.1,29786.8,29789.4,257.0
1782206280,29789.6,29789.9,29772.1,29773.2,252.0
1782206340,29772.4,29783.6,29772.3,29779.1,234.0
1782206400,29779.2,29781.9,29764.2,29764.3,253.0
1782206460,29764.3,29766.3,29758.9,29765.8,221.0
1782206520,29765.7,29767.7,29750.2,29753.8,237.0
1782206580,29754.2,29756.4,29746.4,29750.3,238.0
1782206640,29750.2,29762.8,29748.4,29759.4,239.0
1782206700,29759.3,29763.9,29728.7,29733.9,263.0
1782206760,29733.8,29743.2,29721.7,29741.2,245.0
1782206820,29741.7,29754.4,29738.7,29750.7,254.0
1782206880,29749.4,29754.8,29744.9,29752.1,238.0
1782206940,29752.4,29756.2,29733.9,29738.6,243.0
1782207000,29739.1,29748.6,29730.2,29734.3,256.0
1782207060,29735.6,29770.8,29733.9,29763.4,262.0
1782207120,29763.8,29763.9,29751.4,29753.6,203.0
1782207180,29753.3,29762.4,29744.3,29747.3,245.0
1782207240,29747.4,29750.1,29741.2,29749.2,231.0
1782207300,29749.8,29757.6,29740.7,29745.8,244.0
1782207360,29745.3,29752.1,29735.8,29739.4,223.0
1782207420,29739.4,29744.1,29723.9,29731.1,231.0
1782207480,29730.8,29753.2,29727.2,29746.2,210.0
1782207540,29746.6,29753.1,29738.9,29741.6,237.0
1782207600,29743.2,29761.9,29742.8,29744.4,227.0
1782207660,29745.2,29746.8,29723.1,29725.6,198.0
1782207720,29725.4,29725.4,29701.2,29708.9,236.0
1782207780,29709.7,29715.1,29697.9,29714.6,218.0
1782207840,29714.6,29721.6,29710.1,29721.6,223.0
1782207900,29720.9,29729.3,29711.4,29728.1,213.0
1782207960,29730.2,29742.4,29730.2,29739.9,223.0
1782208020,29740.2,29755.3,29735.2,29735.9,206.0
1782208080,29735.9,29737.6,29721.4,29721.4,201.0
1782208140,29722.4,29732.3,29713.1,29724.8,206.0
1782208200,29724.4,29739.9,29721.2,29731.9,210.0
1782208260,29731.7,29732.2,29710.3,29718.1,203.0
1782208320,29718.6,29723.4,29706.9,29709.6,202.0
1782208380,29709.8,29714.7,29706.2,29710.7,183.0
1782208440,29710.2,29718.8,29708.9,29711.7,202.0
1782208500,29711.3,29720.8,29709.7,29720.3,211.0
1782208560,29720.2,29721.6,29711.7,29718.8,200.0
1782208620,29719.1,29723.4,29713.1,29719.4,186.0
1782208680,29719.9,29721.2,29699.9,29701.2,202.0
1782208740,29701.7,29701.7,29668.2,29688.3,244.0
1782208800,29689.7,29698.3,29677.2,29684.8,261.0
1782208860,29684.7,29690.7,29677.2,29679.2,260.0
1782208920,29680.2,29686.1,29662.8,29664.2,228.0
1782208980,29663.1,29685.4,29662.7,29684.8,249.0
1782209040,29684.6,29697.9,29678.3,29693.2,248.0
1782209100,29693.6,29697.2,29683.8,29694.7,253.0
1782209160,29694.4,29715.6,29692.1,29714.3,234.0
1782209220,29714.4,29730.1,29708.4,29728.7,241.0
1782209280,29728.7,29746.9,29725.6,29740.2,233.0
1782209340,29738.9,29763.4,29737.7,29760.4,209.0
1782209400,29760.7,29761.4,29749.3,29756.6,248.0
1782209460,29759.2,29769.2,29759.2,29763.3,221.0
1782209520,29763.1,29770.7,29749.4,29769.1,235.0
1782209580,29769.3,29769.9,29761.2,29768.3,217.0
1782209640,29768.4,29771.2,29761.4,29763.4,191.0
1782209700,29763.8,29768.4,29749.7,29765.8,232.0
1782209760,29765.3,29766.3,29746.9,29756.4,232.0
1782209820,29755.6,29765.2,29742.4,29742.4,211.0
1782209880,29741.7,29743.6,29729.2,29733.8,221.0
1782209940,29734.6,29735.1,29723.3,29726.9,223.0
1782210000,29726.7,29743.6,29725.2,29738.4,236.0
1782210060,29738.4,29751.9,29734.6,29750.1,223.0
1782210120,29750.1,29750.8,29734.4,29747.3,219.0
1782210180,29747.6,29747.6,29713.2,29713.3,232.0
1782210240,29712.8,29717.7,29709.9,29716.1,235.0
1782210300,29715.8,29724.4,29699.9,29700.2,234.0
1782210360,29700.2,29723.2,29698.2,29713.6,230.0
1782210420,29710.8,29721.4,29701.2,29721.4,210.0
1782210480,29721.7,29724.8,29714.1,29722.2,200.0
1782210540,29722.2,29728.6,29721.3,29727.2,183.0
1782210600,29727.2,29727.2,29699.4,29709.9,239.0
1782210660,29710.2,29711.8,29686.1,29686.3,226.0
1782210720,29686.1,29688.8,29675.2,29678.3,220.0
1782210780,29678.7,29688.7,29673.2,29682.8,228.0
1782210840,29683.8,29710.3,29680.7,29709.9,230.0
1782210900,29710.3,29714.7,29681.6,29681.8,250.0
1782210960,29681.9,29699.3,29671.7,29695.6,235.0
1782211020,29694.9,29698.4,29685.8,29686.8,230.0
1782211080,29686.4,29692.8,29682.2,29691.3,221.0
1782211140,29691.1,29708.6,29691.1,29706.7,244.0
1782211200,29706.9,29721.7,29706.6,29709.2,224.0
1782211260,29709.6,29711.8,29685.4,29686.6,221.0
1782211320,29686.3,29691.9,29670.3,29677.1,248.0
1782211380,29676.9,29687.6,29668.7,29674.7,233.0
1782211440,29674.7,29675.9,29657.3,29668.7,216.0
1782211500,29669.3,29682.9,29666.2,29671.6,212.0
1782211560,29670.4,29682.3,29664.8,29677.3,218.0
1782211620,29677.3,29687.3,29655.3,29659.6,232.0
1782211680,29659.6,29665.6,29656.7,29663.2,202.0
1782211740,29662.9,29680.7,29660.3,29671.4,230.0
1782211800,29669.4,29672.7,29660.3,29663.7,231.0
1782211860,29663.6,29668.7,29648.9,29661.3,239.0
1782211920,29660.7,29660.7,29643.9,29651.2,232.0
1782211980,29653.9,29655.2,29643.4,29645.7,229.0
1782212040,29645.6,29652.2,29636.4,29652.2,224.0
1782212100,29652.1,29653.7,29631.9,29632.4,216.0
1782212160,29632.1,29632.2,29623.3,29625.1,234.0
1782212220,29624.8,29629.1,29607.8,29629.1,254.0
1782212280,29629.1,29639.2,29619.1,29629.6,216.0
1782212340,29631.2,29635.9,29619.8,29625.6,229.0
1782212400,29631.6,29636.2,29539.8,29565.8,274.0
1782212460,29563.4,29620.1,29562.3,29611.4,274.0
1782212520,29610.3,29614.8,29590.6,29590.6,264.0
1782212580,29591.3,29608.9,29582.1,29587.2,262.0
1782212640,29587.9,29597.3,29563.3,29565.7,256.0
1782212700,29565.7,29591.7,29565.1,29591.2,256.0
1782212760,29591.4,29620.3,29589.7,29613.4,244.0
1782212820,29616.8,29617.1,29602.7,29613.8,234.0
1782212880,29613.8,29620.1,29598.8,29613.3,259.0
1782212940,29614.4,29614.4,29585.4,29607.9,256.0
1782213000,29609.3,29610.6,29582.3,29602.4,249.0
1782213060,29602.8,29616.1,29591.3,29593.7,231.0
1782213120,29592.8,29604.4,29582.9,29593.3,233.0
1782213180,29593.3,29604.3,29576.9,29577.6,251.0
1782213240,29577.8,29586.4,29567.3,29569.9,252.0
1782213300,29569.3,29576.3,29557.4,29565.7,258.0
1782213360,29566.7,29569.6,29545.6,29557.9,264.0
1782213420,29559.7,29566.8,29536.6,29539.9,258.0
1782213480,29542.4,29551.7,29527.7,29534.8,264.0
1782213540,29540.4,29559.6,29525.3,29527.4,250.0
1782213600,29525.9,29544.3,29521.3,29534.6,250.0
1782213660,29534.7,29551.4,29526.9,29531.3,259.0
1782213720,29531.7,29538.6,29526.2,29529.4,228.0
1782213780,29529.3,29539.2,29502.6,29502.6,255.0
1782213840,29503.8,29515.4,29498.9,29514.8,251.0
1782213900,29511.6,29531.8,29494.8,29522.9,263.0
1782213960,29523.1,29526.4,29508.1,29518.1,254.0
1782214020,29518.1,29518.6,29495.3,29507.9,243.0
1782214080,29509.1,29522.4,29501.6,29514.6,248.0
1782214140,29513.3,29521.4,29504.6,29517.2,244.0
1782214200,29518.1,29549.6,29516.2,29547.7,262.0
1782214260,29550.4,29558.4,29539.9,29543.6,244.0
1782214320,29544.3,29562.6,29543.9,29557.8,247.0
1782214380,29558.2,29571.4,29546.6,29567.4,251.0
1782214440,29566.7,29568.9,29542.1,29556.3,247.0
1782214500,29556.2,29568.2,29551.9,29568.1,246.0
1782214560,29568.2,29572.9,29551.2,29552.4,247.0
1782214620,29552.4,29559.3,29534.8,29540.3,243.0
1782214680,29540.1,29556.9,29538.6,29547.1,223.0
1782214740,29547.2,29554.2,29538.8,29542.9,208.0
1782214800,29542.6,29578.4,29540.8,29572.6,240.0
1782214860,29570.9,29593.3,29570.9,29591.2,232.0
1782214920,29588.8,29594.6,29584.1,29586.9,231.0
1782214980,29585.7,29585.7,29555.3,29559.9,223.0
1782215040,29560.4,29577.4,29557.8,29571.3,234.0
1782215100,29570.8,29571.7,29521.9,29523.8,261.0
1782215160,29524.9,29525.4,29515.2,29520.1,246.0
1782215220,29520.2,29526.8,29514.7,29514.7,221.0
1782215280,29514.7,29514.7,29498.3,29512.9,219.0
1782215340,29513.6,29525.1,29513.1,29524.4,232.0
1782215400,29523.9,29529.7,29518.9,29521.2,218.0
1782215460,29521.3,29558.3,29519.2,29556.3,250.0
1782215520,29557.7,29560.9,29541.9,29544.8,219.0
1782215580,29544.8,29553.4,29539.4,29551.9,208.0
1782215640,29551.7,29555.9,29542.6,29551.3,209.0
1782215700,29551.3,29557.8,29545.8,29545.8,202.0
1782215760,29546.2,29556.4,29533.8,29555.9,222.0
1782215820,29555.9,29555.9,29530.6,29531.4,229.0
1782215880,29531.4,29538.4,29528.8,29530.9,219.0
1782215940,29530.9,29545.7,29530.9,29545.7,208.0
1782216000,29547.4,29569.8,29541.4,29569.3,251.0
1782216060,29569.3,29585.6,29561.7,29579.3,225.0
1782216120,29576.3,29587.9,29572.8,29585.7,206.0
1782216180,29584.8,29584.8,29569.9,29571.7,208.0
1782216240,29571.8,29578.6,29566.1,29577.1,215.0
1782216300,29576.8,29586.9,29571.1,29585.2,191.0
1782216360,29585.1,29604.4,29583.7,29596.8,235.0
1782216420,29594.6,29599.6,29578.4,29581.3,233.0
1782216480,29581.1,29584.9,29564.4,29568.4,218.0
1782216540,29568.8,29579.6,29565.7,29568.2,202.0
1782216600,29567.9,29591.4,29560.2,29589.4,234.0
1782216660,29589.7,29599.3,29578.1,29597.4,208.0
1782216720,29598.7,29613.2,29593.3,29604.4,211.0
1782216780,29603.1,29623.3,29602.4,29616.7,215.0
1782216840,29616.7,29625.8,29613.7,29618.7,217.0
1782216900,29618.3,29623.3,29613.3,29619.3,186.0
1782216960,29622.2,29626.7,29613.2,29620.9,197.0
1782217020,29620.6,29624.8,29609.4,29610.8,201.0
1782217080,29610.6,29616.3,29599.6,29609.6,226.0
1782217140,29609.3,29628.3,29608.6,29627.1,218.0
1782217200,29627.7,29632.3,29621.3,29627.4,208.0
1782217260,29626.9,29631.3,29618.6,29620.4,225.0
1782217320,29620.3,29631.7,29620.3,29628.1,222.0
1782217380,29628.1,29636.9,29624.7,29634.9,171.0
1782217440,29634.2,29648.2,29633.1,29640.2,206.0
1782217500,29639.3,29645.7,29637.7,29641.1,192.0
1782217560,29641.1,29642.1,29618.2,29627.1,218.0
1782217620,29626.9,29650.1,29626.6,29642.7,208.0
1782217680,29642.4,29643.7,29629.7,29640.9,198.0
1782217740,29640.4,29641.7,29629.7,29634.1,184.0
1782217800,29634.3,29635.8,29620.7,29621.4,213.0
1782217860,29620.3,29625.9,29616.1,29625.6,192.0
1782217920,29625.6,29634.9,29620.7,29622.6,199.0
1782217980,29622.4,29623.9,29610.7,29615.9,211.0
1782218040,29615.6,29617.7,29607.9,29614.6,195.0
1782218100,29615.8,29621.3,29610.6,29615.1,198.0
1782218160,29615.1,29615.3,29603.7,29610.3,212.0
1782218220,29610.3,29618.9,29605.3,29615.4,195.0
1782218280,29616.2,29624.6,29613.1,29617.3,190.0
1782218340,29617.6,29619.3,29603.2,29603.2,198.0
1782218400,29602.9,29607.4,29599.3,29603.6,192.0
1782218460,29604.1,29607.2,29593.9,29600.8,212.0
1782218520,29601.7,29603.1,29593.8,29598.1,192.0
1782218580,29597.9,29606.3,29589.2,29590.3,177.0
1782218640,29590.2,29593.4,29580.8,29580.9,196.0
1782218700,29580.8,29583.9,29575.1,29580.3,222.0
1782218760,29580.3,29591.4,29577.3,29589.7,205.0
1782218820,29589.8,29592.4,29579.6,29581.6,193.0
1782218880,29581.3,29594.2,29581.3,29588.9,194.0
1782218940,29588.8,29598.2,29585.3,29597.1,191.0
1782219000,29596.8,29598.6,29588.6,29589.8,183.0
1782219060,29590.2,29599.1,29584.9,29599.1,195.0
1782219120,29600.7,29603.3,29597.4,29599.2,195.0
1782219180,29599.3,29604.7,29593.9,29596.4,172.0
1782219240,29596.6,29607.9,29596.2,29601.2,197.0
1782219300,29601.2,29607.9,29591.9,29605.8,172.0
1782219360,29605.8,29611.4,29603.4,29607.3,170.0
1782219420,29607.8,29610.4,29603.8,29607.3,163.0
1782219480,29607.2,29608.9,29594.8,29597.4,195.0
1782219540,29597.3,29604.4,29594.2,29603.6,181.0
1782219600,29603.9,29612.8,29593.8,29610.7,201.0
1782219660,29610.3,29617.8,29610.2,29616.7,174.0
1782219720,29616.7,29633.9,29613.7,29623.9,190.0
1782219780,29624.1,29633.3,29616.7,29629.9,204.0
1782219840,29630.1,29632.3,29620.6,29620.9,170.0
1782219900,29621.1,29623.8,29608.2,29613.3,179.0
1782219960,29612.6,29616.1,29607.2,29615.1,188.0
1782220020,29615.4,29617.2,29600.2,29600.8,173.0
1782220080,29600.4,29600.7,29584.3,29594.6,221.0
1782220140,29594.6,29601.1,29590.1,29596.3,168.0
1782220200,29596.3,29602.1,29584.6,29588.8,178.0
1782220260,29589.2,29596.1,29586.6,29590.6,194.0
1782220320,29590.4,29595.4,29586.3,29592.3,184.0
1782220380,29592.3,29593.6,29573.7,29573.7,218.0
1782220440,29574.1,29582.1,29571.4,29581.6,190.0
1782220500,29581.7,29584.6,29573.3,29584.6,182.0
1782220560,29587.2,29589.3,29581.7,29588.3,226.0
1782220620,29588.3,29592.8,29584.8,29584.8,195.0
1782220680,29584.6,29588.6,29578.7,29587.3,196.0
1782220740,29587.2,29590.8,29584.1,29588.3,202.0
1782220800,29588.8,29590.8,29581.9,29587.8,190.0
1782220860,29587.8,29597.9,29584.8,29592.3,187.0
1782220920,29592.3,29593.2,29583.7,29584.6,169.0
1782220980,29585.3,29588.7,29580.6,29585.1,192.0
1782221040,29584.8,29584.8,29558.9,29560.8,216.0
1782221100,29565.3,29565.8,29551.6,29555.2,212.0
1782221160,29555.2,29558.2,29544.2,29549.9,196.0
1782221220,29550.3,29551.4,29534.6,29537.3,192.0
1782221280,29537.3,29548.2,29534.7,29547.8,205.0
1782221340,29546.1,29548.6,29540.3,29542.2,208.0
1782221400,29541.1,29543.1,29524.7,29533.7,228.0
1782221460,29533.9,29533.9,29520.6,29521.3,199.0
1782221520,29520.9,29524.1,29517.9,29518.2,212.0
1782221580,29518.2,29531.3,29517.9,29519.1,186.0
1782221640,29518.9,29522.1,29506.6,29509.1,205.0
1782221700,29509.1,29523.3,29509.1,29511.1,212.0
1782221760,29510.6,29518.7,29503.1,29503.1,202.0
1782221820,29501.9,29516.7,29500.3,29514.3,216.0
1782221880,29514.4,29520.9,29505.4,29520.2,204.0
1782221940,29518.6,29522.8,29509.7,29517.3,187.0
1782222000,29517.3,29517.3,29506.4,29506.4,199.0
1782222060,29506.6,29508.2,29488.9,29489.8,223.0
1782222120,29489.8,29490.3,29469.9,29471.7,236.0
1782222180,29471.4,29503.1,29471.1,29498.7,210.0
1782222240,29498.4,29508.9,29492.1,29498.7,228.0
1782222300,29498.2,29513.2,29497.2,29509.8,206.0
1782222360,29509.8,29517.1,29505.2,29514.9,207.0
1782222420,29514.9,29521.1,29507.7,29510.7,184.0
1782222480,29510.6,29529.4,29507.2,29527.8,216.0
1782222540,29528.3,29530.1,29511.1,29512.3,229.0
1782222600,29513.2,29517.8,29504.7,29514.7,209.0
1782222660,29514.9,29516.8,29506.8,29514.9,177.0
1782222720,29514.7,29518.2,29498.1,29514.9,210.0
1782222780,29513.6,29521.6,29512.1,29518.9,201.0
1782222840,29520.1,29528.1,29518.6,29521.3,210.0
1782222900,29520.9,29528.2,29510.4,29527.2,205.0
1782222960,29525.9,29534.3,29522.9,29529.9,222.0
1782223020,29530.8,29541.4,29527.2,29529.8,205.0
1782223080,29530.6,29539.6,29520.8,29536.4,174.0
1782223140,29536.6,29541.2,29532.2,29535.1,192.0
1782223200,29540.1,29554.1,29534.7,29554.1,248.0
1782223260,29553.7,29559.3,29540.8,29542.8,238.0
1782223320,29542.8,29556.9,29539.4,29550.3,236.0
1782223380,29549.9,29550.7,29539.7,29546.3,225.0
1782223440,29544.7,29545.3,29519.2,29519.2,217.0
1782223500,29519.2,29519.2,29505.4,29511.7,212.0
1782223560,29511.6,29529.1,29511.2,29526.3,233.0
1782223620,29526.4,29548.3,29524.9,29543.9,224.0
1782223680,29544.7,29549.9,29529.8,29536.1,231.0
1782223740,29535.6,29537.3,29526.1,29532.1,185.0
1782223800,29531.9,29550.8,29531.9,29550.4,217.0
1782223860,29550.2,29556.7,29535.8,29541.8,197.0
1782223920,29541.1,29546.3,29537.7,29544.7,203.0
1782223980,29544.6,29549.6,29538.2,29548.7,211.0
1782224040,29548.4,29569.1,29544.6,29566.1,211.0
1782224100,29564.7,29564.7,29547.1,29550.8,219.0
1782224160,29550.8,29553.2,29543.7,29546.9,204.0
1782224220,29546.9,29552.7,29544.3,29551.2,177.0
1782224280,29551.7,29558.3,29551.3,29552.3,191.0
1782224340,29552.3,29555.8,29547.2,29554.9,199.0
1782224400,29554.9,29585.3,29529.1,29573.9,230.0
1782224460,29570.3,29575.3,29543.6,29548.9,254.0
1782224520,29548.8,29564.8,29548.6,29563.7,222.0
1782224580,29563.4,29568.8,29552.2,29554.9,229.0
1782224640,29555.4,29561.4,29549.6,29559.3,220.0
1782224700,29559.6,29562.2,29548.9,29556.9,212.0
1782224760,29557.1,29561.4,29544.6,29550.2,213.0
1782224820,29550.9,29551.9,29536.7,29537.1,226.0
1782224880,29536.7,29538.6,29526.6,29538.3,219.0
1782224940,29538.3,29538.3,29524.2,29530.4,219.0
1782225000,29529.3,29531.7,29519.3,29527.2,214.0
1782225060,29527.1,29549.4,29526.3,29540.3,221.0
1782225120,29540.8,29556.6,29540.8,29550.1,234.0
1782225180,29550.1,29564.1,29545.1,29545.7,230.0
1782225240,29547.1,29550.7,29540.1,29545.9,196.0
1782225300,29546.1,29555.3,29539.6,29540.1,216.0
1782225360,29539.9,29546.3,29536.1,29545.8,218.0
1782225420,29545.3,29545.4,29530.6,29544.7,205.0
1782225480,29544.4,29560.1,29543.8,29558.8,209.0
1782225540,29558.3,29575.7,29558.3,29570.4,236.0
1782225600,29569.9,29579.6,29566.8,29573.9,220.0
1782225660,29573.6,29579.9,29570.4,29578.7,218.0
1782225720,29577.4,29585.6,29575.3,29582.7,199.0
1782225780,29582.7,29582.7,29575.4,29577.3,210.0
1782225840,29577.7,29589.9,29575.1,29585.8,195.0
1782225900,29584.9,29592.8,29583.4,29589.2,201.0
1782225960,29589.2,29598.7,29583.3,29584.6,222.0
1782226020,29585.3,29589.2,29568.6,29570.4,224.0
1782226080,29570.7,29580.9,29565.8,29579.9,220.0
1782226140,29578.7,29586.1,29574.4,29583.9,207.0
1782226200,29582.9,29584.7,29574.6,29581.3,208.0
1782226260,29581.1,29587.6,29571.1,29574.4,209.0
1782226320,29574.3,29591.8,29572.6,29591.4,215.0
1782226380,29591.7,29596.1,29587.3,29593.9,212.0
1782226440,29593.7,29600.6,29592.7,29598.9,201.0
1782226500,29599.1,29599.7,29590.6,29598.2,200.0
1782226560,29598.6,29601.1,29593.4,29598.9,184.0
1782226620,29598.8,29600.6,29590.7,29590.7,195.0
1782226680,29591.3,29599.8,29588.7,29596.2,189.0
1782226740,29596.3,29600.1,29589.9,29589.9,174.0
1782226800,29590.2,29602.2,29582.4,29600.3,230.0
1782226860,29600.3,29614.6,29599.8,29612.6,216.0
1782226920,29612.1,29617.9,29606.8,29608.3,212.0
1782226980,29608.2,29615.7,29606.3,29607.3,197.0
1782227040,29607.6,29610.2,29596.4,29596.6,200.0
1782227100,29596.3,29597.8,29582.6,29582.8,228.0
1782227160,29583.1,29583.1,29573.3,29579.3,216.0
1782227220,29579.1,29583.1,29574.4,29576.8,182.0
1782227280,29577.9,29583.1,29575.4,29576.9,202.0
1782227340,29577.1,29578.6,29567.9,29575.2,220.0
1782227400,29575.1,29585.6,29560.3,29561.3,214.0
1782227460,29561.1,29562.1,29544.6,29545.4,234.0
1782227520,29545.8,29549.8,29535.8,29543.3,223.0
1782227580,29543.4,29543.4,29531.1,29532.9,222.0
1782227640,29531.9,29545.7,29531.9,29539.2,222.0
1782227700,29539.2,29543.4,29529.2,29532.2,208.0
1782227760,29533.9,29533.9,29521.6,29523.1,211.0
1782227820,29523.6,29524.6,29511.9,29516.9,221.0
1782227880,29517.3,29518.3,29506.1,29515.9,216.0
1782227940,29516.1,29527.6,29514.4,29522.1,226.0
1782228000,29522.8,29522.8,29498.9,29501.7,230.0
1782228060,29500.1,29505.6,29488.8,29498.8,242.0
1782228120,29498.9,29506.8,29484.3,29490.2,236.0
1782228180,29490.2,29497.8,29486.6,29489.2,211.0
1782228240,29489.1,29500.7,29486.1,29499.3,221.0
1782228300,29499.3,29499.4,29475.8,29480.6,245.0
1782228360,29480.8,29485.8,29462.2,29465.7,228.0
1782228420,29466.3,29486.7,29463.9,29486.7,222.0
1782228480,29486.8,29497.4,29482.2,29495.2,211.0
1782228540,29495.2,29496.9,29485.7,29493.1,171.0
1782228600,29493.1,29508.2,29490.6,29495.2,224.0
1782228660,29495.1,29501.9,29485.7,29487.1,230.0
1782228720,29486.8,29489.2,29466.2,29468.6,226.0
1782228780,29469.1,29471.8,29452.8,29462.9,256.0
1782228840,29463.2,29471.6,29436.3,29436.6,248.0
1782228900,29427.9,29456.2,29425.4,29454.7,231.0
1782228960,29455.2,29458.9,29444.9,29458.6,227.0
1782229020,29458.6,29460.4,29438.6,29446.3,236.0
1782229080,29446.3,29454.7,29433.8,29439.4,232.0
1782229140,29439.4,29459.1,29434.6,29455.8,219.0
1782229200,29455.7,29463.1,29450.7,29459.3,238.0
1782229260,29459.3,29488.4,29457.4,29477.1,244.0
1782229320,29476.7,29478.6,29464.9,29466.1,225.0
1782229380,29466.3,29474.7,29456.8,29468.9,219.0
1782229440,29468.4,29474.2,29458.6,29458.6,215.0
1782229500,29457.1,29470.9,29457.1,29462.8,215.0
1782229560,29462.7,29470.4,29451.3,29451.4,223.0
1782229620,29451.4,29451.4,29442.7,29446.8,236.0
1782229680,29446.8,29464.7,29446.8,29463.1,222.0
1782229740,29462.9,29466.9,29456.9,29458.2,211.0
1782229800,29458.1,29469.7,29456.2,29456.2,235.0
1782229860,29455.1,29467.2,29453.8,29463.3,221.0
1782229920,29465.2,29479.6,29464.3,29469.9,226.0
1782229980,29468.3,29469.6,29456.8,29457.2,233.0
1782230040,29457.2,29464.9,29442.1,29442.4,219.0
1782230100,29442.1,29461.3,29439.8,29459.9,246.0
1782230160,29459.7,29468.7,29452.3,29458.2,221.0
1782230220,29458.2,29469.4,29454.8,29455.2,234.0
1782230280,29455.8,29456.3,29436.8,29437.1,215.0
1782230340,29437.1,29455.3,29434.8,29452.6,225.0
1782230400,29451.9,29462.8,29442.8,29442.8,252.0
1782230460,29442.6,29446.9,29435.1,29436.2,236.0
1782230520,29436.2,29447.8,29432.1,29445.8,246.0
1782230580,29445.4,29446.9,29432.8,29432.8,230.0
1782230640,29432.2,29442.7,29426.1,29436.2,254.0
1782230700,29436.3,29446.6,29435.8,29442.2,258.0
1782230760,29442.3,29442.4,29429.3,29434.7,248.0
1782230820,29434.7,29435.3,29419.6,29423.3,251.0
1782230880,29423.1,29434.3,29423.1,29425.8,245.0
1782230940,29425.6,29434.8,29425.4,29429.8,237.0
1782231000,29429.8,29432.6,29412.1,29423.8,248.0
1782231060,29423.8,29427.4,29414.7,29419.8,230.0
1782231120,29419.8,29442.4,29410.4,29438.9,248.0
1782231180,29438.7,29462.2,29436.2,29459.2,244.0
1782231240,29458.9,29462.3,29444.7,29452.9,232.0
1782231300,29452.6,29454.1,29419.2,29419.2,242.0
1782231360,29419.6,29430.4,29417.6,29429.3,225.0
1782231420,29428.8,29435.9,29419.6,29422.2,239.0
1782231480,29422.2,29435.4,29415.9,29429.8,241.0
1782231540,29429.3,29448.2,29427.3,29448.2,227.0
1782231600,29447.3,29461.1,29443.8,29460.1,242.0
1782231660,29460.3,29465.8,29451.6,29458.4,242.0
1782231720,29457.9,29458.7,29445.9,29450.2,231.0
1782231780,29450.6,29472.2,29448.7,29466.3,223.0
1782231840,29466.4,29470.8,29458.7,29462.4,212.0
1782231900,29462.4,29462.4,29416.4,29423.8,253.0
1782231960,29423.4,29434.4,29422.6,29427.3,239.0
1782232020,29427.6,29430.7,29404.2,29406.4,250.0
1782232080,29403.7,29415.4,29393.7,29415.4,273.0
1782232140,29415.9,29435.9,29410.2,29435.7,269.0
1782232200,29436.8,29436.8,29357.4,29376.9,290.0
1782232260,29376.3,29456.3,29335.9,29455.2,293.0
1782232320,29454.1,29489.7,29430.7,29472.2,283.0
1782232380,29471.3,29471.3,29424.0,29456.2,281.0
1782232440,29455.1,29486.2,29438.5,29484.0,289.0
1782232500,29485.2,29497.8,29434.1,29436.2,290.0
1782232560,29438.0,29459.2,29389.7,29391.8,289.0
1782232620,29396.5,29454.5,29393.0,29432.2,287.0
1782232680,29431.0,29485.6,29417.2,29465.6,294.0
1782232740,29465.5,29514.1,29463.8,29498.2,294.0
1782232800,29497.1,29522.8,29470.7,29520.5,289.0
1782232860,29519.8,29519.8,29473.0,29482.5,285.0
1782232920,29479.2,29497.7,29457.3,29496.2,289.0
1782232980,29495.2,29516.2,29465.1,29470.6,293.0
1782233040,29466.2,29496.7,29465.0,29474.2,280.0
1782233100,29471.6,29515.2,29450.7,29478.3,285.0
1782233160,29476.7,29484.8,29443.0,29459.6,289.0
1782233220,29461.1,29540.8,29453.2,29540.8,288.0
1782233280,29541.5,29570.1,29533.0,29559.6,287.0
1782233340,29557.2,29574.1,29525.8,29534.5,288.0
1782233400,29535.8,29572.3,29534.7,29558.2,285.0
1782233460,29558.0,29583.3,29550.2,29580.1,279.0
1782233520,29578.3,29612.7,29574.6,29612.3,279.0
1782233580,29612.6,29626.8,29598.7,29611.8,285.0
1782233640,29613.3,29632.3,29592.8,29594.5,281.0
1782233700,29594.6,29611.5,29579.8,29597.2,286.0
1782233760,29598.6,29603.6,29562.1,29592.1,277.0
1782233820,29590.2,29630.3,29586.2,29615.8,287.0
1782233880,29615.8,29631.7,29605.5,29629.3,280.0
1782233940,29628.5,29650.1,29617.1,29647.2,286.0
1782234000,29644.6,29679.6,29640.7,29678.6,274.0
1782234060,29677.3,29706.3,29673.8,29700.7,280.0
1782234120,29699.3,29720.0,29686.3,29698.5,279.0
1782234180,29698.6,29712.2,29671.8,29684.2,284.0
1782234240,29683.3,29719.3,29683.3,29702.8,280.0
1782234300,29703.7,29703.7,29678.6,29679.1,283.0
1782234360,29680.3,29692.0,29671.7,29684.8,282.0
1782234420,29687.6,29709.3,29667.6,29671.3,288.0
1782234480,29671.0,29674.3,29652.3,29659.1,284.0
1782234540,29657.5,29714.7,29652.3,29693.3,284.0
1782234600,29692.1,29732.2,29683.5,29684.8,281.0
1782234660,29682.8,29693.0,29667.2,29675.3,285.0
1782234720,29676.6,29715.2,29667.6,29705.8,286.0
1782234780,29706.1,29717.7,29693.8,29705.5,281.0
1782234840,29706.2,29725.1,29704.3,29719.8,289.0
1782234900,29720.1,29727.1,29696.7,29699.2,278.0
1782234960,29699.2,29733.3,29698.2,29729.7,289.0
1782235020,29728.8,29734.1,29707.0,29709.1,283.0
1782235080,29710.8,29731.8,29707.1,29723.1,270.0
1782235140,29722.3,29739.7,29701.8,29730.8,277.0
1782235200,29730.1,29764.0,29729.2,29755.6,275.0
1782235260,29755.2,29758.3,29727.0,29731.3,281.0
1782235320,29732.3,29736.1,29695.0,29697.8,282.0
1782235380,29698.8,29753.3,29698.3,29741.1,274.0
1782235440,29739.7,29739.7,29702.6,29709.2,275.0
1782235500,29709.3,29718.1,29696.2,29697.0,282.0
1782235560,29697.7,29697.7,29661.1,29685.2,283.0
1782235620,29684.7,29707.2,29669.5,29679.0,267.0
1782235680,29676.2,29694.7,29659.1,29692.6,278.0
1782235740,29688.5,29707.1,29680.7,29700.6,275.0
1782235800,29703.5,29714.8,29669.2,29670.5,279.0
1782235860,29672.7,29675.3,29640.6,29643.5,274.0
1782235920,29642.3,29644.3,29621.0,29626.8,285.0
1782235980,29625.7,29673.1,29625.7,29652.3,284.0
1782236040,29652.3,29667.8,29650.8,29656.5,279.0
1782236100,29658.5,29659.6,29623.7,29648.1,282.0
1782236160,29648.0,29714.8,29643.1,29701.7,285.0
1782236220,29699.8,29712.7,29687.1,29705.0,282.0
1782236280,29703.0,29706.0,29639.6,29641.2,283.0
1782236340,29641.7,29658.7,29612.0,29619.2,272.0
1782236400,29619.5,29634.7,29595.1,29625.1,287.0
1782236460,29623.0,29634.7,29609.1,29624.1,278.0
1782236520,29620.5,29654.0,29600.7,29642.3,282.0
1782236580,29643.0,29661.2,29626.2,29636.5,287.0
1782236640,29637.0,29639.3,29590.5,29601.8,278.0
1782236700,29603.6,29617.6,29584.2,29584.5,279.0
1782236760,29585.5,29605.2,29566.6,29570.1,279.0
1782236820,29570.1,29576.3,29550.6,29555.3,274.0
1782236880,29555.3,29587.2,29552.0,29580.0,279.0
1782236940,29580.3,29590.7,29566.3,29586.3,283.0
1782237000,29586.8,29609.5,29562.2,29609.5,288.0
1782237060,29611.1,29646.1,29609.5,29633.0,292.0
1782237120,29632.5,29633.5,29592.2,29599.0,278.0
1782237180,29599.3,29600.2,29554.0,29560.2,279.0
1782237240,29560.3,29570.6,29546.8,29568.1,278.0
1782237300,29568.8,29582.5,29531.6,29548.2,287.0
1782237360,29548.2,29570.1,29546.3,29549.7,285.0
1782237420,29546.1,29582.5,29537.5,29568.3,278.0
1782237480,29569.6,29572.3,29536.2,29550.8,269.0
1782237540,29550.8,29572.3,29546.1,29572.3,275.0
1782237600,29571.7,29586.5,29553.1,29573.0,290.0
1782237660,29574.0,29602.8,29571.0,29581.7,277.0
1782237720,29583.0,29594.1,29545.2,29555.7,286.0
1782237780,29556.6,29567.2,29534.2,29544.3,285.0
1782237840,29546.2,29556.6,29537.1,29546.2,277.0
1782237900,29545.6,29556.0,29505.8,29505.8,286.0
1782237960,29505.1,29512.2,29491.2,29495.8,270.0
1782238020,29495.2,29518.7,29483.3,29516.8,281.0
1782238080,29517.3,29519.5,29494.2,29508.1,260.0
1782238140,29509.0,29516.1,29493.7,29513.8,272.0
1782238200,29514.0,29530.1,29493.8,29506.3,272.0
1782238260,29506.1,29518.6,29498.8,29509.5,277.0
1782238320,29509.7,29525.0,29491.3,29521.8,274.0
1782238380,29521.3,29524.1,29501.2,29502.5,275.0
1782238440,29503.6,29514.3,29497.5,29509.3,270.0
1782238500,29510.0,29520.0,29495.8,29504.3,272.0
1782238560,29502.8,29505.3,29486.3,29492.6,269.0
1782238620,29493.5,29498.3,29473.7,29482.6,269.0
1782238680,29482.2,29484.8,29463.6,29464.1,276.0
1782238740,29463.8,29482.7,29463.2,29463.8,273.0
1782238800,29463.7,29493.7,29459.1,29488.1,277.0
1782238860,29487.8,29491.8,29458.1,29458.2,260.0
1782238920,29458.3,29468.0,29456.0,29458.8,266.0
1782238980,29459.1,29467.0,29452.2,29452.2,267.0
1782239040,29453.2,29453.8,29440.6,29446.2,259.0
1782239100,29447.1,29450.3,29429.1,29450.1,266.0
1782239160,29451.1,29468.1,29445.2,29462.6,275.0
1782239220,29462.8,29466.8,29440.6,29446.6,269.0
1782239280,29448.3,29448.8,29434.3,29438.7,250.0
1782239340,29439.3,29454.1,29438.8,29444.6,266.0
1782239400,29443.6,29460.2,29433.0,29458.0,269.0
1782239460,29457.8,29481.6,29454.8,29480.5,275.0
1782239520,29477.7,29485.2,29461.3,29468.1,274.0
1782239580,29468.6,29495.5,29468.6,29481.7,277.0
1782239640,29483.2,29489.8,29469.3,29476.3,275.0
1782239700,29478.0,29505.1,29470.5,29494.0,269.0
1782239760,29493.8,29505.0,29488.1,29491.6,264.0
1782239820,29493.1,29493.1,29464.8,29466.5,275.0
1782239880,29467.2,29471.2,29417.7,29431.5,271.0
1782239940,29433.2,29439.7,29419.2,29430.6,266.0
1782240000,29430.8,29442.6,29413.6,29430.2,278.0
1782240060,29430.3,29451.5,29423.8,29445.7,277.0
1782240120,29447.3,29451.6,29434.5,29447.7,269.0
1782240180,29448.1,29462.3,29438.6,29450.3,260.0
1782240240,29450.0,29461.8,29442.1,29451.1,269.0
1782240300,29451.0,29463.7,29441.6,29449.2,279.0
1782240360,29448.8,29453.7,29439.2,29445.3,258.0
1782240420,29445.0,29456.5,29442.6,29446.8,253.0
1782240480,29447.3,29476.3,29444.5,29467.3,273.0
1782240540,29468.7,29468.7,29440.2,29442.8,263.0
1782240600,29443.2,29464.3,29437.8,29457.8,274.0
1782240660,29457.8,29495.6,29452.8,29493.0,276.0
1782240720,29491.3,29508.0,29489.0,29504.8,267.0
1782240780,29504.7,29528.6,29504.3,29517.3,269.0
1782240840,29517.3,29538.3,29514.3,29515.6,277.0
1782240900,29515.6,29515.7,29478.5,29492.8,263.0
1782240960,29492.8,29513.2,29482.6,29506.3,270.0
1782241020,29506.6,29530.5,29502.2,29521.6,276.0
1782241080,29521.6,29531.0,29511.3,29514.0,262.0
1782241140,29514.1,29521.7,29505.0,29515.3,268.0
1782241200,29515.3,29536.2,29508.0,29536.2,282.0
1782241260,29536.6,29564.2,29534.6,29557.2,267.0
1782241320,29557.5,29564.5,29551.7,29553.2,259.0
1782241380,29552.3,29569.6,29552.3,29568.3,264.0
1782241440,29568.8,29577.6,29561.5,29575.6,275.0
1782241500,29575.2,29607.2,29573.5,29594.2,266.0
1782241560,29593.5,29594.0,29565.3,29581.0,272.0
1782241620,29580.1,29583.1,29560.5,29560.5,261.0
1782241680,29560.6,29577.8,29556.7,29577.6,273.0
1782241740,29577.8,29594.7,29574.0,29589.8,267.0
1782241800,29590.8,29611.0,29589.7,29602.6,269.0
1782241860,29602.2,29624.6,29597.1,29620.6,263.0
1782241920,29619.8,29631.3,29614.7,29625.6,265.0
1782241980,29625.5,29632.0,29615.2,29615.2,275.0
1782242040,29613.8,29631.0,29608.5,29622.0,253.0
1782242100,29622.6,29632.7,29616.2,29618.5,272.0
1782242160,29619.7,29623.5,29597.7,29602.5,273.0
1782242220,29601.6,29606.6,29588.3,29590.6,252.0
1782242280,29592.0,29613.2,29590.0,29598.7,261.0
1782242340,29598.7,29611.3,29576.7,29582.3,260.0
1782242400,29582.6,29583.5,29552.1,29555.1,274.0
1782242460,29553.8,29575.6,29553.8,29573.3,258.0
1782242520,29572.2,29588.7,29565.5,29588.7,259.0
1782242580,29589.0,29611.0,29588.6,29608.2,264.0
1782242640,29608.2,29621.5,29600.3,29612.1,261.0
1782242700,29609.7,29614.2,29595.1,29595.2,256.0
1782242760,29595.2,29595.5,29580.6,29586.8,268.0
1782242820,29587.0,29598.1,29577.0,29598.1,256.0
1782242880,29597.6,29608.3,29596.8,29600.6,240.0
1782242940,29600.0,29609.7,29593.5,29595.5,253.0
1782243000,29595.2,29606.6,29584.3,29586.8,262.0
1782243060,29585.7,29587.2,29564.0,29586.1,252.0
1782243120,29587.0,29591.8,29574.0,29587.5,264.0
1782243180,29587.3,29595.3,29577.6,29579.7,255.0
1782243240,29579.8,29585.0,29561.6,29566.7,269.0
1782243300,29566.2,29579.6,29556.8,29563.1,263.0
1782243360,29563.2,29587.2,29562.5,29579.6,249.0
1782243420,29580.1,29586.6,29569.3,29577.8,257.0
1782243480,29578.2,29582.2,29567.3,29568.6,246.0
1782243540,29569.0,29589.3,29569.0,29586.3,241.0
1782243600,29586.5,29603.1,29585.0,29602.1,263.0
1782243660,29602.2,29621.0,29598.6,29616.1,258.0
1782243720,29614.7,29615.7,29604.0,29607.6,257.0
1782243780,29609.1,29615.7,29600.5,29602.3,259.0
1782243840,29602.5,29621.5,29601.5,29618.6,255.0
1782243900,29618.8,29623.7,29601.6,29604.5,261.0
1782243960,29604.6,29610.0,29594.2,29599.5,260.0
1782244020,29600.7,29600.7,29570.7,29577.6,263.0
1782244080,29578.1,29588.7,29562.7,29565.0,275.0
1782244140,29565.7,29581.3,29562.8,29580.1,265.0
1782244200,29580.6,29582.8,29556.5,29564.8,259.0
1782244260,29563.3,29569.1,29549.1,29556.8,271.0
1782244320,29556.6,29576.8,29555.5,29566.7,257.0
1782244380,29566.5,29575.8,29555.7,29569.6,256.0
1782244440,29570.1,29576.5,29563.0,29572.7,249.0
1782244500,29573.1,29580.5,29555.0,29560.5,267.0
1782244560,29559.1,29581.3,29555.5,29558.5,269.0
1782244620,29558.6,29568.0,29555.3,29566.3,271.0
1782244680,29566.3,29579.8,29559.1,29576.5,257.0
1782244740,29576.3,29597.1,29575.3,29581.7,254.0
1782244800,29583.0,29583.0,29555.2,29558.5,259.0
1782244860,29558.5,29574.2,29550.6,29563.7,224.0
1782244920,29563.7,29566.8,29531.5,29539.1,269.0
1782244980,29538.5,29543.0,29529.8,29530.1,265.0
1782245040,29529.2,29535.7,29525.0,29533.1,260.0
1782245100,29531.6,29542.0,29515.0,29520.7,247.0
1782245160,29521.2,29526.1,29514.6,29519.0,263.0
1782245220,29519.1,29528.5,29516.6,29520.1,259.0
1782245280,29519.6,29532.3,29510.3,29526.0,265.0
1782245340,29525.3,29538.6,29520.0,29536.6,251.0
1782245400,29535.6,29563.7,29533.8,29558.3,266.0
1782245460,29557.6,29597.8,29555.7,29592.1,274.0
1782245520,29592.0,29599.6,29581.5,29590.3,253.0
1782245580,29589.3,29595.8,29580.5,29585.2,263.0
1782245640,29585.2,29593.8,29567.6,29568.1,262.0
1782245700,29569.8,29580.5,29569.1,29575.8,260.0
1782245760,29575.5,29586.6,29563.6,29578.2,272.0
1782245820,29578.2,29578.5,29538.8,29542.1,262.0
1782245880,29545.1,29556.1,29539.3,29553.3,265.0
1782245940,29553.8,29555.3,29539.7,29549.8,245.0
1782246000,29549.6,29561.5,29543.8,29561.0,271.0
1782246060,29560.6,29597.2,29560.1,29588.8,266.0
1782246120,29588.7,29592.7,29581.1,29588.2,263.0
1782246180,29587.2,29594.6,29583.8,29588.1,256.0
1782246240,29588.3,29607.6,29587.8,29596.1,255.0
1782246300,29595.8,29606.1,29578.0,29589.7,263.0
1782246360,29590.3,29593.2,29575.8,29591.7,250.0
1782246420,29592.3,29601.8,29590.0,29596.0,261.0
1782246480,29595.1,29608.7,29593.8,29597.8,263.0
1782246540,29598.3,29600.2,29580.1,29583.2,232.0
1782246600,29584.2,29587.5,29555.3,29564.1,262.0
1782246660,29564.5,29568.7,29549.7,29561.5,264.0
1782246720,29561.2,29576.5,29556.0,29574.1,257.0
1782246780,29574.1,29588.8,29574.1,29581.3,264.0
1782246840,29582.8,29590.5,29564.7,29590.2,260.0
1782246900,29590.5,29611.3,29589.5,29610.5,252.0
1782246960,29610.7,29613.7,29597.2,29600.5,248.0
1782247020,29599.7,29607.7,29581.7,29586.8,241.0
1782247080,29587.8,29588.0,29573.8,29579.3,255.0
1782247140,29580.3,29580.3,29565.7,29567.6,244.0
1782247200,29567.3,29574.5,29562.3,29563.8,258.0
1782247260,29563.5,29564.7,29550.0,29555.3,251.0
1782247320,29555.3,29555.8,29544.6,29554.0,245.0
1782247380,29554.2,29562.1,29546.7,29548.6,249.0
1782247440,29548.3,29555.6,29542.8,29547.1,251.0
1782247500,29547.0,29561.3,29541.0,29557.6,245.0
1782247560,29556.7,29562.5,29539.8,29542.5,258.0
1782247620,29542.7,29543.8,29533.5,29541.7,255.0
1782247680,29541.7,29547.6,29535.8,29540.1,253.0
1782247740,29540.5,29555.5,29540.5,29544.8,258.0
1782247800,29545.1,29546.6,29524.5,29526.8,262.0
1782247860,29526.1,29528.5,29515.1,29518.7,239.0
1782247920,29518.7,29523.3,29511.2,29515.5,251.0
1782247980,29516.6,29517.1,29499.7,29499.7,252.0
1782248040,29499.7,29504.7,29469.3,29475.2,259.0
1782248100,29474.0,29482.7,29457.6,29467.7,265.0
1782248160,29468.7,29468.7,29454.8,29461.8,259.0
1782248220,29462.1,29470.6,29458.0,29461.1,251.0
1782248280,29461.3,29468.1,29453.3,29456.7,247.0
1782248340,29457.0,29463.3,29449.7,29449.8,244.0
1782248400,29453.6,29483.6,29444.2,29483.6,268.0
1782248460,29484.6,29495.3,29474.7,29493.7,264.0
1782248520,29493.1,29499.7,29478.5,29478.5,266.0
1782248580,29479.1,29484.7,29470.7,29476.2,257.0
1782248640,29476.5,29479.2,29467.2,29469.5,252.0
1782248700,29469.3,29474.6,29463.2,29469.7,255.0
1782248760,29469.1,29475.2,29459.7,29462.7,237.0
1782248820,29462.5,29463.8,29431.5,29432.7,261.0
1782248880,29432.2,29443.2,29427.6,29439.5,244.0
1782248940,29439.6,29451.7,29439.2,29449.5,246.0
1782249000,29450.3,29459.5,29445.7,29453.7,255.0
1782249060,29453.6,29461.7,29451.5,29458.5,248.0
1782249120,29458.6,29465.6,29450.5,29452.0,267.0
1782249180,29452.2,29460.8,29449.0,29451.3,243.0
1782249240,29451.6,29468.2,29451.2,29463.2,238.0
1782249300,29462.6,29480.3,29460.6,29470.3,252.0
1782249360,29470.2,29478.0,29449.7,29452.0,245.0
1782249420,29452.1,29454.0,29443.1,29446.8,257.0
1782249480,29446.0,29450.5,29442.0,29442.0,249.0
1782249540,29442.2,29453.3,29441.6,29452.1,248.0
1782249600,29452.2,29454.2,29437.1,29439.5,248.0
1782249660,29439.5,29447.8,29438.2,29445.5,223.0
1782249720,29445.2,29468.3,29444.2,29466.7,260.0
1782249780,29466.5,29474.2,29458.5,29469.0,240.0
1782249840,29468.6,29469.7,29453.2,29462.1,243.0
1782249900,29462.5,29462.5,29442.8,29450.1,240.0
1782249960,29450.0,29453.2,29444.0,29448.5,227.0
1782250020,29448.7,29456.0,29448.2,29450.5,221.0
1782250080,29450.6,29455.7,29444.7,29453.2,252.0
1782250140,29453.3,29464.0,29449.7,29452.2,230.0
1782250200,29450.7,29451.6,29441.7,29444.7,232.0
1782250260,29444.7,29458.8,29442.2,29450.6,229.0
1782250320,29450.5,29454.7,29443.0,29446.2,228.0
1782250380,29446.2,29450.5,29438.5,29439.5,205.0
1782250440,29440.6,29442.8,29429.8,29432.0,213.0
1782250500,29432.2,29440.7,29426.2,29426.6,221.0
1782250560,29426.3,29436.7,29422.5,29428.7,239.0
1782250620,29428.7,29431.0,29423.0,29425.0,213.0
1782250680,29425.0,29426.5,29416.3,29417.5,217.0
1782250740,29417.1,29420.3,29411.7,29416.1,224.0
1782250800,29416.5,29416.5,29381.7,29382.5,259.0
1782250860,29383.2,29398.1,29383.2,29393.7,235.0
1782250920,29393.2,29393.8,29358.0,29359.5,253.0
1782250980,29358.3,29370.6,29352.0,29352.5,256.0
1782251040,29352.0,29357.7,29344.5,29346.5,247.0
1782251100,29346.7,29352.2,29323.6,29325.0,264.0
1782251160,29324.2,29332.6,29313.7,29315.3,253.0
1782251220,29315.7,29324.7,29306.2,29307.8,263.0
1782251280,29307.7,29342.1,29307.7,29334.5,273.0
1782251340,29335.2,29343.5,29330.5,29341.5,262.0
1782251400,29342.3,29374.7,29340.1,29368.0,263.0
1782251460,29368.0,29373.5,29354.0,29354.5,251.0
1782251520,29355.2,29361.2,29332.3,29337.7,245.0
1782251580,29337.0,29337.7,29305.8,29308.5,256.0
1782251640,29307.7,29324.2,29295.0,29322.7,267.0
1782251700,29323.0,29324.0,29302.2,29310.2,240.0
1782251760,29309.8,29319.7,29304.2,29311.5,267.0
1782251820,29310.3,29321.1,29303.5,29317.5,255.0
1782251880,29319.0,29343.0,29308.7,29343.0,271.0
1782251940,29342.5,29358.1,29342.2,29347.2,275.0
1782252000,29349.7,29358.5,29330.6,29356.5,267.0
1782252060,29356.7,29399.7,29354.7,29398.8,280.0
1782252120,29398.1,29400.0,29382.1,29393.0,272.0
1782252180,29393.2,29416.8,29389.0,29415.3,260.0
1782252240,29415.5,29433.1,29407.8,29428.1,263.0
1782252300,29428.6,29470.3,29427.1,29458.1,280.0
1782252360,29458.7,29458.7,29408.8,29412.3,276.0
1782252420,29413.0,29418.1,29390.6,29392.7,272.0
1782252480,29393.8,29398.0,29363.1,29368.1,270.0
1782252540,29367.6,29380.8,29367.1,29375.1,267.0
1782252600,29374.1,29379.0,29354.3,29357.3,272.0
1782252660,29357.6,29395.6,29355.8,29392.5,275.0
1782252720,29392.8,29405.7,29387.1,29401.6,269.0
1782252780,29401.8,29401.8,29368.3,29382.5,259.0
1782252840,29382.8,29400.8,29381.8,29391.3,262.0
1782252900,29389.7,29403.8,29381.8,29390.2,269.0
1782252960,29390.6,29403.6,29380.3,29386.2,266.0
1782253020,29387.3,29387.3,29359.8,29361.0,269.0
1782253080,29361.0,29368.6,29349.3,29357.3,266.0
1782253140,29356.1,29364.7,29346.7,29347.3,266.0
1782253200,29349.8,29363.8,29341.0,29342.1,273.0
1782253260,29342.0,29366.0,29334.6,29364.1,275.0
1782253320,29364.0,29374.8,29359.3,29363.0,272.0
1782253380,29363.2,29432.8,29362.1,29422.6,270.0
1782253440,29422.7,29423.0,29405.1,29406.3,268.0
1782253500,29407.1,29421.3,29395.1,29419.6,267.0
1782253560,29416.6,29451.0,29416.6,29423.6,273.0
1782253620,29423.6,29434.2,29416.2,29424.1,275.0
1782253680,29423.5,29426.5,29405.8,29410.6,273.0
1782253740,29409.6,29437.0,29407.2,29429.5,273.0
1782253800,29430.1,29451.3,29420.0,29433.2,269.0
1782253860,29432.7,29436.3,29411.6,29412.8,271.0
1782253920,29413.3,29436.7,29399.3,29434.1,267.0
1782253980,29435.5,29449.0,29424.3,29442.3,270.0
1782254040,29441.8,29461.8,29440.3,29453.8,270.0
1782254100,29455.6,29461.2,29436.1,29453.0,264.0
1782254160,29452.0,29461.8,29441.2,29445.8,271.0
1782254220,29445.8,29454.1,29436.3,29444.5,269.0
1782254280,29444.3,29456.7,29436.6,29441.7,267.0
1782254340,29441.0,29448.8,29432.2,29432.7,247.0
1782254400,29433.6,29441.5,29423.7,29426.8,260.0
1782254460,29427.0,29427.2,29411.3,29414.5,277.0
1782254520,29413.8,29422.5,29395.5,29401.2,267.0
1782254580,29401.8,29412.6,29393.2,29404.2,270.0
1782254640,29405.1,29426.3,29402.3,29413.8,258.0
1782254700,29415.1,29427.7,29400.0,29405.7,268.0
1782254760,29405.8,29412.2,29394.1,29397.6,269.0
1782254820,29397.5,29403.8,29381.3,29381.7,271.0
1782254880,29381.7,29382.6,29361.1,29370.1,261.0
1782254940,29370.2,29401.1,29369.5,29401.1,272.0
1782255000,29408.6,29431.2,29390.3,29415.7,261.0
1782255060,29419.3,29421.3,29395.7,29405.8,282.0
1782255120,29406.2,29411.2,29395.3,29401.2,273.0
1782255180,29402.3,29405.6,29378.0,29399.5,284.0
1782255240,29401.2,29449.7,29396.3,29444.7,274.0
1782255300,29445.0,29445.0,29418.6,29428.8,276.0
1782255360,29431.3,29436.7,29418.2,29428.2,265.0
1782255420,29428.1,29429.5,29405.5,29406.3,268.0
1782255480,29410.2,29418.6,29403.0,29413.7,268.0
1782255540,29416.8,29422.1,29360.7,29363.3,266.0
1782255600,29369.7,29378.0,29350.8,29359.0,280.0
1782255660,29360.1,29368.8,29354.6,29363.1,261.0
1782255720,29364.3,29379.7,29362.5,29378.8,243.0
1782255780,29379.7,29381.5,29372.5,29380.7,218.0
1782255840,29380.7,29398.2,29380.6,29391.7,240.0
1782255900,29392.6,29405.5,29390.3,29401.7,209.0
1782255960,29402.5,29414.0,29402.5,29412.5,213.0
1782256020,29412.6,29424.1,29411.3,29423.2,218.0
1782256080,29423.6,29434.5,29418.8,29431.7,195.0
1782256140,29431.7,29433.5,29418.2,29421.2,209.0
1782256200,29421.2,29425.5,29414.5,29421.5,204.0
1782256260,29421.3,29433.3,29417.3,29430.0,215.0
1782256320,29430.0,29435.0,29418.5,29422.6,199.0
1782256380,29422.5,29430.2,29421.3,29430.1,154.0
1782256440,29429.7,29432.1,29424.7,29425.1,166.0
1782256500,29426.3,29427.8,29419.0,29424.1,174.0
1782256560,29423.8,29429.8,29422.2,29427.1,148.0
1782256620,29427.1,29428.8,29415.8,29425.7,163.0
1782256680,29425.7,29427.5,29423.0,29424.3,129.0
1782256740,29424.3,29433.8,29424.3,29432.6,145.0
1782256800,29431.7,29433.2,29428.0,29429.5,160.0
1782256860,29429.8,29433.6,29427.5,29433.6,120.0
1782256920,29433.1,29441.0,29430.7,29436.2,116.0
1782256980,29436.2,29445.0,29436.2,29444.0,132.0
1782257040,29444.0,29449.6,29444.0,29446.0,156.0
1782257100,29446.5,29457.0,29444.3,29457.0,155.0
1782257160,29456.8,29459.0,29452.7,29454.3,139.0
1782257220,29454.3,29455.1,29449.3,29453.5,146.0
1782257280,29453.6,29461.0,29453.6,29460.2,115.0
1782257340,29460.8,29461.2,29450.1,29452.3,149.0
1782257400,29452.3,29455.7,29445.0,29455.1,133.0
1782257460,29455.1,29458.3,29453.1,29455.1,117.0
1782257520,29455.0,29458.6,29451.8,29453.3,109.0
1782257580,29453.3,29458.0,29453.1,29455.2,121.0
1782257640,29455.5,29464.0,29455.1,29460.2,126.0
1782257700,29460.2,29464.2,29460.0,29462.1,96.0
1782257760,29462.2,29462.2,29456.3,29461.1,127.0
1782257820,29461.2,29463.6,29459.3,29463.3,93.0
1782257880,29463.3,29465.7,29456.2,29457.7,127.0
1782257940,29456.7,29458.2,29445.5,29446.1,139.0
1782258000,29445.5,29446.8,29434.7,29437.7,153.0
1782258060,29437.8,29443.2,29436.3,29442.1,145.0
1782258120,29442.2,29446.1,29442.2,29445.2,119.0
1782258180,29445.0,29452.3,29445.0,29451.0,118.0
1782258240,29450.0,29451.7,29446.2,29446.7,121.0
1782258300,29446.6,29446.6,29441.8,29445.5,136.0
1782258360,29445.3,29446.3,29440.1,29443.3,135.0
1782258420,29443.3,29450.1,29442.1,29445.7,125.0
1782258480,29445.5,29447.7,29436.6,29440.3,128.0
1782258540,29440.3,29441.0,29433.7,29434.3,123.0
1782258600,29434.5,29442.1,29434.5,29439.5,123.0
1782258660,29439.3,29441.5,29438.0,29440.0,148.0
1782258720,29440.0,29444.5,29440.0,29443.0,89.0
1782258780,29443.0,29445.7,29440.6,29443.3,124.0
1782258840,29443.3,29445.1,29440.1,29442.6,131.0
1782258900,29441.7,29447.5,29438.3,29447.5,125.0
1782258960,29447.5,29461.3,29447.3,29460.7,136.0
1782259020,29460.7,29462.7,29457.7,29462.6,147.0
1782259080,29462.6,29469.0,29461.8,29468.8,129.0
1782259140,29441.1,29445.8,29429.3,29434.8,119.0
1782262800,29501.7,29511.9,29488.5,29489.1,188.0
1782262860,29490.0,29490.0,29468.2,29475.2,201.0
1782262920,29475.1,29487.5,29468.0,29472.4,139.0
1782262980,29472.5,29497.4,29472.5,29478.9,164.0
1782263040,29479.0,29480.2,29467.4,29476.5,161.0
1782263100,29469.9,29480.4,29469.4,29480.4,150.0
1782263160,29480.2,29490.9,29476.5,29489.6,138.0
1782263220,29489.6,29498.7,29486.1,29496.6,142.0
1782263280,29496.6,29503.9,29496.6,29503.5,137.0
1782263340,29503.4,29509.1,29502.4,29503.6,118.0
1782263400,29503.6,29507.7,29496.2,29504.0,140.0
1782263460,29503.7,29517.6,29503.2,29510.2,157.0
1782263520,29510.1,29518.1,29509.4,29516.6,104.0
1782263580,29516.9,29522.5,29513.0,29514.7,134.0
1782263640,29515.4,29518.1,29502.7,29502.7,133.0
1782263700,29501.5,29516.5,29501.4,29516.5,124.0
1782263760,29516.7,29523.4,29514.1,29515.9,155.0
1782263820,29515.5,29516.5,29508.2,29511.7,136.0
1782263880,29511.7,29512.7,29497.1,29497.7,142.0
1782263940,29497.7,29498.5,29482.1,29491.1,163.0
1782264000,29491.0,29495.0,29485.4,29485.5,141.0
1782264060,29485.2,29485.7,29466.1,29471.5,185.0
1782264120,29471.6,29472.7,29452.9,29453.0,180.0
1782264180,29453.9,29454.5,29440.4,29440.4,174.0
1782264240,29440.1,29450.0,29430.9,29431.7,183.0
1782264300,29431.1,29434.5,29424.1,29431.5,202.0
1782264360,29431.5,29434.7,29421.7,29424.9,146.0
1782264420,29424.9,29434.5,29423.0,29434.5,163.0
1782264480,29434.6,29440.6,29426.5,29429.2,185.0
1782264540,29429.2,29434.6,29424.2,29425.6,154.0
1782264600,29426.1,29448.2,29426.1,29447.4,178.0
1782264660,29447.4,29447.6,29437.5,29439.6,151.0
1782264720,29439.7,29445.1,29437.6,29440.2,155.0
1782264780,29440.2,29440.4,29411.7,29413.0,173.0
1782264840,29413.0,29415.2,29388.7,29398.2,227.0
1782264900,29398.1,29400.0,29383.0,29386.0,216.0
1782264960,29385.6,29404.5,29385.0,29398.4,186.0
1782265020,29398.6,29401.7,29374.9,29381.4,172.0
1782265080,29381.5,29396.1,29381.5,29393.2,165.0
1782265140,29393.2,29397.4,29382.4,29392.2,157.0
1782265200,29392.4,29398.1,29378.6,29397.0,169.0
1782265260,29397.4,29399.5,29390.9,29391.6,142.0
1782265320,29391.5,29391.7,29367.5,29374.4,189.0
1782265380,29374.4,29377.6,29363.6,29365.5,150.0
1782265440,29365.2,29368.2,29353.6,29361.9,189.0
1782265500,29361.5,29377.6,29359.1,29375.9,198.0
1782265560,29376.0,29382.2,29376.0,29381.0,143.0
1782265620,29381.0,29381.9,29374.2,29377.6,117.0
1782265680,29378.2,29385.5,29374.4,29385.5,134.0
1782265740,29385.5,29387.5,29380.4,29387.5,115.0
1782265800,29387.5,29397.7,29382.9,29392.0,158.0
1782265860,29392.0,29396.0,29387.4,29387.9,130.0
1782265920,29388.4,29388.4,29372.5,29375.1,137.0
1782265980,29375.1,29398.6,29374.0,29398.5,158.0
1782266040,29398.4,29400.4,29390.4,29394.2,143.0
1782266100,29394.1,29402.9,29392.2,29400.4,145.0
1782266160,29399.4,29403.9,29399.1,29401.2,120.0
1782266220,29401.2,29409.1,29398.6,29406.1,153.0
1782266280,29406.1,29407.0,29397.2,29400.5,151.0
1782266340,29400.4,29401.9,29397.7,29399.7,107.0
1782266400,29399.7,29403.4,29376.9,29377.7,171.0
1782266460,29378.2,29387.1,29376.6,29382.5,164.0
1782266520,29385.0,29386.2,29372.5,29381.7,158.0
1782266580,29381.5,29382.1,29362.4,29363.6,165.0
1782266640,29363.5,29366.4,29351.9,29354.6,157.0
1782266700,29354.6,29356.2,29310.9,29315.5,241.0
1782266760,29315.5,29324.1,29308.6,29317.1,191.0
1782266820,29317.2,29323.2,29313.1,29315.7,162.0
1782266880,29315.7,29326.2,29308.5,29325.6,166.0
1782266940,29325.6,29339.9,29324.6,29338.5,192.0
1782267000,29338.6,29341.6,29334.5,29335.4,155.0
1782267060,29335.0,29359.6,29334.7,29357.9,176.0
1782267120,29358.6,29368.4,29358.2,29364.7,178.0
1782267180,29364.6,29377.9,29362.0,29377.6,152.0
1782267240,29376.4,29384.9,29371.5,29372.6,167.0
1782267300,29372.6,29393.7,29370.1,29391.2,170.0
1782267360,29391.2,29392.9,29382.0,29382.2,156.0
1782267420,29382.2,29386.9,29379.6,29382.4,146.0
1782267480,29382.4,29386.5,29380.7,29385.0,107.0
1782267540,29385.0,29391.5,29385.0,29389.0,121.0
1782267600,29389.2,29389.7,29382.9,29385.4,112.0
1782267660,29385.4,29399.0,29383.1,29397.7,118.0
1782267720,29397.7,29405.9,29396.2,29402.6,167.0
1782267780,29403.2,29406.0,29400.6,29406.0,110.0
1782267840,29406.0,29409.9,29402.0,29409.1,103.0
1782267900,29409.1,29411.6,29405.5,29408.2,161.0
1782267960,29408.4,29414.1,29405.1,29405.7,128.0
1782268020,29405.9,29407.0,29392.9,29401.6,150.0
1782268080,29401.6,29409.7,29400.7,29407.6,153.0
1782268140,29407.6,29408.6,29400.4,29401.5,106.0
1782268200,29401.9,29406.9,29398.5,29400.4,136.0
1782268260,29400.4,29401.1,29394.7,29397.5,92.0
1782268320,29397.4,29398.2,29376.6,29383.4,179.0
1782268380,29383.5,29383.5,29369.5,29371.1,158.0
1782268440,29370.7,29376.4,29362.2,29364.4,176.0
1782268500,29366.2,29369.7,29361.1,29366.9,181.0
1782268560,29366.9,29372.7,29363.1,29363.4,161.0
1782268620,29363.4,29371.7,29352.2,29353.6,160.0
1782268680,29353.0,29360.6,29352.5,29360.0,165.0
1782268740,29360.0,29362.7,29345.7,29348.4,129.0
1782268800,29347.9,29363.2,29341.4,29363.2,182.0
1782268860,29364.6,29366.1,29356.2,29360.1,176.0
1782268920,29360.1,29376.6,29359.1,29375.4,184.0
1782268980,29375.4,29377.1,29370.6,29372.6,159.0
1782269040,29372.6,29377.1,29370.9,29375.6,144.0
1782269100,29375.1,29438.5,29373.5,29438.1,257.0
1782269160,29439.4,29485.0,29434.5,29484.2,257.0
1782269220,29484.2,29484.2,29459.5,29466.2,245.0
1782269280,29465.5,29474.2,29454.1,29463.1,244.0
1782269340,29463.0,29466.1,29455.1,29455.1,212.0
1782269400,29454.0,29468.1,29443.0,29446.6,214.0
1782269460,29446.6,29457.1,29444.0,29454.6,223.0
1782269520,29454.4,29466.2,29446.4,29465.1,204.0
1782269580,29465.6,29469.6,29457.1,29469.5,171.0
1782269640,29469.0,29472.5,29452.4,29452.4,200.0
1782269700,29452.5,29468.6,29451.5,29463.2,193.0
1782269760,29463.2,29470.1,29459.0,29467.0,198.0
1782269820,29467.0,29470.0,29456.7,29456.7,154.0
1782269880,29456.7,29465.9,29452.2,29458.0,173.0
1782269940,29457.9,29469.4,29457.1,29468.9,193.0
1782270000,29467.5,29506.2,29460.0,29502.5,275.0
1782270060,29503.0,29517.4,29495.0,29517.4,265.0
1782270120,29516.9,29526.7,29483.9,29483.9,261.0
1782270180,29484.4,29498.5,29477.6,29482.1,261.0
1782270240,29482.1,29485.6,29465.4,29469.4,263.0
1782270300,29469.0,29471.4,29457.4,29468.4,263.0
1782270360,29469.1,29514.9,29467.0,29514.6,260.0
1782270420,29514.4,29540.0,29513.2,29537.2,250.0
1782270480,29537.1,29543.5,29520.9,29534.0,246.0
1782270540,29533.7,29549.4,29533.7,29542.7,251.0
1782270600,29541.9,29560.6,29541.9,29559.1,245.0
1782270660,29558.6,29570.1,29543.1,29568.9,244.0
1782270720,29569.0,29570.4,29555.1,29557.1,254.0
1782270780,29557.2,29557.2,29528.6,29533.9,265.0
1782270840,29533.9,29548.2,29529.1,29544.1,265.0
1782270900,29543.5,29562.9,29539.5,29554.1,252.0
1782270960,29554.1,29566.1,29540.5,29565.6,258.0
1782271020,29565.1,29577.1,29562.4,29568.1,252.0
1782271080,29566.6,29576.9,29565.9,29576.1,238.0
1782271140,29575.5,29578.0,29570.0,29571.6,253.0
1782271200,29571.6,29574.9,29557.4,29561.7,267.0
1782271260,29561.9,29569.6,29550.6,29554.9,258.0
1782271320,29557.2,29559.9,29547.2,29558.1,236.0
1782271380,29559.0,29564.9,29540.5,29540.9,250.0
1782271440,29541.1,29545.5,29531.9,29535.0,239.0
1782271500,29535.9,29547.5,29531.4,29543.9,250.0
1782271560,29541.6,29561.4,29528.5,29561.0,250.0
1782271620,29560.5,29564.9,29551.6,29554.2,256.0
1782271680,29554.4,29558.7,29543.4,29553.1,245.0
1782271740,29552.5,29571.6,29550.1,29569.0,244.0
1782271800,29569.1,29575.5,29564.7,29569.4,257.0
1782271860,29569.4,29576.0,29559.0,29572.2,243.0
1782271920,29572.2,29592.9,29571.0,29588.2,237.0
1782271980,29588.2,29594.4,29581.2,29581.2,236.0
1782272040,29581.2,29593.7,29578.6,29592.2,238.0
1782272100,29592.6,29603.4,29583.6,29585.4,230.0
1782272160,29585.6,29602.9,29584.5,29600.2,241.0
1782272220,29600.1,29600.7,29575.2,29581.1,236.0
1782272280,29580.9,29591.4,29575.4,29587.5,246.0
1782272340,29588.4,29597.7,29583.1,29596.1,243.0
1782272400,29595.5,29596.6,29583.2,29593.4,238.0
1782272460,29591.9,29597.7,29579.2,29589.1,245.0
1782272520,29586.2,29611.9,29586.2,29596.6,253.0
1782272580,29595.9,29609.1,29595.9,29607.1,222.0
1782272640,29607.6,29610.4,29598.0,29598.4,224.0
1782272700,29598.5,29603.9,29585.6,29594.0,255.0
1782272760,29595.4,29607.9,29595.4,29596.7,242.0
1782272820,29597.5,29599.2,29587.0,29587.9,246.0
1782272880,29588.4,29595.1,29580.5,29589.7,235.0
1782272940,29589.5,29591.1,29580.6,29586.5,243.0
1782273000,29585.9,29598.1,29578.1,29591.4,242.0
1782273060,29591.9,29591.9,29568.6,29571.4,240.0
1782273120,29571.2,29577.7,29565.0,29572.7,258.0
1782273180,29574.7,29579.4,29571.7,29578.1,225.0
1782273240,29578.1,29580.4,29554.9,29559.2,226.0
1782273300,29559.2,29560.7,29547.7,29555.6,249.0
1782273360,29555.6,29558.1,29537.7,29539.2,239.0
1782273420,29539.0,29557.9,29536.0,29549.7,250.0
1782273480,29550.0,29558.0,29547.6,29551.5,250.0
1782273540,29551.1,29567.9,29549.9,29566.0,235.0
1782273600,29570.4,29572.2,29534.5,29537.9,268.0
1782273660,29537.9,29542.4,29531.4,29540.2,261.0
1782273720,29540.9,29549.9,29531.1,29546.0,264.0
1782273780,29546.2,29546.4,29519.6,29520.2,251.0
1782273840,29520.4,29522.9,29505.6,29510.0,262.0
1782273900,29510.4,29513.1,29501.4,29509.7,268.0
1782273960,29510.0,29525.4,29508.5,29525.1,259.0
1782274020,29525.1,29542.9,29524.6,29541.0,246.0
1782274080,29541.4,29546.2,29522.2,29524.2,258.0
1782274140,29523.4,29524.0,29502.2,29508.4,263.0
1782274200,29509.1,29522.4,29504.0,29514.9,252.0
1782274260,29514.4,29533.2,29507.5,29517.1,257.0
1782274320,29515.9,29540.4,29515.6,29536.9,253.0
1782274380,29536.9,29540.9,29524.1,29530.4,246.0
1782274440,29528.4,29541.0,29527.6,29538.9,238.0
1782274500,29538.9,29542.0,29524.4,29533.1,243.0
1782274560,29532.2,29532.2,29506.1,29508.4,261.0
1782274620,29508.4,29512.9,29495.0,29495.7,250.0
1782274680,29494.5,29500.6,29484.7,29497.5,257.0
1782274740,29498.9,29501.4,29483.0,29491.9,233.0
1782274800,29492.1,29502.9,29482.6,29492.9,264.0
1782274860,29492.9,29500.7,29487.0,29492.9,237.0
1782274920,29493.2,29512.0,29493.2,29506.0,246.0
1782274980,29505.6,29527.1,29502.1,29526.1,246.0
1782275040,29526.6,29539.7,29522.2,29535.6,259.0
1782275100,29536.7,29543.9,29531.0,29541.4,244.0
1782275160,29541.4,29547.4,29537.2,29541.7,232.0
1782275220,29541.5,29541.7,29522.9,29526.7,261.0
1782275280,29527.1,29531.5,29520.5,29522.9,243.0
1782275340,29521.9,29538.0,29519.4,29537.5,234.0
1782275400,29536.6,29553.4,29533.0,29553.4,265.0
1782275460,29552.4,29555.4,29543.7,29554.7,246.0
1782275520,29555.2,29557.9,29546.6,29554.4,251.0
1782275580,29554.2,29561.2,29551.0,29558.1,235.0
1782275640,29558.1,29558.4,29549.9,29552.7,261.0
1782275700,29553.0,29553.0,29535.0,29547.0,250.0
1782275760,29547.1,29551.9,29529.6,29534.0,245.0
1782275820,29534.0,29547.4,29531.9,29540.5,242.0
1782275880,29540.7,29552.0,29536.4,29543.7,232.0
1782275940,29543.6,29548.1,29540.4,29544.2,237.0
1782276000,29544.1,29552.4,29531.1,29532.4,241.0
1782276060,29532.5,29559.9,29530.6,29559.9,261.0
1782276120,29559.7,29563.0,29544.4,29549.7,242.0
1782276180,29550.5,29563.7,29542.9,29563.1,241.0
1782276240,29563.0,29565.2,29546.1,29552.2,238.0
1782276300,29552.6,29560.5,29527.2,29538.1,238.0
1782276360,29537.9,29540.4,29532.2,29533.6,230.0
1782276420,29533.2,29542.6,29528.9,29539.4,231.0
1782276480,29539.4,29548.0,29535.9,29540.7,235.0
1782276540,29540.7,29547.2,29534.7,29542.6,231.0
1782276600,29541.7,29556.1,29534.6,29552.2,233.0
1782276660,29552.2,29559.1,29549.4,29550.5,241.0
1782276720,29550.9,29553.4,29538.4,29543.5,234.0
1782276780,29543.4,29558.1,29540.2,29557.5,218.0
1782276840,29558.1,29571.9,29553.4,29566.7,214.0
1782276900,29565.2,29565.9,29543.4,29547.7,243.0
1782276960,29546.6,29557.4,29546.6,29552.0,218.0
1782277020,29551.5,29566.0,29551.4,29557.6,210.0
1782277080,29557.4,29563.9,29550.1,29553.7,222.0
1782277140,29553.5,29553.5,29539.5,29548.1,223.0
1782277200,29548.1,29548.1,29530.2,29533.9,231.0
1782277260,29533.7,29551.6,29532.7,29549.4,218.0
1782277320,29549.4,29558.5,29533.6,29534.7,219.0
1782277380,29534.7,29553.6,29532.4,29548.7,219.0
1782277440,29548.4,29554.1,29542.6,29548.9,221.0
1782277500,29548.9,29550.4,29538.0,29538.0,233.0
1782277560,29538.0,29549.6,29533.6,29535.1,235.0
1782277620,29534.4,29537.9,29521.1,29527.0,245.0
1782277680,29527.1,29532.9,29521.2,29526.7,227.0
1782277740,29526.5,29546.5,29526.5,29543.5,226.0
1782277800,29543.9,29549.6,29543.9,29548.7,211.0
1782277860,29548.5,29558.5,29546.2,29548.9,209.0
1782277920,29548.5,29554.7,29538.2,29542.0,215.0
1782277980,29542.0,29543.5,29536.2,29538.2,202.0
1782278040,29538.1,29541.2,29533.2,29538.5,212.0
1782278100,29538.5,29538.6,29522.9,29528.7,214.0
1782278160,29530.2,29532.2,29519.7,29526.5,213.0
1782278220,29524.5,29527.0,29506.2,29508.7,227.0
1782278280,29511.2,29514.7,29503.2,29514.7,222.0
1782278340,29515.0,29528.6,29512.6,29523.0,224.0
1782278400,29522.4,29527.2,29515.1,29520.1,221.0
1782278460,29520.1,29521.1,29503.2,29503.4,220.0
1782278520,29503.0,29503.9,29487.7,29497.6,208.0
1782278580,29497.5,29499.0,29489.4,29489.9,197.0
1782278640,29490.1,29495.2,29483.4,29494.0,225.0
1782278700,29494.0,29509.1,29494.0,29507.0,224.0
1782278760,29507.7,29509.2,29499.4,29500.4,213.0
1782278820,29499.9,29504.9,29491.7,29503.7,201.0
1782278880,29503.7,29513.5,29502.2,29510.4,206.0
1782278940,29510.2,29520.0,29510.2,29516.4,205.0
1782279000,29516.5,29530.9,29511.6,29511.6,235.0
1782279060,29510.5,29513.4,29503.0,29510.5,215.0
1782279120,29510.7,29510.7,29499.6,29501.4,199.0
1782279180,29500.0,29503.9,29498.6,29503.1,157.0
1782279240,29503.9,29505.9,29496.5,29497.4,195.0
1782279300,29496.7,29500.9,29490.2,29492.5,212.0
1782279360,29492.6,29492.7,29485.5,29488.6,179.0
1782279420,29489.2,29490.4,29473.6,29474.9,208.0
1782279480,29474.5,29481.2,29473.9,29479.7,213.0
1782279540,29479.7,29479.7,29453.9,29459.4,218.0
1782279600,29459.2,29467.9,29448.2,29462.1,232.0
1782279660,29462.0,29468.5,29455.6,29456.0,211.0
1782279720,29455.9,29455.9,29438.1,29444.2,238.0
1782279780,29444.7,29453.0,29442.7,29451.2,225.0
1782279840,29451.5,29453.7,29439.7,29443.5,228.0
1782279900,29443.6,29449.9,29437.0,29437.2,229.0
1782279960,29437.1,29437.1,29419.6,29421.6,225.0
1782280020,29422.1,29425.2,29411.2,29415.6,233.0
1782280080,29417.0,29424.9,29402.5,29419.2,238.0
1782280140,29419.7,29419.9,29406.1,29410.1,203.0
1782280200,29410.9,29414.6,29394.2,29394.2,243.0
1782280260,29393.5,29404.0,29391.1,29398.5,230.0
1782280320,29398.4,29405.0,29392.6,29396.9,240.0
1782280380,29396.9,29408.1,29394.5,29395.0,218.0
1782280440,29395.1,29396.6,29383.1,29395.0,230.0
1782280500,29395.6,29403.9,29389.2,29395.0,223.0
1782280560,29394.1,29395.6,29384.5,29393.0,233.0
1782280620,29393.6,29399.0,29384.1,29384.6,208.0
1782280680,29382.6,29383.1,29367.6,29372.4,233.0
1782280740,29372.6,29373.0,29356.9,29358.9,226.0
1782280800,29358.4,29378.5,29355.2,29365.7,243.0
1782280860,29365.9,29384.1,29358.6,29380.0,242.0
1782280920,29380.0,29380.9,29365.0,29369.0,216.0
1782280980,29368.1,29369.9,29357.4,29367.4,210.0
1782281040,29368.6,29372.0,29352.6,29356.7,226.0
1782281100,29356.9,29360.9,29347.6,29350.5,233.0
1782281160,29350.5,29352.2,29336.6,29345.5,250.0
1782281220,29346.1,29363.9,29344.6,29360.4,231.0
1782281280,29360.2,29370.9,29355.5,29366.2,247.0
1782281340,29366.2,29396.9,29363.2,29391.2,236.0
1782281400,29391.2,29424.0,29389.4,29417.9,262.0
1782281460,29418.2,29436.9,29414.5,29436.2,241.0
1782281520,29436.5,29445.9,29430.0,29440.5,245.0
1782281580,29441.4,29448.1,29436.9,29444.2,238.0
1782281640,29445.2,29455.4,29441.9,29446.7,225.0
1782281700,29446.7,29447.0,29424.5,29432.6,231.0
1782281760,29433.2,29434.5,29413.1,29414.9,223.0
1782281820,29414.1,29415.6,29402.1,29409.1,220.0
1782281880,29409.0,29412.6,29404.1,29407.5,239.0
1782281940,29407.5,29416.6,29400.1,29403.9,230.0
1782282000,29403.9,29424.6,29402.7,29418.9,240.0
1782282060,29417.2,29418.9,29398.9,29401.0,221.0
1782282120,29401.1,29417.1,29401.1,29414.2,209.0
1782282180,29414.5,29420.5,29409.1,29409.7,225.0
1782282240,29408.5,29408.7,29393.0,29400.9,229.0
1782282300,29400.9,29422.2,29400.0,29419.2,240.0
1782282360,29420.5,29428.2,29414.4,29426.5,248.0
1782282420,29426.9,29440.9,29424.2,29438.4,223.0
1782282480,29438.4,29453.5,29437.6,29451.2,219.0
1782282540,29451.7,29470.5,29448.4,29468.9,230.0
1782282600,29469.5,29478.7,29464.1,29471.0,257.0
1782282660,29471.1,29480.1,29464.2,29478.0,228.0
1782282720,29478.0,29491.2,29477.9,29485.6,250.0
1782282780,29484.2,29487.7,29469.4,29472.7,237.0
1782282840,29471.2,29479.9,29466.7,29479.1,238.0
1782282900,29479.1,29499.6,29479.1,29486.9,238.0
1782282960,29487.5,29491.4,29479.2,29489.0,215.0
1782283020,29489.6,29490.4,29471.0,29472.1,232.0
1782283080,29472.0,29472.1,29460.5,29468.9,236.0
1782283140,29469.4,29472.4,29463.7,29471.6,215.0
1782283200,29471.5,29476.0,29456.7,29475.2,239.0
1782283260,29475.2,29481.1,29465.5,29469.2,242.0
1782283320,29469.2,29479.9,29463.7,29468.2,228.0
1782283380,29468.1,29476.4,29465.9,29472.5,228.0
1782283440,29472.9,29472.9,29462.0,29462.2,198.0
1782283500,29463.0,29463.9,29454.1,29459.1,220.0
1782283560,29458.2,29467.2,29451.0,29451.4,208.0
1782283620,29453.0,29459.2,29447.0,29450.9,192.0
1782283680,29451.1,29457.7,29445.0,29455.4,198.0
1782283740,29455.2,29459.9,29446.6,29448.4,184.0
1782283800,29448.1,29449.9,29434.0,29439.5,213.0
1782283860,29439.7,29447.6,29435.6,29442.9,227.0
1782283920,29443.2,29448.4,29431.2,29447.9,199.0
1782283980,29448.2,29457.9,29442.1,29442.2,239.0
1782284040,29442.2,29447.1,29435.1,29441.2,218.0
1782284100,29441.5,29443.7,29434.5,29439.0,212.0
1782284160,29439.0,29455.7,29435.2,29451.5,214.0
1782284220,29451.5,29459.5,29446.2,29452.0,208.0
1782284280,29452.5,29464.9,29447.4,29464.4,200.0
1782284340,29463.9,29468.6,29461.1,29466.4,215.0
1782284400,29467.5,29470.0,29449.4,29452.7,247.0
1782284460,29452.1,29453.5,29443.1,29444.1,214.0
1782284520,29444.9,29448.5,29434.9,29435.4,208.0
1782284580,29435.7,29435.9,29421.9,29421.9,214.0
1782284640,29422.0,29427.0,29417.6,29418.0,173.0
1782284700,29417.5,29418.7,29405.2,29414.6,231.0
1782284760,29414.5,29416.4,29404.1,29410.2,218.0
1782284820,29410.1,29426.9,29409.9,29414.5,222.0
1782284880,29414.1,29416.7,29407.0,29408.6,227.0
1782284940,29408.7,29422.6,29404.6,29419.5,231.0
1782285000,29419.5,29430.1,29418.6,29419.7,199.0
1782285060,29418.7,29422.1,29408.6,29417.7,192.0
1782285120,29417.9,29426.0,29413.1,29413.2,216.0
1782285180,29412.9,29412.9,29402.6,29404.4,209.0
1782285240,29404.0,29412.1,29396.1,29408.9,200.0
1782285300,29408.1,29416.9,29405.7,29413.2,215.0
1782285360,29413.2,29420.2,29403.2,29403.7,210.0
1782285420,29403.9,29404.0,29390.0,29396.1,226.0
1782285480,29396.0,29398.9,29387.5,29397.4,198.0
1782285540,29396.7,29399.4,29384.4,29384.7,214.0
1782285600,29384.4,29389.7,29379.2,29382.1,177.0
1782285660,29382.1,29388.2,29379.0,29383.4,207.0
1782285720,29382.9,29394.5,29375.4,29390.1,233.0
1782285780,29390.2,29400.0,29375.6,29378.6,231.0
1782285840,29378.6,29382.9,29375.0,29381.5,200.0
1782285900,29381.5,29391.6,29381.4,29388.4,219.0
1782285960,29386.4,29393.7,29381.0,29386.6,211.0
1782286020,29386.5,29402.9,29386.0,29397.6,230.0
1782286080,29397.1,29397.1,29389.4,29392.0,213.0
1782286140,29392.0,29397.6,29384.2,29389.0,224.0
1782286200,29389.5,29417.4,29388.7,29404.9,241.0
1782286260,29405.4,29411.5,29396.1,29407.1,228.0
1782286320,29406.7,29429.2,29406.7,29427.1,228.0
1782286380,29428.4,29428.7,29419.4,29423.6,231.0
1782286440,29423.1,29434.1,29419.5,29431.9,218.0
1782286500,29431.6,29431.6,29417.0,29430.4,230.0
1782286560,29430.5,29459.5,29426.4,29457.2,253.0
1782286620,29455.9,29462.7,29452.2,29462.4,231.0
1782286680,29462.4,29465.7,29455.1,29459.5,234.0
1782286740,29459.0,29463.1,29452.4,29462.5,244.0
1782286800,29463.5,29479.6,29455.1,29478.4,235.0
1782286860,29478.4,29483.1,29472.5,29479.7,226.0
1782286920,29479.1,29489.1,29476.7,29489.0,224.0
1782286980,29489.0,29489.0,29476.7,29476.7,223.0
1782287040,29478.2,29482.0,29472.2,29473.2,225.0
1782287100,29473.5,29483.7,29472.2,29475.0,215.0
1782287160,29475.0,29484.4,29471.2,29483.4,200.0
1782287220,29483.4,29491.0,29480.2,29485.7,229.0
1782287280,29485.5,29485.5,29474.7,29480.1,206.0
1782287340,29480.2,29491.7,29479.4,29490.9,209.0
1782287400,29491.9,29497.0,29488.9,29495.9,203.0
1782287460,29496.2,29506.1,29489.1,29498.6,222.0
1782287520,29498.2,29499.1,29488.9,29496.4,204.0
1782287580,29497.1,29498.2,29488.7,29492.0,219.0
1782287640,29492.0,29501.5,29490.4,29498.1,206.0
1782287700,29496.9,29506.1,29488.7,29504.9,217.0
1782287760,29505.1,29511.1,29500.2,29504.6,202.0
1782287820,29504.9,29508.7,29500.2,29503.6,212.0
1782287880,29503.6,29508.1,29499.1,29503.1,205.0
1782287940,29503.4,29506.6,29496.2,29505.6,204.0
1782288000,29505.6,29519.0,29500.1,29504.1,232.0
1782288060,29504.4,29513.2,29503.7,29508.7,221.0
1782288120,29508.9,29527.9,29502.9,29526.4,220.0
1782288180,29526.7,29529.6,29518.5,29526.4,225.0
1782288240,29525.7,29527.5,29518.6,29525.4,230.0
1782288300,29525.0,29534.1,29515.4,29515.7,236.0
1782288360,29515.7,29518.1,29503.0,29511.7,233.0
1782288420,29511.6,29519.1,29507.1,29512.4,227.0
1782288480,29512.1,29523.2,29510.1,29519.5,196.0
1782288540,29518.0,29541.4,29516.2,29537.6,236.0
1782288600,29537.5,29538.1,29529.6,29532.2,228.0
1782288660,29531.5,29546.5,29530.5,29546.1,200.0
1782288720,29546.1,29551.0,29542.6,29544.5,221.0
1782288780,29543.9,29553.7,29539.6,29540.2,238.0
1782288840,29540.0,29541.6,29531.1,29537.7,238.0
1782288900,29537.6,29542.2,29528.1,29541.9,209.0
1782288960,29541.7,29555.9,29541.7,29546.6,222.0
1782289020,29546.6,29560.6,29543.4,29560.6,219.0
1782289080,29560.6,29572.1,29559.7,29569.7,213.0
1782289140,29569.1,29575.0,29565.5,29572.2,220.0
1782289200,29572.4,29577.1,29564.1,29567.1,223.0
1782289260,29567.7,29581.9,29565.4,29578.4,214.0
1782289320,29578.4,29578.4,29563.2,29567.1,233.0
1782289380,29566.7,29569.1,29557.4,29566.6,235.0
1782289440,29565.7,29577.0,29561.5,29576.1,232.0
1782289500,29575.6,29582.9,29559.6,29559.7,232.0
1782289560,29559.9,29569.9,29555.6,29560.0,234.0
1782289620,29559.4,29565.4,29556.2,29564.0,217.0
1782289680,29564.2,29570.7,29560.2,29569.1,217.0
1782289740,29568.4,29568.5,29553.1,29555.6,219.0
1782289800,29556.2,29566.9,29556.1,29561.6,233.0
1782289860,29562.4,29576.2,29560.9,29575.6,221.0
1782289920,29575.6,29594.0,29573.0,29591.9,224.0
1782289980,29589.7,29592.6,29574.0,29576.0,226.0
1782290040,29576.0,29576.7,29559.6,29565.4,202.0
1782290100,29564.9,29575.9,29563.9,29574.7,221.0
1782290160,29574.4,29589.0,29573.7,29588.5,201.0
1782290220,29589.0,29590.7,29583.9,29586.1,178.0
1782290280,29586.1,29595.4,29583.9,29595.1,191.0
1782290340,29595.2,29604.6,29593.2,29598.7,197.0
1782290400,29599.0,29599.0,29583.4,29583.4,226.0
1782290460,29583.1,29583.7,29572.4,29572.9,221.0
1782290520,29572.4,29574.4,29563.9,29570.1,226.0
1782290580,29571.1,29576.2,29564.7,29565.0,219.0
1782290640,29565.1,29569.4,29562.6,29565.6,215.0
1782290700,29565.6,29573.7,29557.1,29567.2,226.0
1782290760,29566.9,29578.1,29565.1,29567.1,208.0
1782290820,29566.9,29571.0,29563.5,29569.5,210.0
1782290880,29569.5,29570.7,29563.5,29565.5,174.0
1782290940,29565.0,29565.0,29554.1,29558.0,202.0
1782291000,29557.4,29558.2,29544.4,29545.5,200.0
1782291060,29545.6,29554.1,29544.1,29548.6,191.0
1782291120,29548.6,29549.6,29541.2,29546.0,196.0
1782291180,29545.9,29548.6,29539.1,29541.1,181.0
1782291240,29541.1,29545.4,29536.1,29542.6,205.0
1782291300,29542.6,29542.9,29533.7,29535.7,189.0
1782291360,29535.4,29545.0,29534.7,29543.2,182.0
1782291420,29543.2,29547.7,29539.6,29541.0,194.0
1782291480,29541.0,29547.6,29541.0,29547.0,190.0
1782291540,29547.0,29547.9,29537.6,29540.4,191.0
1782291600,29540.7,29543.1,29525.0,29530.9,225.0
1782291660,29531.1,29534.4,29525.0,29533.9,231.0
1782291720,29534.0,29541.2,29533.1,29539.7,222.0
1782291780,29539.6,29543.2,29536.9,29538.0,216.0
1782291840,29538.5,29539.5,29518.5,29522.2,205.0
1782291900,29522.6,29537.2,29521.3,29532.6,228.0
1782291960,29532.2,29537.8,29528.5,29528.7,226.0
1782292020,29529.8,29536.8,29528.6,29534.3,223.0
1782292080,29535.2,29549.5,29535.2,29548.6,208.0
1782292140,29548.6,29556.2,29547.7,29553.5,210.0
1782292200,29553.3,29568.2,29550.0,29566.2,223.0
1782292260,29565.3,29571.6,29561.1,29566.0,215.0
1782292320,29566.2,29570.3,29559.0,29569.3,198.0
1782292380,29569.3,29572.3,29567.3,29569.0,195.0
1782292440,29569.1,29569.5,29560.3,29563.7,196.0
1782292500,29563.7,29568.0,29555.0,29555.3,209.0
1782292560,29555.3,29556.7,29537.0,29541.3,228.0
1782292620,29541.3,29546.5,29538.5,29543.8,221.0
1782292680,29546.1,29547.2,29535.3,29541.8,199.0
1782292740,29541.8,29550.6,29540.1,29549.0,204.0
1782292800,29548.5,29549.1,29528.6,29530.3,192.0
1782292860,29530.1,29536.1,29529.3,29532.5,177.0
1782292920,29531.7,29548.3,29531.0,29546.7,158.0
1782292980,29546.7,29548.8,29540.7,29543.0,193.0
1782293040,29543.0,29545.3,29535.3,29542.7,172.0
1782293100,29542.0,29542.0,29533.5,29540.7,184.0
1782293160,29539.5,29544.3,29534.0,29535.2,185.0
1782293220,29536.3,29541.6,29529.0,29534.3,219.0
1782293280,29534.5,29534.6,29528.0,29531.7,209.0
1782293340,29530.5,29535.0,29523.6,29535.0,219.0
1782293400,29536.8,29542.5,29532.2,29537.8,225.0
1782293460,29538.2,29553.5,29534.3,29548.6,200.0
1782293520,29548.7,29554.1,29546.0,29548.7,182.0
1782293580,29548.7,29556.3,29548.1,29555.7,170.0
1782293640,29555.6,29570.1,29555.2,29566.7,190.0
1782293700,29566.6,29583.8,29565.3,29581.8,174.0
1782293760,29581.7,29585.2,29572.3,29577.5,185.0
1782293820,29576.7,29579.8,29569.0,29576.3,193.0
1782293880,29576.0,29581.3,29566.6,29566.7,152.0
1782293940,29566.8,29569.2,29554.6,29557.2,195.0
1782294000,29557.2,29563.7,29553.1,29561.2,144.0
1782294060,29561.5,29563.1,29556.6,29559.5,187.0
1782294120,29561.2,29566.8,29553.5,29555.7,170.0
1782294180,29555.7,29560.0,29554.3,29559.5,162.0
1782294240,29559.8,29560.2,29553.3,29555.6,176.0
1782294300,29555.5,29555.5,29545.2,29551.6,162.0
1782294360,29551.5,29553.6,29546.1,29552.1,139.0
1782294420,29551.3,29554.5,29542.7,29542.7,157.0
1782294480,29542.2,29551.7,29541.5,29551.7,142.0
1782294540,29551.7,29554.6,29538.6,29540.8,145.0
1782294600,29541.0,29551.7,29540.5,29540.5,192.0
1782294660,29540.7,29552.1,29540.0,29549.8,119.0
1782294720,29550.0,29560.8,29550.0,29559.0,150.0
1782294780,29559.1,29560.3,29555.6,29558.7,119.0
1782294840,29558.7,29558.7,29553.1,29553.1,125.0
1782294900,29553.2,29554.7,29546.8,29549.2,171.0
1782294960,29547.6,29558.1,29546.2,29557.3,136.0
1782295020,29557.3,29557.3,29543.3,29548.2,155.0
1782295080,29548.2,29556.8,29544.3,29545.1,172.0
1782295140,29544.8,29548.8,29541.8,29544.2,164.0
1782295200,29543.7,29561.1,29540.1,29541.6,258.0
1782295260,29541.3,29541.8,29524.8,29529.1,232.0
1782295320,29529.1,29532.7,29512.6,29517.8,230.0
1782295380,29517.7,29521.6,29507.2,29510.2,220.0
1782295440,29510.6,29526.2,29506.2,29525.1,215.0
1782295500,29526.2,29529.5,29512.2,29522.1,230.0
1782295560,29522.2,29538.8,29522.0,29533.2,217.0
1782295620,29533.2,29540.5,29519.5,29534.8,226.0
1782295680,29533.8,29544.2,29528.7,29539.6,232.0
1782295740,29539.6,29540.6,29522.1,29523.8,227.0
1782295800,29524.1,29541.7,29520.8,29535.3,227.0
1782295860,29535.3,29546.3,29533.0,29544.8,197.0
1782295920,29544.5,29546.1,29527.8,29529.8,222.0
1782295980,29530.1,29535.8,29525.7,29530.7,183.0
1782296040,29530.2,29535.8,29529.2,29532.6,177.0
1782296100,29532.7,29535.7,29514.8,29517.1,204.0
1782296160,29517.1,29537.0,29515.8,29531.7,208.0
1782296220,29531.7,29536.2,29522.6,29536.0,189.0
1782296280,29536.2,29542.1,29531.0,29540.5,206.0
1782296340,29540.7,29540.7,29522.1,29524.2,212.0
1782296400,29524.3,29531.2,29516.2,29518.6,218.0
1782296460,29518.5,29521.3,29511.7,29520.1,177.0
1782296520,29521.2,29538.7,29520.2,29537.1,195.0
1782296580,29537.3,29548.1,29533.1,29543.6,199.0
1782296640,29543.6,29543.6,29529.1,29534.2,187.0
1782296700,29534.2,29534.2,29511.0,29516.0,206.0
1782296760,29516.0,29525.1,29516.0,29518.0,195.0
1782296820,29518.1,29525.8,29515.1,29520.7,177.0
1782296880,29520.7,29527.3,29513.8,29516.1,201.0
1782296940,29516.1,29519.6,29513.5,29514.2,188.0
1782297000,29514.2,29530.1,29513.1,29529.0,203.0
1782297060,29528.8,29531.0,29517.2,29519.1,201.0
1782297120,29519.2,29529.3,29516.6,29525.1,205.0
1782297180,29525.1,29532.2,29522.2,29527.3,215.0
1782297240,29527.5,29532.8,29520.5,29522.6,184.0
1782297300,29522.6,29525.0,29498.3,29504.7,226.0
1782297360,29505.0,29507.5,29492.1,29493.5,215.0
1782297420,29493.5,29499.1,29486.0,29498.8,218.0
1782297480,29498.8,29512.3,29495.8,29508.0,209.0
1782297540,29507.7,29513.6,29501.2,29513.5,206.0
1782297600,29513.6,29513.6,29500.1,29504.2,199.0
1782297660,29504.5,29525.2,29500.5,29523.2,208.0
1782297720,29522.7,29527.0,29517.8,29521.7,212.0
1782297780,29524.6,29532.2,29511.1,29525.0,216.0
1782297840,29524.5,29541.7,29523.0,29536.6,222.0
1782297900,29536.6,29542.7,29531.8,29538.1,210.0
1782297960,29538.1,29549.1,29536.8,29547.2,195.0
1782298020,29547.2,29556.1,29547.1,29548.7,181.0
1782298080,29548.8,29554.5,29541.3,29543.1,177.0
1782298140,29543.1,29549.1,29541.3,29549.1,158.0
1782298200,29549.1,29549.1,29541.3,29544.0,197.0
1782298260,29543.6,29544.5,29531.5,29532.7,208.0
1782298320,29533.0,29533.5,29516.6,29520.2,169.0
1782298380,29520.2,29523.1,29507.8,29509.0,177.0
1782298440,29508.6,29516.5,29506.0,29516.5,195.0
1782298500,29516.6,29524.3,29507.5,29510.3,213.0
1782298560,29510.3,29510.7,29495.5,29498.5,172.0
1782298620,29498.2,29499.0,29492.5,29494.2,167.0
1782298680,29494.1,29499.8,29492.8,29495.0,147.0
1782298740,29495.0,29495.0,29484.1,29491.0,154.0
1782298800,29492.0,29498.8,29484.1,29490.1,232.0
1782298860,29490.1,29510.5,29488.2,29510.5,232.0
1782298920,29511.2,29521.2,29509.5,29520.1,222.0
1782298980,29520.1,29525.1,29512.3,29512.7,213.0
1782299040,29513.6,29546.0,29513.5,29545.2,218.0
1782299100,29543.8,29555.8,29541.6,29552.6,239.0
1782299160,29552.0,29556.6,29543.1,29543.6,224.0
1782299220,29543.6,29559.6,29538.3,29555.7,236.0
1782299280,29555.8,29563.8,29553.0,29557.3,210.0
1782299340,29557.5,29558.1,29542.7,29546.0,228.0
1782299400,29547.0,29559.1,29544.6,29553.7,201.0
1782299460,29553.7,29560.5,29549.5,29554.6,200.0
1782299520,29554.7,29556.3,29540.8,29546.2,197.0
1782299580,29546.0,29574.7,29546.0,29574.3,216.0
1782299640,29574.5,29581.1,29568.7,29579.0,209.0
1782299700,29578.7,29579.5,29566.8,29572.7,207.0
1782299760,29572.8,29578.2,29567.3,29568.8,216.0
1782299820,29567.7,29583.2,29565.5,29579.0,214.0
1782299880,29577.7,29584.3,29575.2,29581.3,193.0
1782299940,29580.7,29581.3,29554.6,29559.1,202.0
1782300000,29559.1,29566.0,29556.8,29558.0,221.0
1782300060,29557.3,29561.1,29547.1,29557.1,190.0
1782300120,29555.7,29558.0,29546.6,29550.3,205.0
1782300180,29551.1,29563.5,29549.6,29558.0,177.0
1782300240,29558.0,29558.5,29550.3,29553.2,175.0
1782300300,29553.7,29554.1,29538.1,29542.3,189.0
1782300360,29542.3,29549.8,29541.2,29549.5,209.0
1782300420,29549.5,29553.1,29544.0,29548.1,192.0
1782300480,29548.3,29557.0,29546.8,29549.7,219.0
1782300540,29548.5,29559.0,29545.8,29559.0,224.0
1782300600,29559.5,29563.2,29549.1,29555.8,197.0
1782300660,29555.7,29567.5,29550.8,29567.0,183.0
1782300720,29566.5,29582.5,29562.6,29581.2,189.0
1782300780,29581.2,29587.5,29576.6,29581.3,204.0
1782300840,29581.2,29581.6,29564.8,29573.3,199.0
1782300900,29573.3,29578.5,29563.3,29563.3,178.0
1782300960,29563.3,29564.1,29542.0,29546.7,183.0
1782301020,29546.3,29551.7,29541.3,29548.2,195.0
1782301080,29547.0,29558.8,29546.6,29557.5,197.0
1782301140,29557.5,29560.7,29541.8,29543.5,192.0
1782301200,29544.0,29556.0,29543.0,29552.2,179.0
1782301260,29552.5,29555.2,29547.6,29548.1,162.0
1782301320,29548.2,29551.1,29541.0,29550.7,154.0
1782301380,29550.7,29562.2,29549.5,29562.2,160.0
1782301440,29561.2,29564.1,29554.5,29556.2,157.0
1782301500,29556.0,29558.7,29544.3,29547.3,173.0
1782301560,29547.3,29550.1,29541.6,29548.3,176.0
1782301620,29548.0,29554.7,29530.1,29531.6,199.0
1782301680,29531.6,29538.0,29530.5,29534.6,170.0
1782301740,29534.6,29539.0,29528.8,29529.0,161.0
1782301800,29529.0,29537.3,29528.2,29537.1,192.0
1782301860,29536.8,29540.1,29532.8,29535.3,152.0
1782301920,29535.3,29543.3,29534.3,29540.2,156.0
1782301980,29540.7,29545.8,29524.8,29527.3,177.0
1782302040,29527.2,29535.0,29525.0,29534.1,181.0
1782302100,29534.2,29538.0,29530.8,29531.6,178.0
1782302160,29532.6,29541.5,29530.5,29534.5,164.0
1782302220,29534.7,29542.1,29530.8,29541.6,178.0
1782302280,29542.0,29542.1,29537.0,29537.0,160.0
1782302340,29537.1,29541.8,29535.5,29539.8,166.0
1782302400,29539.0,29553.3,29537.6,29543.0,208.0
1782302460,29542.1,29548.7,29531.6,29539.6,186.0
1782302520,29540.0,29542.3,29516.2,29521.1,214.0
1782302580,29521.1,29529.8,29518.2,29524.1,185.0
1782302640,29523.5,29526.0,29518.0,29520.3,163.0
1782302700,29520.2,29528.3,29514.6,29528.3,193.0
1782302760,29527.3,29535.5,29524.3,29524.7,192.0
1782302820,29524.7,29524.7,29515.6,29518.8,182.0
1782302880,29518.2,29537.1,29515.2,29535.2,179.0
1782302940,29535.2,29541.5,29527.5,29533.1,201.0
1782303000,29533.0,29543.5,29529.8,29540.5,192.0
1782303060,29540.3,29547.5,29526.7,29537.6,193.0
1782303120,29537.3,29558.7,29537.2,29557.7,187.0
1782303180,29557.6,29564.3,29552.6,29561.1,195.0
1782303240,29560.5,29563.8,29555.8,29556.3,173.0
1782303300,29556.5,29560.7,29554.0,29555.1,181.0
1782303360,29555.7,29556.6,29530.7,29536.7,203.0
1782303420,29536.8,29542.3,29534.7,29538.0,158.0
1782303480,29537.8,29542.3,29521.2,29524.6,180.0
1782303540,29524.6,29531.7,29514.7,29531.7,202.0
1782303600,29532.0,29535.8,29528.3,29535.5,185.0
1782303660,29535.5,29539.8,29526.2,29526.5,170.0
1782303720,29527.6,29531.5,29525.1,29531.1,149.0
1782303780,29531.0,29532.8,29526.1,29526.3,159.0
1782303840,29526.5,29542.0,29525.8,29535.6,170.0
1782303900,29535.6,29549.7,29534.5,29549.5,181.0
1782303960,29549.5,29549.6,29529.8,29534.8,197.0
1782304020,29534.8,29540.0,29529.6,29530.5,151.0
1782304080,29530.3,29536.3,29529.1,29534.5,159.0
1782304140,29534.3,29534.5,29521.3,29528.0,203.0
1782304200,29527.8,29532.0,29524.6,29530.7,181.0
1782304260,29530.7,29535.0,29514.8,29516.0,168.0
1782304320,29516.0,29523.7,29514.8,29522.8,174.0
1782304380,29522.8,29528.0,29518.0,29518.2,181.0
1782304440,29518.2,29528.8,29517.6,29524.5,160.0
1782304500,29524.8,29525.5,29514.0,29523.1,160.0
1782304560,29523.5,29523.5,29506.8,29509.8,192.0
1782304620,29510.1,29512.1,29503.7,29509.0,172.0
1782304680,29510.6,29512.0,29506.0,29506.7,183.0
1782304740,29506.7,29509.7,29504.2,29508.1,160.0
1782304800,29508.3,29508.7,29488.6,29493.7,197.0
1782304860,29493.8,29497.1,29489.5,29496.0,185.0
1782304920,29496.2,29496.3,29487.0,29491.2,165.0
1782304980,29491.1,29496.3,29488.8,29495.0,182.0
1782305040,29494.8,29498.1,29487.1,29488.0,195.0
1782305100,29487.6,29487.6,29475.2,29485.6,185.0
1782305160,29485.5,29493.2,29477.7,29493.2,195.0
1782305220,29493.2,29506.5,29493.2,29505.0,181.0
1782305280,29505.0,29506.5,29491.0,29491.8,181.0
1782305340,29491.8,29503.6,29491.8,29503.2,169.0
1782305400,29503.2,29512.3,29502.5,29512.1,176.0
1782305460,29511.8,29515.2,29506.0,29515.2,176.0
1782305520,29515.0,29529.8,29514.8,29529.8,178.0
1782305580,29530.1,29530.1,29521.3,29529.3,162.0
1782305640,29529.3,29530.5,29516.7,29518.0,187.0
1782305700,29518.1,29524.6,29517.1,29520.7,187.0
1782305760,29521.2,29529.6,29521.0,29525.6,169.0
1782305820,29525.6,29529.1,29521.5,29529.1,162.0
1782305880,29528.7,29533.5,29522.5,29523.8,165.0
1782305940,29524.1,29531.7,29520.0,29529.8,157.0
1782306000,29529.5,29530.3,29505.8,29509.5,191.0
1782306060,29509.8,29513.6,29502.2,29502.8,189.0
1782306120,29501.8,29502.7,29495.7,29502.0,179.0
1782306180,29502.5,29515.3,29500.8,29515.3,191.0
1782306240,29515.5,29521.0,29507.7,29512.0,194.0
1782306300,29512.2,29519.1,29511.0,29517.1,158.0
1782306360,29517.1,29517.1,29506.5,29514.1,130.0
1782306420,29514.0,29516.1,29507.5,29508.8,157.0
1782306480,29508.8,29528.5,29505.5,29523.2,196.0
1782306540,29523.3,29526.0,29517.0,29517.0,156.0
1782306600,29517.2,29520.3,29506.0,29515.3,174.0
1782306660,29516.0,29521.8,29511.7,29512.5,164.0
1782306720,29512.5,29523.1,29512.5,29521.7,153.0
1782306780,29522.1,29529.8,29520.7,29526.2,163.0
1782306840,29524.6,29529.6,29524.2,29529.1,156.0
1782306900,29529.0,29538.0,29526.0,29535.0,187.0
1782306960,29535.1,29535.5,29529.0,29532.2,148.0
1782307020,29532.3,29541.8,29531.7,29539.1,170.0
1782307080,29539.1,29540.1,29531.7,29537.2,136.0
1782307140,29537.2,29537.7,29525.3,29527.3,190.0
1782307200,29527.6,29529.6,29522.5,29523.8,168.0
1782307260,29524.1,29533.7,29520.7,29533.1,172.0
1782307320,29533.2,29534.8,29529.2,29532.1,133.0
1782307380,29532.1,29532.7,29517.3,29518.7,147.0
1782307440,29518.2,29525.1,29516.3,29518.5,198.0
1782307500,29518.5,29526.1,29516.0,29525.5,152.0
1782307560,29525.5,29532.8,29525.5,29531.2,143.0
1782307620,29531.3,29532.6,29523.6,29525.8,158.0
1782307680,29525.6,29531.1,29525.2,29528.3,133.0
1782307740,29528.3,29538.6,29528.3,29537.6,154.0
1782307800,29537.6,29543.1,29532.8,29542.1,163.0
1782307860,29542.0,29552.7,29538.8,29548.6,175.0
1782307920,29548.6,29550.8,29544.0,29548.7,154.0
1782307980,29548.7,29553.0,29546.2,29550.6,180.0
1782308040,29550.5,29551.8,29545.7,29548.3,150.0
1782308100,29548.2,29554.1,29545.0,29549.5,166.0
1782308160,29549.6,29551.3,29544.1,29546.3,173.0
1782308220,29545.8,29552.7,29544.6,29550.6,161.0
1782308280,29550.5,29555.0,29544.0,29544.0,141.0
1782308340,29544.2,29546.2,29541.8,29543.1,140.0
1782308400,29543.1,29548.7,29538.8,29542.8,145.0
1782308460,29541.7,29549.0,29541.0,29545.8,141.0
1782308520,29545.7,29561.3,29543.5,29558.5,199.0
1782308580,29558.5,29571.1,29556.2,29571.1,203.0
1782308640,29570.2,29572.2,29554.1,29554.5,181.0
1782308700,29554.8,29555.6,29548.6,29548.8,175.0
1782308760,29548.8,29548.8,29538.6,29542.7,178.0
1782308820,29543.1,29546.6,29539.7,29546.2,122.0
1782308880,29545.5,29547.2,29536.0,29545.1,156.0
1782308940,29545.1,29545.3,29538.0,29543.5,121.0
1782309000,29543.5,29543.5,29530.5,29531.7,156.0
1782309060,29531.7,29535.2,29520.0,29522.3,171.0
1782309120,29523.0,29530.1,29522.3,29525.7,139.0
1782309180,29525.6,29526.8,29521.3,29524.8,133.0
1782309240,29524.2,29524.5,29520.5,29522.6,158.0
1782309300,29523.6,29526.0,29511.0,29513.2,179.0
1782309360,29513.3,29521.2,29513.1,29520.5,147.0
1782309420,29521.1,29522.0,29509.5,29515.3,156.0
1782309480,29515.3,29519.8,29513.5,29513.8,145.0
1782309540,29513.8,29523.6,29512.2,29514.5,157.0
1782309600,29514.5,29537.0,29512.7,29536.3,220.0
1782309660,29535.7,29539.2,29529.1,29533.8,194.0
1782309720,29533.8,29544.1,29533.8,29542.1,189.0
1782309780,29541.8,29545.7,29539.1,29541.8,185.0
1782309840,29542.0,29544.6,29531.8,29532.2,199.0
1782309900,29532.3,29533.7,29513.2,29514.7,192.0
1782309960,29514.7,29518.1,29507.0,29509.8,185.0
1782310020,29509.8,29511.6,29497.0,29507.2,215.0
1782310080,29507.5,29508.5,29500.2,29503.7,185.0
1782310140,29503.7,29510.0,29492.6,29496.1,185.0
1782310200,29496.2,29505.6,29493.0,29501.5,151.0
1782310260,29501.5,29507.1,29499.3,29502.3,187.0
1782310320,29502.3,29502.5,29497.0,29499.5,164.0
1782310380,29499.3,29499.8,29491.7,29495.2,172.0
1782310440,29495.1,29495.2,29484.1,29485.2,172.0
1782310500,29485.2,29487.2,29473.5,29477.2,184.0
1782310560,29477.2,29480.5,29471.1,29479.3,218.0
1782310620,29478.8,29479.7,29471.8,29473.8,195.0
1782310680,29473.8,29491.6,29472.2,29484.7,204.0
1782310740,29484.7,29485.5,29475.5,29477.2,155.0
1782310800,29477.2,29477.2,29456.2,29460.6,171.0
1782310860,29459.8,29465.0,29457.1,29465.0,183.0
1782310920,29465.2,29473.3,29464.3,29471.2,172.0
1782310980,29471.2,29480.0,29471.2,29474.0,127.0
1782311040,29473.8,29487.5,29471.3,29486.3,178.0
1782311100,29485.7,29487.0,29473.5,29477.1,196.0
1782311160,29477.1,29479.7,29472.2,29475.3,197.0
1782311220,29475.3,29483.6,29472.2,29482.3,169.0
1782311280,29483.0,29483.6,29471.8,29480.5,201.0
1782311340,29480.5,29481.0,29472.5,29475.2,195.0
1782311400,29475.5,29497.6,29472.5,29495.0,201.0
1782311460,29495.0,29499.0,29491.8,29497.7,193.0
1782311520,29497.7,29510.6,29497.2,29509.0,210.0
1782311580,29507.3,29509.2,29497.5,29500.1,176.0
1782311640,29500.8,29506.2,29497.7,29505.7,165.0
1782311700,29506.1,29510.0,29505.0,29507.8,145.0
1782311760,29507.7,29523.5,29505.8,29522.0,192.0
1782311820,29522.0,29546.2,29519.0,29536.0,241.0
1782311880,29533.3,29544.8,29532.3,29539.8,222.0
1782311940,29539.6,29539.6,29526.3,29531.1,194.0
1782312000,29530.6,29534.1,29519.1,29519.8,188.0
1782312060,29519.8,29530.1,29516.2,29527.1,190.0
1782312120,29527.1,29530.1,29523.2,29527.0,156.0
1782312180,29527.0,29534.8,29524.5,29532.2,130.0
1782312240,29532.1,29536.5,29529.2,29534.8,138.0
1782312300,29534.7,29538.5,29524.6,29527.1,184.0
1782312360,29527.0,29532.8,29524.5,29528.2,163.0
1782312420,29528.7,29531.7,29522.8,29526.2,171.0
1782312480,29525.2,29553.6,29522.7,29548.8,219.0
1782312540,29548.8,29575.8,29548.8,29570.2,249.0
1782312600,29570.2,29574.6,29564.3,29566.0,236.0
1782312660,29566.5,29573.6,29562.3,29566.7,215.0
1782312720,29568.1,29580.7,29564.0,29568.3,215.0
1782312780,29568.0,29581.1,29560.3,29579.7,218.0
1782312840,29578.5,29585.1,29574.5,29577.6,219.0
1782312900,29577.3,29578.1,29559.7,29559.7,233.0
1782312960,29560.6,29564.3,29554.7,29559.3,196.0
1782313020,29559.3,29570.1,29558.1,29568.6,206.0
1782313080,29568.6,29573.3,29566.7,29569.3,192.0
1782313140,29570.1,29582.3,29564.6,29582.0,197.0
1782313200,29582.0,29584.6,29558.2,29561.6,223.0
1782313260,29560.8,29563.8,29546.5,29562.2,222.0
1782313320,29562.7,29572.1,29562.5,29569.2,186.0
1782313380,29569.3,29573.5,29557.0,29561.1,183.0
1782313440,29559.3,29568.8,29558.1,29559.0,179.0
1782313500,29557.7,29567.6,29554.6,29566.0,185.0
1782313560,29565.5,29572.2,29559.7,29564.8,219.0
1782313620,29564.5,29565.1,29556.0,29558.0,197.0
1782313680,29558.3,29563.2,29553.8,29556.6,197.0
1782313740,29557.7,29572.6,29557.7,29567.5,183.0
1782313800,29567.3,29572.7,29555.1,29566.0,208.0
1782313860,29567.2,29581.1,29556.5,29578.6,216.0
1782313920,29578.5,29582.6,29573.7,29576.2,208.0
1782313980,29576.0,29576.0,29562.5,29566.6,200.0
1782314040,29566.8,29574.7,29564.1,29566.2,194.0
1782314100,29566.2,29570.0,29552.5,29553.5,191.0
1782314160,29553.5,29555.7,29544.1,29547.2,210.0
1782314220,29547.8,29566.1,29546.6,29565.6,200.0
1782314280,29565.6,29574.1,29564.1,29572.5,181.0
1782314340,29572.5,29590.6,29568.7,29589.0,218.0
1782314400,29589.2,29593.2,29581.3,29582.7,227.0
1782314460,29583.1,29592.6,29582.6,29586.3,227.0
1782314520,29585.6,29588.8,29576.2,29582.8,211.0
1782314580,29582.8,29582.8,29567.7,29573.6,177.0
1782314640,29573.6,29578.5,29572.7,29578.1,181.0
1782314700,29578.1,29581.1,29569.2,29571.6,212.0
1782314760,29571.6,29576.1,29562.7,29568.2,187.0
1782314820,29567.8,29572.7,29564.2,29568.3,187.0
1782314880,29568.2,29575.2,29566.1,29573.5,191.0
1782314940,29573.7,29580.7,29571.8,29572.6,198.0
1782315000,29572.6,29585.6,29567.3,29568.6,201.0
1782315060,29568.8,29569.3,29559.2,29562.2,191.0
1782315120,29562.5,29565.7,29554.6,29561.3,187.0
1782315180,29561.2,29565.0,29558.7,29561.8,169.0
1782315240,29563.1,29563.3,29541.8,29543.2,194.0
1782315300,29543.2,29545.5,29528.7,29528.7,213.0
1782315360,29528.6,29535.1,29520.2,29522.1,209.0
1782315420,29522.7,29528.8,29517.2,29520.7,202.0
1782315480,29520.5,29535.0,29519.7,29532.2,183.0
1782315540,29532.3,29535.0,29529.0,29530.8,183.0
1782315600,29530.2,29533.0,29523.2,29523.2,175.0
1782315660,29523.2,29524.7,29505.0,29506.5,223.0
1782315720,29507.0,29516.1,29506.6,29514.1,206.0
1782315780,29514.0,29517.5,29512.5,29514.3,193.0
1782315840,29513.7,29518.2,29508.7,29512.7,181.0
1782315900,29513.7,29517.6,29509.5,29511.7,190.0
1782315960,29511.8,29517.8,29509.3,29512.8,191.0
1782316020,29512.6,29514.7,29507.2,29511.3,186.0
1782316080,29511.3,29517.0,29505.3,29509.5,177.0
1782316140,29509.6,29510.5,29493.0,29498.6,192.0
1782316200,29497.7,29500.1,29485.7,29486.8,211.0
1782316260,29487.1,29495.2,29485.7,29488.1,208.0
1782316320,29489.3,29492.5,29486.3,29489.6,218.0
1782316380,29490.0,29497.6,29488.7,29492.0,190.0
1782316440,29492.1,29493.7,29480.7,29488.8,191.0
1782316500,29489.6,29492.6,29475.1,29476.5,198.0
1782316560,29476.5,29484.0,29475.0,29482.5,197.0
1782316620,29482.5,29490.1,29481.5,29488.0,199.0
1782316680,29487.8,29493.8,29481.6,29481.6,179.0
1782316740,29481.6,29483.6,29473.3,29483.2,190.0
1782316800,29484.2,29510.3,29473.6,29476.3,269.0
1782316860,29476.3,29486.8,29474.0,29482.6,243.0
1782316920,29482.8,29499.6,29482.1,29497.2,243.0
1782316980,29497.2,29499.3,29479.6,29483.6,239.0
1782317040,29484.3,29485.5,29468.2,29468.7,235.0
1782317100,29468.8,29483.1,29467.8,29479.6,245.0
1782317160,29479.1,29479.2,29462.5,29468.3,220.0
1782317220,29468.2,29477.1,29462.2,29463.8,231.0
1782317280,29464.0,29468.1,29458.3,29460.5,222.0
1782317340,29459.8,29462.7,29445.0,29452.3,237.0
1782317400,29452.1,29455.6,29441.5,29444.1,234.0
1782317460,29444.3,29445.0,29425.1,29439.0,234.0
1782317520,29439.7,29444.7,29429.0,29432.3,240.0
1782317580,29433.1,29443.5,29431.2,29432.8,230.0
1782317640,29431.8,29431.8,29419.6,29425.0,210.0
1782317700,29425.0,29434.0,29420.1,29431.3,227.0
1782317760,29431.5,29442.2,29427.3,29442.1,247.0
1782317820,29441.3,29446.1,29432.6,29441.3,233.0
1782317880,29441.3,29447.2,29434.8,29446.5,224.0
1782317940,29447.8,29457.6,29445.7,29454.1,236.0
1782318000,29455.0,29471.2,29450.2,29470.3,224.0
1782318060,29470.2,29473.1,29449.6,29450.5,228.0
1782318120,29450.6,29452.1,29442.7,29448.8,248.0
1782318180,29448.6,29451.6,29434.0,29434.2,236.0
1782318240,29434.8,29467.1,29413.3,29454.6,260.0
1782318300,29455.7,29471.6,29451.3,29468.1,256.0
1782318360,29467.3,29474.7,29464.0,29471.7,242.0
1782318420,29470.5,29475.5,29447.8,29449.6,257.0
1782318480,29448.0,29448.0,29424.8,29426.7,257.0
1782318540,29426.5,29434.3,29425.2,29433.0,269.0
1782318600,29432.7,29432.7,29357.0,29373.1,294.0
1782318660,29372.5,29409.0,29368.7,29386.7,297.0
1782318720,29389.5,29530.5,29389.5,29513.7,290.0
1782318780,29512.6,29559.5,29509.3,29539.1,272.0
1782318840,29537.2,29546.1,29516.5,29529.2,283.0
1782318900,29528.6,29552.5,29517.6,29537.5,292.0
1782318960,29536.7,29561.6,29472.7,29491.5,286.0
1782319020,29493.6,29527.7,29482.9,29524.9,288.0
1782319080,29518.6,29527.4,29466.4,29480.7,285.0
1782319140,29482.6,29489.7,29442.4,29450.0,281.0
1782319200,29454.1,29460.0,29389.4,29390.9,286.0
1782319260,29394.5,29409.4,29349.9,29349.9,290.0
1782319320,29351.2,29382.7,29334.6,29338.7,283.0
1782319380,29338.5,29363.0,29324.9,29355.2,287.0
1782319440,29357.1,29395.2,29351.0,29384.2,290.0
1782319500,29382.5,29430.4,29360.0,29403.6,290.0
1782319560,29403.1,29433.6,29364.1,29421.7,293.0
1782319620,29423.2,29426.9,29366.6,29372.0,290.0
1782319680,29373.6,29375.5,29285.7,29307.0,287.0
1782319740,29307.0,29398.7,29307.0,29381.7,292.0
1782319800,29382.0,29449.5,29379.1,29442.1,292.0
1782319860,29442.2,29491.1,29433.5,29488.0,291.0
1782319920,29484.2,29503.7,29462.0,29483.4,281.0
1782319980,29482.6,29496.6,29465.2,29490.2,285.0
1782320040,29490.5,29509.9,29480.0,29487.5,286.0
1782320100,29486.9,29490.1,29418.2,29436.1,285.0
1782320160,29436.4,29446.4,29407.6,29411.4,289.0
1782320220,29412.0,29437.1,29395.6,29410.2,286.0
1782320280,29410.6,29431.1,29388.9,29423.1,287.0
1782320340,29423.0,29440.1,29399.7,29406.2,274.0
1782320400,29413.6,29438.1,29361.2,29369.2,288.0
1782320460,29372.7,29410.4,29367.2,29386.1,286.0
1782320520,29385.0,29405.1,29349.4,29388.1,290.0
1782320580,29388.0,29393.1,29353.0,29360.7,285.0
1782320640,29364.5,29398.6,29355.0,29387.2,290.0
1782320700,29385.9,29439.4,29385.4,29414.2,291.0
1782320760,29413.9,29444.2,29384.1,29397.4,288.0
1782320820,29397.5,29438.2,29397.5,29397.7,285.0
1782320880,29398.6,29419.7,29367.7,29376.1,284.0
1782320940,29376.1,29403.0,29366.0,29395.6,289.0
1782321000,29396.0,29443.0,29380.9,29421.1,289.0
1782321060,29420.5,29427.1,29377.2,29392.1,281.0
1782321120,29391.5,29415.5,29355.9,29396.0,291.0
1782321180,29395.5,29395.9,29357.0,29373.6,280.0
1782321240,29373.6,29388.2,29358.6,29386.0,281.0
1782321300,29386.7,29415.1,29343.9,29343.9,289.0
1782321360,29346.7,29359.2,29314.2,29317.7,286.0
1782321420,29316.9,29341.4,29305.4,29306.2,277.0
1782321480,29305.9,29332.2,29305.0,29324.2,285.0
1782321540,29324.2,29325.2,29297.2,29304.0,274.0
1782321600,29304.1,29304.1,29247.6,29285.7,287.0
1782321660,29286.6,29357.6,29271.6,29349.4,292.0
1782321720,29347.9,29376.6,29342.9,29354.2,288.0
1782321780,29356.7,29388.4,29340.5,29368.1,282.0
1782321840,29366.6,29397.1,29361.0,29386.1,285.0
1782321900,29385.1,29422.1,29379.6,29396.1,290.0
1782321960,29397.6,29417.5,29372.4,29378.7,277.0
1782322020,29379.5,29442.9,29378.1,29434.9,280.0
1782322080,29433.7,29451.7,29423.7,29423.7,275.0
1782322140,29423.9,29430.1,29407.4,29425.9,277.0
1782322200,29426.0,29477.1,29424.6,29474.1,292.0
1782322260,29474.1,29485.4,29457.9,29484.6,279.0
1782322320,29485.0,29496.6,29469.5,29481.5,284.0
1782322380,29480.9,29480.9,29451.6,29461.9,283.0
1782322440,29462.9,29488.7,29462.9,29483.2,284.0
1782322500,29483.1,29503.2,29480.4,29494.9,281.0
1782322560,29496.2,29508.7,29478.2,29497.7,278.0
1782322620,29493.4,29500.7,29479.1,29492.2,274.0
1782322680,29491.9,29508.2,29481.9,29488.6,282.0
1782322740,29489.1,29489.4,29443.4,29446.9,282.0
1782322800,29445.9,29484.7,29444.6,29477.0,281.0
1782322860,29477.5,29480.7,29447.4,29459.4,286.0
1782322920,29459.6,29460.4,29431.6,29441.6,286.0
1782322980,29442.1,29453.2,29435.4,29453.0,278.0
1782323040,29452.1,29512.6,29449.0,29507.5,276.0
1782323100,29505.2,29532.4,29501.9,29512.2,284.0
1782323160,29512.9,29569.5,29503.7,29568.5,273.0
1782323220,29567.2,29587.1,29558.0,29583.6,280.0
1782323280,29583.6,29598.0,29564.5,29568.5,276.0
1782323340,29568.5,29574.9,29548.1,29553.1,285.0
1782323400,29555.1,29586.4,29554.0,29567.0,283.0
1782323460,29567.4,29577.9,29549.9,29565.7,274.0
1782323520,29566.0,29585.0,29560.1,29579.2,275.0
1782323580,29578.0,29584.9,29569.2,29577.5,275.0
1782323640,29575.5,29577.1,29532.1,29532.7,274.0
1782323700,29533.1,29539.7,29512.2,29520.5,273.0
1782323760,29522.1,29543.9,29519.7,29537.7,276.0
1782323820,29537.6,29558.7,29528.2,29553.9,275.0
1782323880,29553.1,29589.7,29551.9,29582.1,271.0
1782323940,29582.1,29613.4,29575.5,29611.2,271.0
1782324000,29614.0,29622.0,29601.7,29605.6,277.0
1782324060,29605.0,29626.9,29598.5,29615.0,281.0
1782324120,29615.4,29622.5,29582.7,29585.5,287.0
1782324180,29584.7,29597.1,29571.0,29592.0,275.0
1782324240,29593.0,29601.1,29562.1,29578.4,266.0
1782324300,29577.9,29586.4,29567.7,29573.9,270.0
1782324360,29574.2,29575.7,29550.5,29559.7,278.0
1782324420,29560.0,29564.1,29535.4,29538.0,268.0
1782324480,29540.0,29553.0,29515.7,29522.0,267.0
1782324540,29522.5,29525.4,29493.6,29505.2,270.0
1782324600,29506.1,29525.5,29495.6,29508.1,281.0
1782324660,29508.2,29520.0,29504.9,29509.0,276.0
1782324720,29509.6,29510.9,29471.4,29475.5,276.0
1782324780,29476.5,29488.0,29469.9,29486.1,259.0
1782324840,29485.7,29523.6,29480.5,29503.2,285.0
1782324900,29503.2,29510.5,29490.7,29500.4,266.0
1782324960,29501.1,29534.0,29488.0,29524.6,270.0
1782325020,29523.5,29540.0,29506.7,29533.0,269.0
1782325080,29532.5,29541.9,29517.6,29518.0,265.0
1782325140,29519.0,29520.5,29483.2,29509.7,275.0
1782325200,29510.2,29520.4,29503.1,29510.5,278.0
1782325260,29510.7,29520.1,29492.7,29492.7,275.0
1782325320,29493.4,29504.2,29488.4,29495.6,267.0
1782325380,29496.4,29513.1,29482.4,29508.1,280.0
1782325440,29506.2,29510.7,29453.5,29459.7,272.0
1782325500,29460.2,29460.2,29425.2,29434.0,271.0
1782325560,29434.0,29466.1,29434.0,29463.7,278.0
1782325620,29464.2,29500.2,29463.9,29488.2,275.0
1782325680,29489.0,29492.0,29476.2,29476.2,268.0
1782325740,29477.0,29522.4,29476.1,29522.4,269.0
1782325800,29520.7,29548.0,29506.7,29538.4,280.0
1782325860,29537.0,29539.1,29507.5,29508.4,263.0
1782325920,29508.2,29522.0,29493.4,29505.5,275.0
1782325980,29506.2,29511.2,29476.7,29482.2,270.0
1782326040,29482.4,29515.9,29482.0,29500.4,279.0
1782326100,29499.9,29529.0,29486.6,29524.2,270.0
1782326160,29523.5,29530.4,29502.9,29510.6,278.0
1782326220,29511.1,29519.4,29500.9,29517.9,274.0
1782326280,29517.7,29518.9,29496.9,29496.9,272.0
1782326340,29496.0,29496.0,29465.4,29483.1,270.0
1782326400,29483.2,29493.4,29470.0,29478.7,268.0
1782326460,29479.4,29481.1,29454.9,29460.1,272.0
1782326520,29460.2,29464.1,29434.2,29442.5,268.0
1782326580,29441.6,29453.7,29435.2,29445.6,264.0
1782326640,29445.0,29465.2,29437.7,29465.2,272.0
1782326700,29464.5,29464.5,29428.0,29439.6,274.0
1782326760,29440.0,29452.9,29428.0,29429.1,273.0
1782326820,29428.6,29448.5,29421.2,29437.7,278.0
1782326880,29437.9,29463.2,29431.6,29435.6,270.0
1782326940,29434.9,29489.7,29431.7,29482.5,283.0
1782327000,29482.1,29507.1,29481.6,29503.6,271.0
1782327060,29503.6,29516.4,29499.6,29510.0,257.0
1782327120,29510.2,29523.0,29490.5,29522.1,260.0
1782327180,29523.2,29530.2,29513.7,29522.7,252.0
1782327240,29521.6,29521.6,29498.0,29507.7,266.0
1782327300,29508.7,29526.1,29506.0,29511.6,274.0
1782327360,29512.4,29516.5,29484.2,29498.9,274.0
1782327420,29497.9,29508.5,29494.4,29502.6,274.0
1782327480,29501.6,29502.5,29469.9,29470.6,256.0
1782327540,29470.6,29483.0,29468.7,29477.2,259.0
1782327600,29476.9,29505.0,29460.7,29487.0,277.0
1782327660,29486.7,29499.2,29479.2,29479.2,263.0
1782327720,29480.9,29496.6,29477.5,29487.4,265.0
1782327780,29486.1,29493.9,29466.6,29476.5,264.0
1782327840,29478.9,29490.1,29474.2,29483.0,254.0
1782327900,29483.4,29487.2,29466.5,29477.2,262.0
1782327960,29477.0,29491.7,29453.0,29457.0,274.0
1782328020,29457.2,29483.2,29454.6,29483.0,262.0
1782328080,29482.7,29497.4,29468.0,29470.0,272.0
1782328140,29469.5,29483.9,29463.0,29480.0,254.0
1782328200,29480.0,29512.6,29466.9,29512.6,266.0
1782328260,29513.2,29525.0,29505.2,29506.7,264.0
1782328320,29507.1,29507.2,29488.2,29495.2,270.0
1782328380,29495.1,29495.1,29474.7,29487.0,256.0
1782328440,29486.7,29505.2,29486.7,29493.4,253.0
1782328500,29494.5,29513.4,29493.7,29494.7,269.0
1782328560,29494.6,29502.5,29483.9,29496.0,257.0
1782328620,29497.1,29500.0,29483.2,29489.6,253.0
1782328680,29490.0,29502.7,29481.5,29499.0,274.0
1782328740,29499.2,29505.2,29487.0,29496.5,264.0
1782328800,29495.7,29503.1,29486.2,29491.7,258.0
1782328860,29493.9,29496.0,29475.7,29482.5,264.0
1782328920,29481.6,29517.5,29477.0,29515.2,265.0
1782328980,29515.4,29521.0,29505.7,29508.1,263.0
1782329040,29508.6,29516.5,29495.7,29502.5,257.0
1782329100,29502.5,29504.2,29466.7,29468.0,260.0
1782329160,29468.4,29476.6,29461.5,29472.6,255.0
1782329220,29472.7,29479.5,29465.2,29472.5,253.0
1782329280,29472.0,29481.2,29469.0,29478.6,254.0
1782329340,29479.6,29489.5,29471.4,29474.4,248.0
1782329400,29473.9,29474.2,29445.5,29452.1,270.0
1782329460,29452.2,29458.0,29429.2,29439.4,259.0
1782329520,29440.6,29442.2,29429.0,29433.4,263.0
1782329580,29432.7,29445.4,29427.2,29439.1,265.0
1782329640,29438.1,29442.4,29427.4,29433.1,262.0
1782329700,29434.1,29454.6,29433.0,29448.7,259.0
1782329760,29448.9,29451.0,29400.6,29406.0,263.0
1782329820,29406.4,29410.5,29381.4,29392.7,272.0
1782329880,29392.0,29402.5,29384.2,29385.0,273.0
1782329940,29385.6,29391.9,29371.0,29374.4,271.0
1782330000,29374.6,29375.6,29343.6,29369.6,286.0
1782330060,29368.5,29371.4,29341.2,29362.5,277.0
1782330120,29362.0,29362.0,29332.0,29342.9,273.0
1782330180,29343.2,29355.2,29335.2,29346.4,260.0
1782330240,29345.2,29367.6,29343.7,29361.1,272.0
1782330300,29361.2,29361.2,29333.9,29341.2,279.0
1782330360,29342.4,29353.7,29334.7,29335.0,266.0
1782330420,29334.5,29363.7,29333.4,29358.4,255.0
1782330480,29357.6,29375.0,29354.9,29366.0,264.0
1782330540,29365.5,29372.9,29359.2,29359.4,256.0
1782330600,29359.4,29389.7,29357.6,29383.2,267.0
1782330660,29384.0,29386.7,29365.9,29371.2,270.0
1782330720,29370.5,29380.2,29353.4,29355.4,266.0
1782330780,29355.7,29367.0,29348.2,29348.2,259.0
1782330840,29349.1,29355.7,29333.6,29334.2,254.0
1782330900,29336.2,29337.9,29317.1,29329.4,269.0
1782330960,29329.7,29347.4,29328.5,29329.4,265.0
1782331020,29329.2,29334.4,29318.6,29326.5,266.0
1782331080,29327.0,29338.2,29323.5,29330.6,260.0
1782331140,29331.5,29334.0,29318.5,29327.1,246.0
1782331200,29327.0,29341.6,29313.9,29335.7,259.0
1782331260,29334.4,29344.4,29325.0,29343.4,250.0
1782331320,29343.6,29368.0,29331.1,29361.9,265.0
1782331380,29362.0,29377.6,29357.5,29377.0,267.0
1782331440,29376.4,29381.6,29368.9,29379.7,262.0
1782331500,29379.6,29381.2,29353.7,29354.4,257.0
1782331560,29354.5,29356.2,29317.0,29318.4,267.0
1782331620,29318.1,29319.7,29276.5,29279.9,268.0
1782331680,29280.6,29291.7,29266.1,29273.7,276.0
1782331740,29274.7,29286.1,29269.5,29285.6,265.0
1782331800,29285.4,29308.2,29272.4,29307.5,271.0
1782331860,29306.2,29308.2,29282.2,29285.0,261.0
1782331920,29286.0,29306.5,29280.9,29286.9,259.0
1782331980,29287.4,29287.4,29259.6,29265.7,266.0
1782332040,29266.0,29282.2,29261.5,29268.6,245.0
1782332100,29268.5,29291.6,29266.2,29279.5,268.0
1782332160,29279.7,29279.7,29214.5,29221.5,266.0
1782332220,29223.1,29242.7,29212.7,29232.9,277.0
1782332280,29231.2,29233.9,29202.9,29206.4,270.0
1782332340,29207.2,29226.4,29201.1,29212.5,274.0
1782332400,29213.1,29215.4,29176.2,29178.9,270.0
1782332460,29180.2,29196.0,29171.6,29182.9,273.0
1782332520,29184.2,29208.1,29184.2,29194.2,270.0
1782332580,29191.2,29192.6,29170.0,29175.7,267.0
1782332640,29176.7,29189.0,29168.1,29177.4,268.0
1782332700,29177.0,29184.0,29147.7,29175.0,286.0
1782332760,29175.7,29184.2,29163.9,29165.7,276.0
1782332820,29167.6,29176.5,29153.7,29153.7,263.0
1782332880,29153.6,29155.4,29124.7,29126.9,277.0
1782332940,29126.9,29147.0,29124.7,29131.5,268.0
1782333000,29134.4,29162.0,29124.0,29152.1,273.0
1782333060,29151.4,29154.0,29100.7,29108.7,277.0
1782333120,29109.0,29122.5,29093.6,29111.2,277.0
1782333180,29112.1,29127.6,29086.6,29117.5,282.0
1782333240,29118.6,29154.0,29118.6,29146.5,280.0
1782333300,29148.1,29185.2,29144.5,29151.0,278.0
1782333360,29150.7,29160.2,29122.4,29129.6,280.0
1782333420,29129.6,29135.7,29116.5,29128.9,267.0
1782333480,29129.6,29146.4,29112.9,29138.9,274.0
1782333540,29138.0,29164.9,29132.1,29163.1,281.0
1782333600,29159.9,29171.4,29145.9,29154.7,271.0
1782333660,29154.9,29175.7,29154.1,29170.1,273.0
1782333720,29169.7,29181.4,29160.6,29171.7,275.0
1782333780,29172.2,29172.2,29143.0,29147.2,273.0
1782333840,29147.1,29150.4,29121.5,29133.0,271.0
1782333900,29131.2,29153.1,29118.5,29118.5,276.0
1782333960,29118.0,29158.2,29108.6,29155.2,280.0
1782334020,29154.0,29183.1,29148.9,29175.6,281.0
1782334080,29174.6,29181.7,29155.7,29164.4,279.0
1782334140,29162.4,29173.1,29148.9,29161.7,274.0
1782334200,29163.4,29171.9,29138.6,29156.4,273.0
1782334260,29155.7,29166.7,29143.0,29150.6,279.0
1782334320,29151.1,29155.9,29131.7,29137.4,273.0
1782334380,29136.9,29153.1,29131.6,29151.1,283.0
1782334440,29151.1,29155.5,29135.1,29149.4,273.0
1782334500,29148.9,29181.1,29148.9,29174.6,279.0
1782334560,29174.2,29183.9,29158.5,29167.5,269.0
1782334620,29166.2,29166.2,29129.0,29131.6,270.0
1782334680,29132.0,29132.0,29097.7,29104.4,276.0
1782334740,29104.4,29121.7,29101.6,29109.1,273.0
1782334800,29112.5,29133.2,29098.9,29120.6,282.0
1782334860,29119.5,29172.1,29114.2,29147.5,277.0
1782334920,29148.0,29148.0,29123.2,29135.9,277.0
1782334980,29136.4,29138.2,29118.0,29124.0,267.0
1782335040,29124.1,29136.1,29118.2,29129.6,270.0
1782335100,29129.2,29149.0,29125.7,29135.6,270.0
1782335160,29134.5,29178.0,29134.4,29162.5,287.0
1782335220,29163.2,29183.6,29144.7,29151.2,269.0
1782335280,29151.0,29172.7,29147.2,29154.7,258.0
1782335340,29155.6,29172.6,29150.6,29170.9,275.0
1782335400,29170.1,29175.2,29160.6,29166.1,277.0
1782335460,29166.0,29172.0,29148.9,29149.1,271.0
1782335520,29149.6,29163.2,29138.1,29146.6,275.0
1782335580,29147.9,29157.6,29142.6,29155.9,267.0
1782335640,29155.9,29167.5,29141.7,29162.2,280.0
1782335700,29163.0,29219.2,29161.4,29214.6,271.0
1782335760,29213.6,29223.0,29196.2,29219.7,268.0
1782335820,29219.0,29225.1,29204.9,29214.7,278.0
1782335880,29213.9,29214.4,29176.7,29208.1,280.0
1782335940,29207.9,29237.5,29202.9,29231.2,267.0
1782336000,29231.4,29236.5,29218.1,29222.4,271.0
1782336060,29222.6,29233.9,29218.1,29227.2,269.0
1782336120,29226.2,29237.7,29222.6,29234.1,273.0
1782336180,29234.5,29246.0,29233.5,29244.2,260.0
1782336240,29243.0,29259.2,29236.5,29259.2,264.0
1782336300,29257.9,29283.4,29257.7,29279.7,269.0
1782336360,29278.2,29281.0,29260.2,29262.5,267.0
1782336420,29261.0,29271.2,29255.5,29259.4,272.0
1782336480,29258.4,29278.9,29250.4,29276.9,273.0
1782336540,29277.1,29280.0,29256.2,29260.2,275.0
1782336600,29260.2,29276.4,29251.2,29264.4,271.0
1782336660,29263.9,29268.0,29249.5,29261.5,272.0
1782336720,29261.6,29261.9,29247.7,29248.7,259.0
1782336780,29248.7,29250.4,29218.2,29222.7,277.0
1782336840,29222.2,29242.9,29222.2,29232.1,272.0
1782336900,29230.6,29236.4,29193.0,29202.4,257.0
1782336960,29203.6,29213.9,29187.0,29213.9,269.0
1782337020,29213.9,29230.9,29201.4,29207.1,272.0
1782337080,29205.6,29217.6,29198.5,29202.7,261.0
1782337140,29202.7,29209.2,29183.6,29191.5,263.0
1782337200,29191.5,29199.5,29146.9,29159.2,270.0
1782337260,29159.5,29182.1,29152.0,29167.4,279.0
1782337320,29166.2,29183.7,29162.4,29176.0,269.0
1782337380,29176.7,29176.7,29151.2,29157.2,260.0
1782337440,29157.2,29171.0,29148.9,29169.0,269.0
1782337500,29169.0,29169.1,29148.1,29152.9,266.0
1782337560,29152.2,29156.2,29128.2,29129.5,259.0
1782337620,29131.2,29136.0,29102.7,29105.4,269.0
1782337680,29104.7,29109.5,29090.5,29094.0,275.0
1782337740,29093.9,29096.2,29057.2,29076.7,274.0
1782337800,29076.9,29084.1,29052.4,29060.1,281.0
1782337860,29060.4,29068.5,29045.7,29050.4,269.0
1782337920,29050.7,29076.0,29046.9,29059.0,273.0
1782337980,29059.6,29079.5,29058.6,29068.2,260.0
1782338040,29068.1,29094.6,29068.1,29087.2,271.0
1782338100,29086.6,29097.2,29076.1,29089.4,280.0
1782338160,29089.2,29110.5,29084.5,29108.0,261.0
1782338220,29108.1,29130.7,29092.2,29094.5,283.0
1782338280,29095.7,29095.7,29057.7,29063.9,275.0
1782338340,29064.5,29067.0,29050.6,29066.0,264.0
1782338400,29070.0,29075.5,29032.1,29053.4,277.0
1782338460,29052.9,29062.0,29037.6,29038.2,262.0
1782338520,29038.5,29082.2,29036.2,29074.9,274.0
1782338580,29075.5,29133.5,29071.5,29120.0,274.0
1782338640,29119.5,29125.4,29106.0,29113.6,267.0
1782338700,29113.9,29115.1,29062.2,29076.2,281.0
1782338760,29076.2,29078.9,29027.5,29027.5,273.0
1782338820,29028.0,29030.2,29001.1,29011.5,283.0
1782338880,29012.5,29019.2,29000.5,29017.0,271.0
1782338940,29021.2,29032.5,29013.9,29020.5,274.0
1782339000,29020.0,29034.5,28994.6,29023.0,280.0
1782339060,29024.0,29025.0,28997.1,28997.1,270.0
1782339120,28996.2,29009.9,28990.5,28994.5,271.0
1782339180,28996.2,29001.2,28987.2,28990.7,261.0
1782339240,28990.7,29038.4,28990.5,29030.7,278.0
1782339300,29031.1,29038.5,29011.5,29021.2,274.0
1782339360,29023.4,29027.9,29008.5,29012.4,270.0
1782339420,29011.2,29033.1,29011.2,29022.7,264.0
1782339480,29023.5,29032.4,29012.5,29031.4,280.0
1782339540,29031.0,29043.0,29021.5,29034.7,282.0
1782339600,29033.4,29040.5,29016.2,29024.1,273.0
1782339660,29024.4,29042.5,29022.2,29035.2,271.0
1782339720,29035.2,29048.9,29024.5,29043.0,270.0
1782339780,29043.2,29058.5,29040.4,29050.2,270.0
1782339840,29049.6,29070.5,29039.0,29070.5,260.0
1782339900,29071.1,29095.0,29066.5,29077.2,271.0
1782339960,29076.9,29101.0,29068.7,29101.0,271.0
1782340020,29101.5,29110.5,29079.9,29087.0,273.0
1782340080,29089.6,29103.6,29084.0,29093.7,261.0
1782340140,29094.4,29116.0,29091.4,29105.1,269.0
1782340200,29108.9,29132.4,29093.9,29125.4,278.0
1782340260,29125.1,29129.5,29101.6,29108.4,271.0
1782340320,29109.6,29117.5,29093.5,29112.4,279.0
1782340380,29112.4,29122.0,29099.5,29108.6,280.0
1782340440,29108.9,29125.1,29107.2,29119.5,279.0
1782340500,29119.5,29125.1,29097.1,29112.1,261.0
1782340560,29112.2,29154.5,29107.7,29153.0,265.0
1782340620,29152.0,29153.0,29130.1,29130.1,266.0
1782340680,29132.1,29145.0,29125.2,29133.2,263.0
1782340740,29133.2,29162.0,29126.6,29150.6,265.0
1782340800,29148.7,29166.4,29139.5,29147.9,277.0
1782340860,29147.7,29154.2,29123.9,29126.5,277.0
1782340920,29126.1,29127.5,29078.2,29087.5,279.0
1782340980,29086.5,29115.0,29086.5,29099.7,276.0
1782341040,29098.5,29119.2,29094.4,29108.0,268.0
1782341100,29108.5,29146.7,29094.6,29139.7,278.0
1782341160,29140.9,29140.9,29118.0,29123.1,279.0
1782341220,29122.6,29133.9,29109.2,29129.7,266.0
1782341280,29129.2,29133.2,29118.0,29128.2,264.0
1782341340,29129.0,29144.1,29118.4,29143.0,273.0
1782341400,29143.0,29173.2,29136.2,29154.9,274.0
1782341460,29154.7,29186.4,29153.1,29175.6,275.0
1782341520,29175.2,29190.9,29169.0,29180.7,268.0
1782341580,29179.5,29207.0,29178.2,29203.7,265.0
1782341640,29202.6,29210.4,29182.5,29203.9,272.0
1782341700,29199.9,29200.9,29176.7,29200.1,283.0
1782341760,29198.7,29203.5,29175.1,29176.1,280.0
1782341820,29175.4,29185.9,29156.1,29184.6,279.0
1782341880,29185.6,29196.1,29180.4,29186.7,250.0
1782341940,29186.0,29247.9,29186.0,29235.9,289.0
1782342000,29236.1,29264.4,29209.0,29264.4,263.0
1782342060,29264.6,29377.2,29233.1,29371.0,288.0
1782342120,29372.7,29391.7,29319.4,29373.5,281.0
1782342180,29375.5,29421.0,29348.9,29418.2,282.0
1782342240,29417.0,29464.6,29393.9,29464.6,284.0
1782342300,29464.2,29514.5,29449.0,29508.6,287.0
1782342360,29515.4,29554.0,29513.1,29543.1,287.0
1782342420,29541.2,29550.9,29518.7,29520.4,282.0
1782342480,29521.5,29596.7,29520.2,29594.2,283.0
1782342540,29591.7,29605.5,29587.6,29587.7,274.0
1782342600,29585.4,29599.6,29565.4,29590.5,287.0
1782342660,29590.0,29610.0,29583.9,29584.4,260.0
1782342720,29584.4,29591.7,29551.1,29565.2,284.0
1782342780,29565.0,29605.5,29550.4,29603.4,260.0
1782342840,29604.4,29610.0,29588.1,29604.7,275.0
1782342900,29604.7,29605.7,29581.9,29588.5,257.0
1782342960,29588.4,29594.4,29577.4,29593.4,249.0
1782343020,29592.9,29610.1,29578.9,29583.6,255.0
1782343080,29583.4,29604.7,29578.9,29604.7,241.0
1782343140,29605.5,29607.0,29592.2,29600.5,231.0
1782343200,29600.9,29629.5,29599.2,29620.0,258.0
1782343260,29619.7,29664.9,29619.7,29663.4,262.0
1782343320,29662.1,29689.0,29659.6,29664.5,271.0
1782343380,29664.2,29694.9,29663.6,29693.4,255.0
1782343440,29691.2,29712.5,29688.5,29711.5,259.0
1782343500,29709.5,29729.2,29696.4,29729.2,263.0
1782343560,29728.6,29749.7,29720.6,29742.6,279.0
1782343620,29743.0,29745.0,29719.6,29736.7,264.0
1782343680,29734.4,29735.4,29716.6,29731.6,257.0
1782343740,29731.4,29746.6,29729.4,29730.5,238.0
1782343800,29730.4,29738.0,29723.0,29731.7,237.0
1782343860,29731.7,29738.2,29718.5,29738.2,239.0
1782343920,29737.4,29751.0,29719.4,29724.0,255.0
1782343980,29724.0,29731.7,29707.0,29707.6,242.0
1782344040,29707.1,29707.1,29688.0,29688.0,261.0
1782344100,29688.1,29733.6,29687.2,29718.6,248.0
1782344160,29719.5,29719.6,29708.0,29708.6,228.0
1782344220,29708.9,29737.5,29708.9,29725.0,253.0
1782344280,29725.0,29737.4,29723.0,29735.0,230.0
1782344340,29735.9,29754.6,29732.4,29754.6,233.0
1782344400,29753.7,29763.9,29749.2,29756.4,243.0
1782344460,29756.1,29783.0,29747.4,29770.4,251.0
1782344520,29771.2,29779.2,29763.5,29776.2,226.0
1782344580,29777.2,29809.9,29774.2,29808.6,242.0
1782344640,29807.0,29820.6,29803.2,29815.2,259.0
1782344700,29816.2,29819.2,29804.4,29814.2,253.0
1782344760,29814.5,29827.9,29812.7,29826.9,248.0
1782344820,29826.9,29857.2,29826.9,29848.0,254.0
1782344880,29845.0,29871.9,29836.4,29871.9,257.0
1782344940,29873.9,29877.1,29836.9,29851.1,251.0
1782345000,29850.2,29853.1,29827.6,29842.5,254.0
1782345060,29842.6,29844.5,29813.0,29818.1,248.0
1782345120,29819.4,29840.9,29819.4,29831.7,227.0
1782345180,29831.7,29834.2,29819.0,29828.7,201.0
1782345240,29827.5,29837.1,29825.9,29828.1,190.0
1782345300,29828.1,29828.2,29807.2,29811.0,214.0
1782345360,29811.1,29816.4,29800.2,29803.0,221.0
1782345420,29801.1,29826.1,29801.1,29826.1,201.0
1782345480,29826.1,29826.6,29804.4,29809.4,214.0
1782345540,29780.3,29785.8,29776.8,29784.7,131.0
1782349200,29827.3,29886.9,29820.6,29878.1,218.0
1782349260,29877.4,29891.9,29868.2,29868.2,230.0
1782349320,29869.3,29872.3,29846.9,29859.1,219.0
1782349380,29859.2,29859.4,29834.8,29844.8,172.0
1782349440,29844.7,29856.1,29812.3,29815.8,195.0
1782349500,29815.2,29821.4,29802.3,29802.4,226.0
1782349560,29802.2,29803.6,29788.7,29791.6,208.0
1782349620,29791.7,29798.6,29787.3,29789.3,190.0
1782349680,29789.4,29802.4,29789.1,29798.2,142.0
1782349740,29798.1,29801.6,29791.1,29796.1,168.0
1782349800,29796.1,29813.2,29795.3,29809.8,164.0
1782349860,29809.8,29818.1,29805.3,29818.1,172.0
1782349920,29818.2,29830.4,29814.7,29826.2,171.0
1782349980,29826.2,29827.1,29803.8,29806.9,170.0
1782350040,29807.2,29810.4,29795.4,29797.6,163.0
1782350100,29797.7,29800.6,29789.4,29790.4,168.0
1782350160,29790.4,29798.9,29788.8,29792.7,137.0
1782350220,29792.6,29796.4,29788.9,29791.8,164.0
1782350280,29791.8,29800.1,29785.6,29786.7,159.0
1782350340,29786.6,29788.1,29781.6,29786.7,158.0
1782350400,29786.3,29814.4,29781.4,29803.3,172.0
1782350460,29804.2,29806.2,29795.3,29806.2,158.0
1782350520,29807.6,29808.6,29800.2,29802.9,141.0
1782350580,29803.1,29805.6,29795.8,29799.3,177.0
1782350640,29799.3,29799.8,29787.4,29788.3,150.0
1782350700,29788.6,29797.4,29780.6,29796.9,164.0
1782350760,29797.4,29797.4,29781.2,29781.8,139.0
1782350820,29782.1,29787.7,29778.8,29783.4,152.0
1782350880,29783.4,29800.4,29783.4,29789.3,152.0
1782350940,29789.3,29792.8,29781.8,29781.9,126.0
1782351000,29782.1,29800.9,29782.1,29797.9,162.0
1782351060,29798.2,29799.2,29790.7,29791.6,146.0
1782351120,29791.6,29793.2,29786.7,29791.7,142.0
1782351180,29791.4,29791.6,29781.8,29785.9,153.0
1782351240,29786.2,29796.8,29785.8,29789.1,163.0
1782351300,29788.8,29796.1,29787.7,29793.9,135.0
1782351360,29793.9,29794.1,29784.8,29789.1,129.0
1782351420,29789.1,29793.3,29785.6,29787.7,131.0
1782351480,29787.7,29793.6,29787.7,29790.4,119.0
1782351540,29790.1,29793.4,29788.6,29789.4,105.0
1782351600,29789.4,29795.4,29785.1,29785.1,129.0
1782351660,29785.1,29786.8,29777.7,29785.7,126.0
1782351720,29786.3,29803.3,29785.7,29794.4,157.0
1782351780,29794.9,29797.8,29791.6,29794.8,141.0
1782351840,29794.8,29804.3,29791.3,29796.9,150.0
1782351900,29796.7,29799.6,29793.1,29793.1,126.0
1782351960,29793.1,29796.7,29786.3,29787.1,112.0
1782352020,29787.1,29792.1,29781.3,29790.6,129.0
1782352080,29790.6,29790.6,29780.8,29782.6,114.0
1782352140,29782.4,29783.9,29773.8,29779.7,143.0
1782352200,29776.1,29783.8,29775.9,29778.4,119.0
1782352260,29778.6,29784.9,29777.4,29781.2,108.0
1782352320,29781.2,29791.6,29777.7,29791.6,128.0
1782352380,29792.3,29792.3,29779.3,29780.4,134.0
1782352440,29780.4,29782.3,29777.3,29780.9,115.0
1782352500,29780.8,29782.9,29776.3,29780.4,113.0
1782352560,29781.6,29781.8,29775.2,29775.7,99.0
1782352620,29775.6,29775.8,29771.7,29773.6,100.0
1782352680,29773.7,29775.8,29771.7,29775.2,100.0
1782352740,29775.2,29776.4,29772.6,29775.6,95.0
1782352800,29775.3,29779.8,29771.9,29774.4,138.0
1782352860,29774.4,29786.4,29774.4,29779.2,129.0
1782352920,29779.2,29779.4,29772.9,29774.6,112.0
1782352980,29774.6,29784.4,29774.4,29781.3,126.0
1782353040,29781.1,29795.9,29780.1,29789.1,130.0
1782353100,29788.9,29793.3,29784.9,29792.7,117.0
1782353160,29792.7,29797.9,29789.7,29795.6,142.0
1782353220,29795.6,29797.6,29790.2,29791.3,130.0
1782353280,29791.3,29793.3,29789.6,29791.4,98.0
1782353340,29792.4,29792.4,29781.9,29788.7,105.0
1782353400,29788.7,29797.8,29788.7,29797.8,117.0
1782353460,29797.8,29804.3,29794.1,29794.6,130.0
1782353520,29794.6,29798.1,29775.8,29775.9,144.0
1782353580,29776.8,29784.2,29776.8,29781.7,129.0
1782353640,29781.6,29784.7,29778.4,29784.4,127.0
1782353700,29784.4,29786.1,29779.7,29783.3,105.0
1782353760,29783.2,29787.6,29780.6,29784.3,93.0
1782353820,29784.3,29792.3,29783.4,29786.7,120.0
1782353880,29786.7,29787.3,29783.1,29785.9,101.0
1782353940,29786.1,29786.6,29781.4,29782.7,123.0
1782354000,29782.9,29790.4,29782.7,29790.1,115.0
1782354060,29790.2,29803.2,29789.2,29799.8,113.0
1782354120,29799.8,29799.8,29792.3,29792.7,98.0
1782354180,29792.6,29802.3,29792.2,29802.3,122.0
1782354240,29802.4,29805.2,29797.7,29802.8,120.0
1782354300,29802.6,29809.3,29801.6,29806.3,130.0
1782354360,29806.3,29811.2,29804.8,29811.2,102.0
1782354420,29810.2,29820.4,29809.7,29815.3,142.0
1782354480,29815.2,29816.6,29800.3,29801.1,122.0
1782354540,29801.4,29804.9,29800.2,29801.4,107.0
1782354600,29801.4,29806.7,29799.8,29806.4,118.0
1782354660,29806.4,29813.3,29805.6,29808.8,133.0
1782354720,29808.7,29811.6,29807.3,29809.1,119.0
1782354780,29808.7,29811.2,29807.4,29808.1,79.0
1782354840,29808.7,29818.7,29808.2,29817.6,124.0
1782354900,29817.6,29830.4,29815.8,29829.2,153.0
1782354960,29828.8,29832.6,29827.1,29831.7,150.0
1782355020,29831.7,29833.6,29827.8,29832.6,124.0
1782355080,29835.4,29837.7,29832.6,29835.3,120.0
1782355140,29835.1,29841.4,29831.2,29831.2,126.0
1782355200,29831.2,29832.2,29823.7,29830.1,152.0
1782355260,29830.9,29844.8,29830.9,29842.6,137.0
1782355320,29842.4,29845.8,29839.6,29842.7,114.0
1782355380,29842.7,29846.2,29836.2,29836.2,135.0
1782355440,29836.2,29840.8,29832.1,29839.8,128.0
1782355500,29839.3,29858.3,29838.6,29857.1,233.0
1782355560,29857.3,29859.8,29833.4,29833.7,215.0
1782355620,29834.4,29836.3,29821.6,29828.1,197.0
1782355680,29827.7,29830.7,29819.9,29824.1,182.0
1782355740,29824.1,29831.2,29823.9,29828.2,187.0
1782355800,29828.1,29830.4,29815.3,29817.8,179.0
1782355860,29817.9,29818.6,29809.7,29817.7,180.0
1782355920,29817.6,29822.8,29815.6,29822.8,165.0
1782355980,29822.2,29823.6,29818.1,29819.2,156.0
1782356040,29819.9,29833.3,29819.6,29833.2,156.0
1782356100,29833.3,29834.9,29826.1,29830.4,189.0
1782356160,29830.6,29833.7,29823.6,29828.3,134.0
1782356220,29828.2,29837.9,29828.2,29832.2,139.0
1782356280,29832.1,29833.4,29815.7,29815.8,173.0
1782356340,29815.8,29822.2,29813.6,29820.3,167.0
1782356400,29820.4,29825.3,29805.3,29814.7,247.0
1782356460,29813.7,29814.9,29790.9,29797.2,247.0
1782356520,29798.7,29801.2,29784.1,29784.1,213.0
1782356580,29784.3,29790.1,29779.8,29789.9,223.0
1782356640,29790.1,29792.2,29783.9,29789.4,218.0
1782356700,29789.6,29791.4,29771.8,29782.9,232.0
1782356760,29783.3,29804.8,29783.3,29799.1,249.0
1782356820,29799.1,29800.1,29776.7,29780.2,240.0
1782356880,29780.3,29789.3,29771.3,29785.9,255.0
1782356940,29785.9,29797.3,29781.1,29791.1,220.0
1782357000,29791.6,29801.6,29781.6,29799.6,235.0
1782357060,29799.6,29818.1,29799.4,29809.2,220.0
1782357120,29809.6,29823.4,29808.6,29817.6,225.0
1782357180,29817.9,29823.1,29799.8,29803.2,215.0
1782357240,29803.4,29817.2,29791.4,29817.2,244.0
1782357300,29817.2,29818.7,29796.7,29814.3,249.0
1782357360,29813.9,29816.8,29797.8,29810.9,227.0
1782357420,29811.1,29822.4,29797.2,29797.6,240.0
1782357480,29798.4,29798.6,29786.8,29792.8,232.0
1782357540,29793.1,29806.6,29790.4,29794.6,256.0
1782357600,29794.8,29795.2,29781.6,29783.1,231.0
1782357660,29783.4,29795.9,29783.2,29783.2,219.0
1782357720,29783.4,29796.1,29777.7,29796.1,236.0
1782357780,29796.1,29804.7,29796.1,29802.2,232.0
1782357840,29802.3,29803.8,29786.4,29787.7,211.0
1782357900,29786.3,29786.6,29756.7,29759.3,234.0
1782357960,29759.6,29766.9,29751.9,29764.2,243.0
1782358020,29764.4,29768.8,29750.9,29767.7,245.0
1782358080,29767.7,29774.7,29759.9,29760.3,232.0
1782358140,29761.4,29770.9,29756.9,29760.1,233.0
1782358200,29759.8,29765.4,29755.1,29759.6,251.0
1782358260,29759.9,29761.9,29734.7,29736.3,247.0
1782358320,29736.3,29740.7,29713.6,29722.4,243.0
1782358380,29722.9,29733.8,29714.8,29715.2,231.0
1782358440,29715.9,29721.3,29711.7,29717.1,222.0
1782358500,29717.8,29720.9,29702.3,29708.1,240.0
1782358560,29708.1,29722.6,29705.1,29722.4,244.0
1782358620,29722.4,29722.4,29706.3,29711.8,234.0
1782358680,29711.9,29711.9,29702.3,29707.3,202.0
1782358740,29707.3,29709.4,29697.9,29702.4,232.0
1782358800,29703.4,29706.7,29686.9,29687.7,220.0
1782358860,29687.9,29694.3,29669.8,29677.4,242.0
1782358920,29677.1,29688.4,29667.6,29688.4,242.0
1782358980,29687.3,29695.6,29685.3,29686.4,231.0
1782359040,29686.7,29690.4,29678.4,29687.2,218.0
1782359100,29687.1,29694.2,29678.6,29678.8,247.0
1782359160,29679.6,29687.8,29672.6,29673.7,252.0
1782359220,29673.2,29678.2,29666.6,29668.2,239.0
1782359280,29668.4,29674.8,29661.3,29664.6,228.0
1782359340,29664.7,29670.7,29662.4,29665.6,226.0
1782359400,29666.3,29694.2,29664.3,29691.7,229.0
1782359460,29693.2,29704.6,29688.8,29699.2,247.0
1782359520,29699.3,29709.9,29690.9,29694.7,235.0
1782359580,29694.8,29715.7,29691.2,29714.3,238.0
1782359640,29714.4,29715.4,29705.2,29711.7,234.0
1782359700,29711.7,29712.9,29688.4,29689.8,234.0
1782359760,29689.6,29689.8,29676.6,29686.6,228.0
1782359820,29686.3,29700.4,29685.1,29690.6,235.0
1782359880,29690.6,29690.8,29677.8,29679.8,232.0
1782359940,29680.7,29690.7,29678.9,29690.6,219.0
1782360000,29691.2,29713.2,29683.2,29713.2,261.0
1782360060,29711.9,29719.4,29703.3,29709.6,251.0
1782360120,29709.9,29718.2,29699.3,29700.6,271.0
1782360180,29700.8,29701.8,29689.3,29692.4,257.0
1782360240,29692.3,29693.3,29677.3,29678.3,246.0
1782360300,29678.1,29692.7,29675.7,29692.2,244.0
1782360360,29691.8,29695.4,29679.4,29685.6,250.0
1782360420,29686.3,29691.6,29678.2,29683.7,239.0
1782360480,29683.9,29691.3,29677.7,29683.7,244.0
1782360540,29683.7,29694.7,29679.6,29689.6,246.0
1782360600,29689.8,29695.2,29683.3,29689.1,241.0
1782360660,29689.1,29702.7,29684.1,29693.1,232.0
1782360720,29693.1,29699.8,29692.3,29695.8,237.0
1782360780,29695.9,29699.8,29690.1,29692.1,228.0
1782360840,29692.3,29698.1,29688.3,29694.1,216.0
1782360900,29693.9,29699.3,29688.2,29692.8,244.0
1782360960,29692.1,29695.3,29677.4,29689.1,232.0
1782361020,29689.4,29706.1,29687.6,29700.1,240.0
1782361080,29700.1,29700.4,29682.9,29687.8,229.0
1782361140,29687.6,29698.2,29675.7,29697.1,247.0
1782361200,29697.6,29707.1,29695.4,29705.9,238.0
1782361260,29705.8,29711.6,29704.7,29705.7,226.0
1782361320,29705.4,29712.8,29701.6,29711.1,245.0
1782361380,29709.9,29713.8,29703.1,29713.8,238.0
1782361440,29714.2,29714.7,29701.4,29701.8,218.0
1782361500,29701.4,29706.4,29691.8,29691.8,226.0
1782361560,29691.8,29696.3,29686.3,29688.3,213.0
1782361620,29688.2,29703.6,29687.7,29693.3,220.0
1782361680,29693.6,29701.6,29691.7,29694.8,212.0
1782361740,29694.4,29694.8,29686.1,29689.3,221.0
1782361800,29689.9,29695.4,29684.6,29689.6,258.0
1782361860,29689.3,29702.8,29687.4,29697.8,235.0
1782361920,29697.3,29708.8,29696.1,29699.2,232.0
1782361980,29699.6,29705.1,29697.7,29703.3,231.0
1782362040,29703.3,29718.3,29700.9,29716.7,237.0
1782362100,29715.7,29729.1,29713.9,29729.1,225.0
1782362160,29728.9,29734.8,29724.2,29724.3,232.0
1782362220,29724.2,29747.3,29720.7,29743.4,224.0
1782362280,29743.4,29751.3,29741.8,29745.2,212.0
1782362340,29746.2,29752.3,29737.4,29737.4,246.0
1782362400,29737.4,29742.6,29727.2,29729.6,238.0
1782362460,29729.6,29734.7,29723.4,29725.8,220.0
1782362520,29725.8,29733.3,29717.9,29733.3,233.0
1782362580,29733.6,29743.1,29733.4,29735.7,229.0
1782362640,29735.6,29735.9,29716.4,29720.6,220.0
1782362700,29720.6,29721.9,29712.2,29718.1,240.0
1782362760,29718.7,29724.7,29711.9,29718.7,221.0
1782362820,29718.9,29727.4,29717.6,29726.2,181.0
1782362880,29726.4,29728.8,29718.4,29723.2,206.0
1782362940,29723.2,29738.7,29721.8,29738.4,220.0
1782363000,29738.6,29744.7,29727.3,29737.3,228.0
1782363060,29738.3,29745.9,29732.7,29743.1,222.0
1782363120,29743.4,29748.7,29743.1,29747.7,216.0
1782363180,29747.8,29750.4,29744.6,29746.2,220.0
1782363240,29746.2,29748.1,29740.2,29746.7,209.0
1782363300,29746.7,29754.8,29744.9,29751.9,214.0
1782363360,29752.4,29754.2,29746.8,29751.8,219.0
1782363420,29752.1,29755.1,29736.2,29738.4,202.0
1782363480,29738.6,29739.9,29727.3,29731.1,226.0
1782363540,29731.2,29733.9,29721.7,29722.2,211.0
1782363600,29722.1,29725.3,29713.1,29714.9,245.0
1782363660,29714.9,29730.9,29714.9,29729.4,210.0
1782363720,29729.4,29741.1,29729.2,29733.3,221.0
1782363780,29734.3,29742.3,29732.6,29741.4,212.0
1782363840,29741.8,29741.9,29734.4,29737.4,205.0
1782363900,29737.4,29744.4,29729.2,29736.8,195.0
1782363960,29736.7,29739.8,29728.6,29731.4,182.0
1782364020,29731.3,29734.6,29718.7,29720.1,179.0
1782364080,29719.9,29722.1,29711.8,29718.8,213.0
1782364140,29718.8,29721.1,29710.9,29719.2,208.0
1782364200,29718.8,29718.8,29702.6,29705.7,219.0
1782364260,29705.1,29706.4,29688.7,29688.7,223.0
1782364320,29687.8,29688.8,29667.3,29676.8,226.0
1782364380,29676.9,29681.2,29667.6,29671.8,249.0
1782364440,29672.2,29677.2,29668.1,29668.7,218.0
1782364500,29669.4,29674.6,29655.6,29656.4,225.0
1782364560,29656.4,29667.1,29649.2,29664.4,244.0
1782364620,29664.6,29680.9,29663.2,29678.8,228.0
1782364680,29678.7,29678.7,29668.3,29673.1,223.0
1782364740,29673.3,29696.8,29673.3,29694.9,246.0
1782364800,29694.7,29700.7,29687.9,29688.4,218.0
1782364860,29688.4,29697.2,29683.4,29694.6,222.0
1782364920,29694.3,29710.9,29692.4,29708.3,217.0
1782364980,29708.2,29713.6,29698.9,29699.2,203.0
1782365040,29699.1,29703.8,29690.6,29690.8,203.0
1782365100,29691.1,29701.9,29687.3,29701.2,215.0
1782365160,29701.4,29712.2,29699.8,29710.2,193.0
1782365220,29710.2,29715.3,29704.6,29711.6,175.0
1782365280,29711.6,29716.6,29710.3,29714.2,190.0
1782365340,29714.7,29719.8,29708.2,29709.6,174.0
1782365400,29709.6,29714.9,29700.8,29712.4,208.0
1782365460,29712.8,29715.6,29708.4,29714.3,179.0
1782365520,29714.4,29720.3,29712.3,29718.3,181.0
1782365580,29718.4,29720.3,29706.8,29713.2,183.0
1782365640,29713.7,29716.2,29709.8,29713.9,196.0
1782365700,29713.9,29715.7,29708.4,29715.7,179.0
1782365760,29715.8,29721.3,29709.4,29718.4,170.0
1782365820,29718.3,29720.6,29716.4,29716.9,164.0
1782365880,29716.8,29717.1,29707.9,29707.9,209.0
1782365940,29708.2,29714.7,29702.6,29711.3,181.0
1782366000,29711.4,29713.8,29693.3,29693.3,187.0
1782366060,29693.1,29695.8,29691.4,29693.4,186.0
1782366120,29693.7,29696.3,29691.3,29694.6,163.0
1782366180,29694.6,29699.2,29691.7,29697.1,178.0
1782366240,29697.1,29703.2,29695.6,29698.8,172.0
1782366300,29698.9,29701.7,29695.1,29696.4,165.0
1782366360,29696.6,29697.6,29690.2,29695.1,173.0
1782366420,29695.4,29706.7,29694.3,29704.8,208.0
1782366480,29704.9,29708.6,29699.7,29703.6,156.0
1782366540,29703.4,29706.7,29702.9,29704.9,177.0
1782366600,29705.1,29706.3,29695.1,29698.7,182.0
1782366660,29698.6,29705.7,29697.2,29698.2,204.0
1782366720,29698.4,29715.3,29696.2,29715.3,196.0
1782366780,29715.1,29718.1,29708.9,29711.9,166.0
1782366840,29711.7,29717.9,29710.7,29715.7,167.0
1782366900,29715.3,29717.6,29708.9,29712.2,176.0
1782366960,29711.9,29720.9,29708.2,29720.6,171.0
1782367020,29720.8,29721.8,29714.4,29718.7,159.0
1782367080,29718.3,29726.4,29717.9,29724.7,184.0
1782367140,29724.8,29724.8,29720.9,29722.7,153.0
1782367200,29722.4,29727.9,29717.6,29722.3,199.0
1782367260,29722.4,29738.8,29720.7,29737.4,203.0
1782367320,29737.3,29744.6,29733.2,29733.6,199.0
1782367380,29733.2,29735.4,29728.1,29729.2,187.0
1782367440,29729.2,29737.7,29724.9,29735.4,191.0
1782367500,29735.4,29745.2,29731.2,29743.7,210.0
1782367560,29743.4,29745.9,29740.9,29742.2,174.0
1782367620,29741.9,29744.8,29738.4,29741.7,165.0
1782367680,29741.4,29746.3,29740.4,29741.9,167.0
1782367740,29741.7,29742.2,29729.7,29730.4,178.0
1782367800,29730.7,29736.1,29727.9,29736.1,187.0
1782367860,29735.8,29737.6,29730.9,29736.6,186.0
1782367920,29736.4,29738.4,29727.9,29728.4,193.0
1782367980,29728.4,29733.4,29722.8,29724.7,189.0
1782368040,29724.7,29732.6,29722.9,29731.2,172.0
1782368100,29731.9,29738.4,29707.3,29722.8,232.0
1782368160,29722.8,29738.4,29722.8,29738.4,202.0
1782368220,29738.4,29746.9,29736.1,29745.8,183.0
1782368280,29746.3,29751.6,29739.4,29748.3,183.0
1782368340,29748.2,29751.4,29746.3,29748.8,197.0
1782368400,29748.9,29748.9,29741.3,29746.2,181.0
1782368460,29745.9,29753.1,29742.2,29752.3,190.0
1782368520,29752.7,29753.6,29744.8,29750.7,171.0
1782368580,29750.9,29759.7,29749.7,29759.1,180.0
1782368640,29759.2,29762.6,29752.9,29754.9,185.0
1782368700,29754.9,29755.6,29746.9,29753.9,182.0
1782368760,29753.6,29756.9,29751.3,29756.3,151.0
1782368820,29756.3,29759.2,29750.4,29753.3,171.0
1782368880,29752.8,29754.2,29744.7,29745.3,162.0
1782368940,29744.9,29749.3,29741.4,29749.3,183.0
1782369000,29749.1,29765.7,29747.1,29763.4,203.0
1782369060,29762.9,29768.8,29760.2,29760.9,189.0
1782369120,29760.8,29761.6,29746.4,29752.7,186.0
1782369180,29752.7,29753.2,29743.7,29744.3,200.0
1782369240,29744.3,29749.9,29743.6,29747.8,181.0
1782369300,29747.6,29748.7,29732.8,29734.6,192.0
1782369360,29734.8,29736.7,29728.9,29733.8,195.0
1782369420,29733.8,29749.7,29733.6,29739.4,174.0
1782369480,29739.4,29742.2,29733.9,29734.8,175.0
1782369540,29734.8,29744.4,29732.9,29741.2,173.0
1782369600,29741.2,29741.3,29732.3,29737.8,197.0
1782369660,29737.9,29742.7,29735.6,29738.8,170.0
1782369720,29738.7,29740.1,29730.2,29732.3,174.0
1782369780,29732.3,29732.8,29724.4,29727.6,190.0
1782369840,29727.4,29734.3,29724.9,29734.3,168.0
1782369900,29734.4,29737.1,29728.7,29730.3,185.0
1782369960,29730.1,29739.6,29728.6,29739.6,167.0
1782370020,29740.4,29746.3,29733.6,29739.6,182.0
1782370080,29739.6,29747.2,29738.2,29747.2,176.0
1782370140,29747.2,29757.4,29745.4,29754.7,161.0
1782370200,29754.7,29756.6,29745.3,29753.8,160.0
1782370260,29753.4,29760.6,29751.9,29759.8,179.0
1782370320,29760.2,29767.8,29759.6,29762.9,162.0
1782370380,29762.4,29766.8,29761.8,29761.8,126.0
1782370440,29761.8,29764.6,29756.7,29764.4,143.0
1782370500,29764.6,29766.9,29762.3,29766.8,160.0
1782370560,29766.9,29767.7,29759.9,29762.3,144.0
1782370620,29762.1,29762.6,29755.1,29758.2,131.0
1782370680,29758.3,29762.9,29757.6,29761.4,106.0
1782370740,29761.4,29761.6,29755.7,29757.9,115.0
1782370800,29759.2,29761.2,29752.2,29755.4,148.0
1782370860,29755.1,29763.7,29754.7,29760.8,148.0
1782370920,29760.8,29763.8,29752.6,29753.8,140.0
1782370980,29753.9,29758.3,29751.9,29757.9,120.0
1782371040,29757.9,29762.8,29756.7,29757.1,173.0
1782371100,29756.7,29763.1,29754.9,29760.6,153.0
1782371160,29760.6,29761.9,29757.2,29757.2,146.0
1782371220,29757.2,29765.1,29757.2,29764.4,160.0
1782371280,29764.4,29765.3,29757.4,29758.2,144.0
1782371340,29757.7,29766.8,29756.8,29765.9,172.0
1782371400,29766.2,29768.2,29758.9,29759.7,161.0
1782371460,29759.7,29767.2,29754.7,29764.1,167.0
1782371520,29763.9,29764.8,29758.4,29759.7,141.0
1782371580,29759.8,29763.8,29757.2,29763.8,155.0
1782371640,29763.8,29765.6,29753.4,29753.4,170.0
1782371700,29753.7,29759.3,29751.7,29756.4,179.0
1782371760,29756.4,29760.4,29751.8,29751.9,133.0
1782371820,29751.7,29751.7,29736.6,29740.4,203.0
1782371880,29740.8,29750.8,29738.7,29749.4,187.0
1782371940,29749.4,29752.7,29742.9,29750.9,180.0
1782372000,29750.9,29757.7,29750.2,29752.3,176.0
1782372060,29752.3,29761.1,29750.8,29759.2,153.0
1782372120,29760.6,29768.3,29758.6,29766.9,150.0
1782372180,29766.9,29767.1,29760.8,29762.4,155.0
1782372240,29762.4,29766.2,29755.8,29756.1,179.0
1782372300,29755.2,29755.4,29748.6,29752.6,169.0
1782372360,29752.7,29755.6,29745.3,29745.3,157.0
1782372420,29745.8,29748.7,29745.2,29746.6,142.0
1782372480,29746.6,29748.3,29742.2,29744.3,189.0
1782372540,29744.3,29745.2,29741.8,29743.6,138.0
1782372600,29743.6,29746.8,29738.8,29739.8,170.0
1782372660,29740.2,29740.9,29725.7,29725.7,194.0
1782372720,29725.7,29728.4,29722.7,29726.2,165.0
1782372780,29726.4,29730.6,29723.8,29730.3,190.0
1782372840,29729.9,29736.1,29725.2,29736.1,154.0
1782372900,29736.2,29739.7,29725.1,29728.1,183.0
1782372960,29727.9,29735.4,29727.9,29732.8,175.0
1782373020,29734.3,29743.6,29734.3,29742.9,202.0
1782373080,29742.9,29753.8,29741.2,29748.2,185.0
1782373140,29748.2,29754.2,29747.9,29750.7,150.0
1782373200,29750.7,29755.6,29746.4,29746.4,175.0
1782373260,29745.9,29747.7,29738.9,29743.3,176.0
1782373320,29743.4,29752.7,29743.1,29752.7,163.0
1782373380,29752.7,29757.8,29751.7,29755.4,151.0
1782373440,29755.3,29763.3,29753.4,29762.1,153.0
1782373500,29762.6,29764.4,29757.3,29759.2,174.0
1782373560,29759.2,29762.7,29757.4,29762.7,132.0
1782373620,29762.4,29764.6,29758.7,29764.4,139.0
1782373680,29764.3,29773.8,29763.2,29769.3,155.0
1782373740,29769.3,29769.6,29759.6,29764.4,137.0
1782373800,29764.4,29779.8,29764.3,29778.2,143.0
1782373860,29778.2,29778.2,29772.4,29776.4,137.0
1782373920,29776.4,29781.3,29776.3,29780.1,140.0
1782373980,29780.6,29787.6,29777.1,29785.8,110.0
1782374040,29785.8,29786.1,29776.8,29776.9,145.0
1782374100,29776.9,29778.3,29773.1,29777.7,143.0
1782374160,29777.6,29777.6,29768.3,29768.4,164.0
1782374220,29768.4,29775.9,29768.4,29771.9,171.0
1782374280,29771.3,29771.8,29758.4,29759.1,169.0
1782374340,29761.3,29765.6,29758.7,29764.8,158.0
1782374400,29764.9,29776.6,29764.3,29767.4,215.0
1782374460,29767.4,29786.6,29767.4,29784.8,180.0
1782374520,29784.7,29790.6,29783.3,29787.8,171.0
1782374580,29786.9,29787.2,29779.7,29782.3,164.0
1782374640,29782.4,29788.7,29781.7,29787.2,149.0
1782374700,29787.2,29798.3,29786.7,29795.9,180.0
1782374760,29795.9,29797.6,29789.2,29790.4,183.0
1782374820,29790.3,29797.6,29789.8,29794.1,170.0
1782374880,29794.6,29798.3,29792.6,29796.4,170.0
1782374940,29796.4,29797.6,29791.9,29795.1,181.0
1782375000,29795.1,29796.2,29786.9,29790.8,173.0
1782375060,29790.8,29791.2,29782.4,29783.4,177.0
1782375120,29783.4,29788.7,29781.9,29785.7,171.0
1782375180,29786.3,29794.1,29786.2,29792.1,178.0
1782375240,29792.1,29795.4,29790.6,29793.7,128.0
1782375300,29793.7,29797.1,29791.6,29795.7,149.0
1782375360,29795.7,29800.7,29794.4,29800.4,152.0
1782375420,29800.4,29801.1,29796.2,29798.8,168.0
1782375480,29798.3,29798.8,29789.3,29789.3,159.0
1782375540,29789.3,29791.8,29786.1,29788.4,170.0
1782375600,29788.4,29792.3,29786.7,29791.1,164.0
1782375660,29791.1,29796.7,29791.1,29795.9,165.0
1782375720,29795.9,29800.2,29793.4,29799.7,146.0
1782375780,29799.7,29808.8,29797.1,29808.4,157.0
1782375840,29808.6,29813.4,29805.2,29809.7,169.0
1782375900,29809.7,29811.9,29805.7,29805.8,179.0
1782375960,29805.7,29813.9,29804.2,29813.2,166.0
1782376020,29813.2,29818.8,29811.4,29816.3,157.0
1782376080,29816.3,29821.3,29812.1,29817.4,165.0
1782376140,29816.9,29821.6,29815.4,29817.7,131.0
1782376200,29817.3,29819.7,29812.6,29817.3,202.0
1782376260,29817.3,29823.7,29816.6,29821.6,187.0
1782376320,29821.6,29826.2,29817.7,29818.3,179.0
1782376380,29818.3,29826.8,29816.2,29826.2,156.0
1782376440,29826.6,29831.2,29823.1,29830.7,190.0
1782376500,29831.6,29834.3,29825.2,29828.7,186.0
1782376560,29829.2,29831.6,29818.7,29822.8,189.0
1782376620,29822.8,29827.9,29819.2,29824.7,178.0
1782376680,29824.7,29828.9,29823.1,29826.8,180.0
1782376740,29826.3,29827.9,29822.3,29826.1,204.0
1782376800,29826.1,29839.3,29825.7,29836.1,193.0
1782376860,29835.8,29838.2,29831.4,29837.6,164.0
1782376920,29837.6,29845.6,29834.7,29843.6,159.0
1782376980,29843.7,29843.7,29830.3,29830.9,175.0
1782377040,29832.4,29838.8,29829.9,29830.2,185.0
1782377100,29830.2,29832.2,29825.3,29827.9,173.0
1782377160,29827.7,29830.9,29823.2,29824.3,188.0
1782377220,29823.8,29824.1,29812.6,29821.4,174.0
1782377280,29821.2,29829.2,29819.6,29823.9,165.0
1782377340,29823.7,29825.1,29820.6,29823.6,145.0
1782377400,29823.2,29823.4,29813.3,29815.9,166.0
1782377460,29815.8,29824.2,29814.7,29824.2,167.0
1782377520,29823.9,29830.8,29822.4,29828.6,156.0
1782377580,29828.4,29828.4,29817.2,29817.6,155.0
1782377640,29817.4,29824.6,29813.9,29818.1,158.0
1782377700,29817.9,29819.1,29810.6,29814.3,166.0
1782377760,29813.3,29820.3,29807.2,29819.4,188.0
1782377820,29819.6,29820.6,29809.8,29814.7,165.0
1782377880,29815.1,29816.8,29813.8,29815.1,158.0
1782377940,29815.1,29817.9,29812.8,29813.4,166.0
1782378000,29813.9,29830.4,29813.8,29828.1,202.0
1782378060,29828.3,29828.3,29820.3,29825.6,184.0
1782378120,29824.3,29832.4,29824.3,29831.9,179.0
1782378180,29832.2,29834.4,29815.4,29823.3,176.0
1782378240,29823.3,29825.8,29812.1,29812.9,157.0
1782378300,29813.7,29814.7,29806.7,29810.4,165.0
1782378360,29810.4,29810.8,29802.2,29807.0,164.0
1782378420,29807.0,29821.4,29806.2,29820.9,173.0
1782378480,29820.9,29826.3,29819.9,29826.3,164.0
1782378540,29825.5,29830.2,29821.3,29825.3,180.0
1782378600,29825.0,29825.9,29819.2,29824.2,193.0
1782378660,29823.7,29827.7,29818.7,29825.5,154.0
1782378720,29827.5,29828.9,29823.3,29828.8,170.0
1782378780,29828.9,29843.3,29828.5,29843.3,196.0
1782378840,29844.3,29844.7,29836.7,29836.7,192.0
1782378900,29836.7,29843.5,29832.3,29841.4,193.0
1782378960,29841.4,29846.9,29840.0,29843.5,164.0
1782379020,29843.5,29846.9,29843.0,29844.9,185.0
1782379080,29845.0,29849.7,29844.4,29849.2,152.0
1782379140,29849.3,29850.4,29845.0,29846.8,161.0
1782379200,29847.0,29851.4,29845.2,29850.8,158.0
1782379260,29850.8,29852.3,29842.7,29847.9,168.0
1782379320,29847.8,29853.8,29846.0,29853.8,160.0
1782379380,29853.8,29855.7,29851.8,29852.2,144.0
1782379440,29852.5,29855.3,29850.9,29855.3,141.0
1782379500,29855.3,29855.3,29849.5,29851.5,163.0
1782379560,29851.8,29852.2,29842.4,29849.4,181.0
1782379620,29849.4,29851.8,29843.2,29851.5,157.0
1782379680,29851.5,29851.8,29835.0,29835.8,157.0
1782379740,29836.0,29837.5,29832.7,29835.2,194.0
1782379800,29834.2,29837.4,29828.4,29837.4,225.0
1782379860,29837.8,29840.8,29831.9,29835.4,195.0
1782379920,29835.4,29840.8,29831.5,29840.8,197.0
1782379980,29840.8,29842.8,29838.3,29840.2,155.0
1782380040,29840.2,29843.7,29834.4,29840.3,154.0
1782380100,29840.5,29844.3,29833.7,29840.0,153.0
1782380160,29839.9,29843.0,29838.2,29841.9,143.0
1782380220,29841.8,29841.8,29829.5,29831.2,153.0
1782380280,29831.2,29837.3,29829.4,29836.2,144.0
1782380340,29836.3,29836.5,29832.3,29836.0,159.0
1782380400,29835.9,29835.9,29823.0,29827.9,130.0
1782380460,29828.4,29835.4,29824.4,29834.9,132.0
1782380520,29834.9,29840.0,29831.9,29837.7,154.0
1782380580,29837.4,29837.4,29827.8,29830.3,142.0
1782380640,29830.3,29831.2,29827.0,29829.0,136.0
1782380700,29829.0,29832.7,29827.9,29830.7,145.0
1782380760,29830.7,29837.0,29828.8,29835.3,134.0
1782380820,29835.4,29836.2,29830.3,29830.7,142.0
1782380880,29830.8,29832.8,29827.5,29828.3,136.0
1782380940,29828.9,29830.3,29825.7,29828.9,117.0
1782381000,29828.8,29828.9,29824.9,29826.3,107.0
1782381060,29826.4,29843.8,29825.9,29839.7,162.0
1782381120,29839.7,29839.8,29834.5,29838.7,132.0
1782381180,29838.3,29838.4,29827.3,29827.3,144.0
1782381240,29827.3,29833.2,29826.7,29828.0,121.0
1782381300,29828.0,29832.9,29827.2,29832.4,119.0
1782381360,29832.8,29837.0,29831.8,29832.4,148.0
1782381420,29832.5,29833.3,29826.4,29829.4,148.0
1782381480,29829.4,29832.4,29827.7,29828.8,123.0
1782381540,29828.8,29833.5,29825.7,29829.9,164.0
1782381600,29830.5,29845.7,29830.5,29840.3,228.0
1782381660,29840.5,29849.0,29837.4,29839.8,215.0
1782381720,29839.0,29841.5,29836.0,29837.5,163.0
1782381780,29836.4,29850.0,29834.8,29843.5,201.0
1782381840,29843.3,29845.9,29838.7,29845.9,192.0
1782381900,29845.7,29861.3,29845.7,29858.0,204.0
1782381960,29858.0,29862.7,29856.5,29858.5,186.0
1782382020,29858.5,29859.7,29855.2,29859.5,185.0
1782382080,29859.4,29862.2,29852.5,29856.2,171.0
1782382140,29856.2,29858.4,29853.9,29855.8,152.0
1782382200,29855.8,29856.7,29849.5,29853.2,132.0
1782382260,29853.2,29857.4,29848.8,29851.3,174.0
1782382320,29850.5,29855.9,29847.2,29854.0,154.0
1782382380,29854.0,29855.2,29849.0,29851.0,107.0
1782382440,29850.8,29851.9,29846.3,29850.4,182.0
1782382500,29851.0,29858.0,29850.9,29855.2,168.0
1782382560,29855.2,29867.8,29854.5,29867.7,159.0
1782382620,29867.7,29882.5,29865.4,29880.0,183.0
1782382680,29879.8,29881.5,29877.2,29879.4,160.0
1782382740,29879.2,29880.0,29874.9,29879.8,143.0
1782382800,29879.8,29901.2,29879.8,29899.9,182.0
1782382860,29899.9,29904.7,29895.2,29898.4,178.0
1782382920,29898.4,29905.0,29893.3,29903.0,131.0
1782382980,29903.2,29906.2,29894.7,29905.5,164.0
1782383040,29905.5,29909.7,29901.7,29903.9,158.0
1782383100,29905.3,29910.5,29894.4,29894.4,165.0
1782383160,29894.7,29900.2,29891.5,29895.7,168.0
1782383220,29895.7,29903.8,29895.7,29903.2,170.0
1782383280,29903.2,29905.8,29895.7,29897.5,168.0
1782383340,29897.3,29901.8,29895.4,29896.2,173.0
1782383400,29896.0,29896.4,29886.8,29888.9,168.0
1782383460,29889.0,29895.3,29887.3,29893.9,141.0
1782383520,29893.9,29901.2,29893.4,29896.9,165.0
1782383580,29897.0,29897.0,29891.2,29896.2,145.0
1782383640,29896.2,29899.0,29890.9,29893.0,135.0
1782383700,29892.9,29895.5,29884.7,29885.2,144.0
1782383760,29885.0,29886.7,29874.3,29878.7,165.0
1782383820,29878.3,29886.4,29877.8,29878.4,164.0
1782383880,29878.3,29889.5,29873.7,29888.2,158.0
1782383940,29888.2,29896.7,29888.2,29896.0,136.0
1782384000,29896.0,29900.5,29894.7,29895.9,143.0
1782384060,29895.9,29899.8,29892.4,29899.8,158.0
1782384120,29899.8,29905.2,29896.5,29901.9,183.0
1782384180,29902.0,29905.9,29900.2,29900.2,152.0
1782384240,29900.0,29904.2,29899.3,29900.7,160.0
1782384300,29900.7,29902.2,29888.9,29893.3,170.0
1782384360,29893.2,29894.2,29887.4,29889.9,183.0
1782384420,29890.4,29898.2,29889.3,29895.3,171.0
1782384480,29895.3,29900.2,29891.4,29895.9,162.0
1782384540,29895.9,29897.3,29889.9,29892.4,139.0
1782384600,29892.4,29894.2,29887.9,29888.4,152.0
1782384660,29887.9,29888.5,29882.3,29882.3,143.0
1782384720,29883.2,29888.4,29881.4,29884.4,146.0
1782384780,29884.4,29891.8,29884.4,29890.7,163.0
1782384840,29890.7,29890.7,29885.7,29886.2,149.0
1782384900,29886.3,29886.8,29879.0,29881.2,161.0
1782384960,29881.0,29891.7,29880.7,29889.3,161.0
1782385020,29889.3,29897.7,29888.7,29897.4,147.0
1782385080,29897.4,29902.3,29896.4,29900.5,154.0
1782385140,29900.5,29905.8,29900.3,29905.5,163.0
1782385200,29905.5,29917.4,29889.4,29917.2,218.0
1782385260,29917.2,29921.9,29912.9,29920.3,185.0
1782385320,29920.0,29937.9,29916.8,29937.8,201.0
1782385380,29937.7,29942.3,29924.0,29927.2,183.0
1782385440,29927.7,29927.7,29913.4,29914.2,197.0
1782385500,29914.2,29918.5,29911.3,29913.7,207.0
1782385560,29914.7,29933.0,29914.7,29926.4,183.0
1782385620,29926.5,29928.9,29919.8,29923.3,211.0
1782385680,29922.9,29929.9,29921.9,29923.5,197.0
1782385740,29922.7,29932.9,29922.5,29929.3,159.0
1782385800,29929.7,29938.0,29924.7,29933.9,155.0
1782385860,29934.5,29938.0,29927.8,29936.5,141.0
1782385920,29936.5,29940.8,29928.4,29928.4,163.0
1782385980,29928.3,29929.3,29912.9,29915.4,168.0
1782386040,29914.2,29917.2,29907.7,29907.7,174.0
1782386100,29907.7,29909.5,29897.8,29898.4,186.0
1782386160,29898.3,29901.5,29891.8,29892.2,199.0
1782386220,29892.2,29895.0,29885.7,29891.5,157.0
1782386280,29891.4,29899.2,29887.9,29899.2,159.0
1782386340,29899.2,29900.0,29891.4,29895.9,172.0
1782386400,29895.4,29901.8,29886.4,29889.4,181.0
1782386460,29889.4,29898.9,29881.9,29898.7,168.0
1782386520,29898.9,29901.7,29891.9,29893.7,179.0
1782386580,29893.3,29896.2,29889.2,29892.8,164.0
1782386640,29892.9,29897.8,29890.5,29895.4,145.0
1782386700,29894.8,29897.8,29888.4,29888.4,167.0
1782386760,29888.5,29896.4,29884.8,29894.8,162.0
1782386820,29894.7,29898.2,29892.0,29896.4,193.0
1782386880,29896.4,29909.4,29896.0,29905.2,180.0
1782386940,29905.0,29905.0,29892.2,29893.7,186.0
1782387000,29894.2,29900.2,29888.0,29888.4,193.0
1782387060,29888.4,29893.8,29887.5,29893.4,168.0
1782387120,29893.4,29899.8,29890.0,29892.0,175.0
1782387180,29892.0,29902.4,29891.7,29895.8,176.0
1782387240,29895.9,29895.9,29884.8,29884.9,142.0
1782387300,29885.2,29892.9,29883.5,29888.5,143.0
1782387360,29888.5,29901.5,29888.5,29901.3,164.0
1782387420,29901.4,29903.7,29896.2,29902.7,124.0
1782387480,29902.9,29906.0,29898.8,29901.3,159.0
1782387540,29901.4,29907.4,29900.9,29904.5,162.0
1782387600,29904.5,29904.7,29898.4,29898.4,177.0
1782387660,29898.4,29898.4,29893.4,29895.3,168.0
1782387720,29895.4,29895.7,29886.0,29887.0,160.0
1782387780,29887.0,29889.4,29884.0,29884.9,153.0
1782387840,29884.9,29886.3,29878.7,29878.8,155.0
1782387900,29879.0,29880.4,29871.0,29871.4,167.0
1782387960,29871.5,29873.4,29864.3,29873.4,178.0
1782388020,29873.4,29874.7,29864.8,29866.9,153.0
1782388080,29865.9,29873.8,29865.9,29869.4,171.0
1782388140,29869.0,29870.8,29863.9,29869.9,121.0
1782388200,29869.9,29870.8,29858.2,29858.9,124.0
1782388260,29859.0,29860.5,29854.2,29857.3,146.0
1782388320,29857.3,29858.8,29843.7,29856.7,175.0
1782388380,29856.7,29861.4,29852.0,29853.0,166.0
1782388440,29853.0,29858.9,29851.7,29858.7,151.0
1782388500,29858.7,29862.7,29852.5,29854.7,158.0
1782388560,29854.4,29857.2,29847.5,29847.8,159.0
1782388620,29847.8,29850.2,29846.9,29849.8,145.0
1782388680,29850.0,29850.8,29834.9,29840.7,156.0
1782388740,29840.7,29848.5,29839.2,29844.5,179.0
1782388800,29844.7,29860.8,29844.7,29858.9,200.0
1782388860,29859.0,29860.3,29844.4,29846.4,183.0
1782388920,29846.5,29848.8,29837.5,29848.8,165.0
1782388980,29849.4,29863.8,29848.4,29863.7,165.0
1782389040,29863.7,29863.7,29857.0,29860.2,150.0
1782389100,29860.5,29868.0,29856.9,29867.5,178.0
1782389160,29867.9,29875.4,29867.3,29869.5,164.0
1782389220,29869.7,29875.8,29869.0,29870.3,137.0
1782389280,29871.4,29872.0,29865.4,29865.8,133.0
1782389340,29865.5,29870.7,29857.9,29858.0,146.0
1782389400,29858.3,29861.9,29855.0,29861.9,156.0
1782389460,29862.2,29864.5,29856.0,29863.7,161.0
1782389520,29863.7,29873.0,29863.7,29870.3,173.0
1782389580,29870.3,29873.9,29859.3,29862.2,138.0
1782389640,29862.3,29862.8,29858.3,29862.4,148.0
1782389700,29862.3,29864.4,29859.9,29862.2,174.0
1782389760,29862.4,29874.9,29856.4,29874.4,174.0
1782389820,29873.9,29873.9,29858.5,29861.8,167.0
1782389880,29861.7,29862.2,29846.2,29852.2,196.0
1782389940,29852.3,29855.0,29844.8,29846.4,182.0
1782390000,29846.2,29850.9,29842.7,29845.3,187.0
1782390060,29845.3,29851.4,29843.3,29850.2,147.0
1782390120,29850.2,29851.5,29846.3,29847.7,141.0
1782390180,29847.4,29858.4,29846.5,29856.8,170.0
1782390240,29856.5,29858.8,29852.3,29857.4,130.0
1782390300,29857.4,29857.4,29849.4,29855.0,131.0
1782390360,29854.9,29856.5,29852.2,29855.3,142.0
1782390420,29855.3,29858.2,29851.3,29855.4,105.0
1782390480,29855.3,29864.2,29853.9,29863.2,116.0
1782390540,29863.8,29867.3,29858.0,29861.8,144.0
1782390600,29862.0,29876.9,29859.2,29874.2,138.0
1782390660,29873.4,29873.4,29856.4,29857.7,140.0
1782390720,29857.7,29865.0,29857.7,29860.8,163.0
1782390780,29860.7,29869.0,29859.9,29868.7,120.0
1782390840,29868.7,29871.4,29864.0,29865.9,162.0
1782390900,29866.2,29868.3,29862.5,29866.5,169.0
1782390960,29866.8,29876.9,29864.2,29871.8,154.0
1782391020,29871.9,29879.8,29870.8,29879.2,158.0
1782391080,29879.3,29879.8,29876.3,29877.4,126.0
1782391140,29877.3,29880.4,29875.8,29879.3,151.0
1782391200,29879.4,29879.4,29868.9,29875.5,163.0
1782391260,29875.5,29879.5,29874.7,29877.2,134.0
1782391320,29877.2,29877.3,29872.7,29876.0,125.0
1782391380,29875.8,29881.7,29874.4,29875.8,124.0
1782391440,29875.8,29876.5,29873.0,29874.8,113.0
1782391500,29874.4,29874.7,29867.0,29867.0,153.0
1782391560,29867.0,29872.7,29865.5,29871.7,122.0
1782391620,29871.5,29874.5,29869.5,29871.4,125.0
1782391680,29871.0,29874.3,29869.7,29872.8,123.0
1782391740,29872.3,29875.9,29870.3,29874.4,156.0
1782391800,29874.0,29875.5,29870.9,29871.2,129.0
1782391860,29871.2,29878.5,29870.3,29876.7,143.0
1782391920,29876.0,29881.8,29872.4,29881.2,152.0
1782391980,29880.4,29881.7,29878.0,29879.0,131.0
1782392040,29878.3,29879.2,29868.9,29874.9,138.0
1782392100,29875.2,29875.4,29857.7,29859.8,147.0
1782392160,29859.7,29867.2,29859.7,29864.5,121.0
1782392220,29865.0,29868.3,29859.5,29861.2,122.0
1782392280,29861.0,29864.8,29860.2,29860.9,130.0
1782392340,29861.0,29862.3,29853.5,29856.4,165.0
1782392400,29856.2,29860.9,29853.2,29857.7,163.0
1782392460,29857.5,29864.0,29855.2,29861.5,141.0
1782392520,29860.9,29867.0,29860.7,29862.5,122.0
1782392580,29863.3,29863.7,29849.3,29852.0,150.0
1782392640,29852.0,29864.9,29850.5,29864.4,153.0
1782392700,29864.4,29864.8,29858.7,29862.3,162.0
1782392760,29862.3,29866.2,29856.9,29864.8,150.0
1782392820,29865.2,29873.4,29864.0,29871.7,154.0
1782392880,29868.2,29875.3,29867.3,29871.8,152.0
1782392940,29871.7,29875.7,29871.7,29875.7,133.0
1782393000,29875.7,29876.0,29869.0,29873.7,138.0
1782393060,29873.5,29876.7,29871.0,29873.5,119.0
1782393120,29873.5,29885.8,29870.0,29885.0,166.0
1782393180,29885.0,29885.8,29878.5,29878.5,117.0
1782393240,29878.5,29884.5,29877.5,29884.5,132.0
1782393300,29884.3,29889.9,29878.4,29889.9,143.0
1782393360,29889.9,29893.4,29888.0,29890.4,157.0
1782393420,29890.4,29890.4,29878.8,29879.2,151.0
1782393480,29880.3,29887.9,29880.3,29886.7,110.0
1782393540,29886.7,29889.4,29883.9,29886.5,137.0
1782393600,29886.4,29886.4,29867.7,29870.3,163.0
1782393660,29870.3,29875.9,29869.3,29875.7,170.0
1782393720,29875.7,29881.3,29875.7,29880.7,140.0
1782393780,29880.7,29881.3,29877.7,29879.9,130.0
1782393840,29879.8,29882.8,29879.5,29882.4,129.0
1782393900,29881.5,29890.4,29881.3,29890.4,134.0
1782393960,29890.7,29892.9,29884.8,29885.3,150.0
1782394020,29884.2,29884.8,29880.8,29883.5,116.0
1782394080,29883.5,29885.2,29877.4,29882.2,130.0
1782394140,29882.2,29888.2,29881.4,29888.2,144.0
1782394200,29888.2,29897.8,29888.2,29893.2,190.0
1782394260,29892.0,29898.3,29891.7,29892.5,168.0
1782394320,29892.2,29898.8,29886.8,29897.7,151.0
1782394380,29897.3,29897.3,29888.8,29890.9,143.0
1782394440,29890.9,29891.3,29884.5,29888.8,161.0
1782394500,29888.8,29888.9,29880.8,29883.9,168.0
1782394560,29884.2,29892.8,29881.0,29891.3,123.0
1782394620,29891.3,29904.9,29889.0,29904.7,154.0
1782394680,29904.5,29909.3,29903.0,29904.3,154.0
1782394740,29904.3,29904.5,29895.2,29897.3,126.0
1782394800,29897.3,29898.2,29890.4,29892.0,150.0
1782394860,29892.0,29892.7,29874.3,29880.0,188.0
1782394920,29880.2,29881.9,29876.2,29876.7,166.0
1782394980,29876.7,29880.8,29871.9,29878.7,152.0
1782395040,29878.8,29880.4,29873.0,29877.2,123.0
1782395100,29877.3,29877.3,29864.5,29869.2,157.0
1782395160,29869.3,29878.4,29868.2,29877.4,140.0
1782395220,29877.4,29878.8,29874.3,29878.7,143.0
1782395280,29878.5,29882.7,29876.2,29882.7,150.0
1782395340,29882.7,29886.0,29878.9,29886.0,130.0
1782395400,29885.9,29888.2,29881.0,29881.8,142.0
1782395460,29881.8,29892.7,29881.8,29892.2,105.0
1782395520,29892.3,29899.3,29891.2,29892.5,108.0
1782395580,29892.4,29892.4,29886.7,29892.0,138.0
1782395640,29891.9,29895.5,29891.7,29894.9,121.0
1782395700,29894.9,29900.0,29893.5,29898.3,138.0
1782395760,29898.3,29899.4,29893.3,29894.2,143.0
1782395820,29893.9,29894.2,29889.9,29891.3,122.0
1782395880,29891.2,29892.0,29876.5,29880.7,143.0
1782395940,29880.7,29885.3,29874.0,29883.8,172.0
1782396000,29883.8,29914.0,29883.8,29904.2,224.0
1782396060,29904.9,29913.9,29902.8,29911.4,180.0
1782396120,29911.4,29917.0,29905.7,29913.2,190.0
1782396180,29913.2,29914.0,29899.4,29902.8,194.0
1782396240,29903.2,29914.3,29898.4,29911.0,178.0
1782396300,29911.0,29913.4,29899.5,29900.4,168.0
1782396360,29900.3,29900.4,29884.9,29885.8,196.0
1782396420,29885.7,29889.0,29879.4,29883.2,191.0
1782396480,29883.3,29889.7,29880.7,29887.3,140.0
1782396540,29887.3,29889.5,29881.4,29888.0,170.0
1782396600,29888.0,29891.7,29886.3,29889.8,183.0
1782396660,29889.5,29898.7,29888.7,29895.2,164.0
1782396720,29895.0,29895.7,29883.2,29883.4,184.0
1782396780,29881.0,29883.0,29876.3,29878.5,178.0
1782396840,29877.7,29883.9,29876.7,29877.2,172.0
1782396900,29877.2,29881.3,29869.0,29875.5,192.0
1782396960,29875.8,29881.0,29873.5,29875.0,170.0
1782397020,29875.3,29882.5,29874.0,29880.2,163.0
1782397080,29880.2,29880.2,29869.8,29878.2,158.0
1782397140,29877.0,29881.3,29866.8,29868.0,177.0
1782397200,29868.0,29870.2,29859.8,29861.3,186.0
1782397260,29860.0,29860.3,29853.2,29857.4,183.0
1782397320,29857.9,29859.0,29847.3,29854.2,177.0
1782397380,29854.0,29855.2,29846.8,29847.4,173.0
1782397440,29847.4,29847.5,29840.2,29840.3,189.0
1782397500,29840.5,29845.3,29837.3,29844.9,177.0
1782397560,29845.5,29849.4,29840.4,29847.8,168.0
1782397620,29847.7,29850.3,29839.8,29844.9,184.0
1782397680,29844.9,29845.8,29834.0,29840.5,189.0
1782397740,29840.7,29843.2,29836.3,29841.2,167.0
1782397800,29841.0,29842.7,29823.7,29830.2,222.0
1782397860,29830.7,29841.7,29827.7,29837.7,207.0
1782397920,29837.8,29843.5,29834.9,29835.9,179.0
1782397980,29834.9,29847.7,29832.0,29846.3,189.0
1782398040,29846.3,29847.8,29833.3,29836.9,196.0
1782398100,29837.7,29846.3,29837.2,29844.2,167.0
1782398160,29844.0,29849.2,29842.9,29847.2,147.0
1782398220,29846.2,29846.7,29833.3,29836.3,186.0
1782398280,29836.2,29842.4,29833.4,29842.0,175.0
1782398340,29841.7,29851.4,29841.7,29847.5,184.0
1782398400,29847.5,29850.2,29844.2,29850.2,173.0
1782398460,29850.3,29852.8,29845.2,29851.2,164.0
1782398520,29851.3,29854.4,29847.2,29853.3,172.0
1782398580,29853.7,29858.8,29853.4,29857.8,157.0
1782398640,29857.9,29862.5,29854.7,29855.3,160.0
1782398700,29855.2,29874.5,29855.0,29873.7,195.0
1782398760,29873.7,29873.7,29867.2,29867.5,171.0
1782398820,29867.4,29867.4,29853.9,29859.5,169.0
1782398880,29858.7,29859.4,29853.4,29857.4,151.0
1782398940,29858.0,29862.3,29855.9,29856.5,144.0
1782399000,29856.5,29864.8,29854.8,29857.9,196.0
1782399060,29857.7,29864.8,29854.2,29861.2,195.0
1782399120,29861.4,29865.2,29860.3,29861.5,186.0
1782399180,29860.9,29860.9,29850.8,29851.5,182.0
1782399240,29851.4,29852.3,29842.8,29844.4,198.0
1782399300,29844.4,29846.4,29839.2,29841.4,197.0
1782399360,29841.2,29849.7,29840.2,29848.5,186.0
1782399420,29848.8,29856.9,29847.8,29856.2,190.0
1782399480,29856.0,29857.4,29847.4,29855.9,171.0
1782399540,29856.5,29858.7,29853.3,29855.0,159.0
1782399600,29855.3,29864.3,29851.0,29851.7,193.0
1782399660,29851.5,29854.3,29845.2,29851.0,198.0
1782399720,29850.4,29858.0,29849.4,29855.7,180.0
1782399780,29855.9,29861.3,29850.3,29857.5,197.0
1782399840,29857.4,29868.7,29855.8,29868.5,169.0
1782399900,29868.4,29885.8,29868.4,29883.4,196.0
1782399960,29883.5,29888.9,29878.3,29880.8,184.0
1782400020,29880.8,29884.8,29876.3,29883.4,164.0
1782400080,29883.7,29905.8,29882.8,29901.2,201.0
1782400140,29901.8,29902.5,29892.2,29892.2,185.0
1782400200,29892.3,29892.4,29885.7,29889.3,139.0
1782400260,29888.8,29894.0,29883.9,29888.7,162.0
1782400320,29888.8,29893.5,29886.3,29889.5,155.0
1782400380,29888.8,29891.2,29861.8,29862.2,204.0
1782400440,29861.9,29868.0,29857.9,29864.5,188.0
1782400500,29865.3,29874.4,29863.4,29868.7,166.0
1782400560,29868.7,29877.5,29865.8,29866.9,156.0
1782400620,29866.8,29866.9,29851.8,29859.5,206.0
1782400680,29859.5,29859.9,29852.7,29858.3,173.0
1782400740,29857.8,29862.8,29853.8,29857.0,186.0
1782400800,29857.8,29860.4,29847.0,29859.3,189.0
1782400860,29859.5,29863.3,29853.8,29854.2,204.0
1782400920,29854.5,29855.7,29845.8,29848.2,196.0
1782400980,29847.8,29849.7,29842.0,29846.4,207.0
1782401040,29846.5,29861.5,29846.3,29860.8,191.0
1782401100,29861.4,29868.5,29861.3,29862.7,158.0
1782401160,29862.7,29865.5,29855.7,29857.2,156.0
1782401220,29857.4,29865.0,29855.4,29864.8,177.0
1782401280,29864.8,29864.8,29857.0,29861.8,169.0
1782401340,29861.9,29863.9,29851.0,29856.0,177.0
1782401400,29855.3,29985.5,29851.3,29968.2,259.0
1782401460,29970.5,29970.5,29931.0,29931.3,273.0
1782401520,29932.5,29944.9,29904.2,29915.9,254.0
1782401580,29914.3,29926.9,29900.7,29901.5,263.0
1782401640,29902.8,29931.9,29902.7,29929.7,255.0
1782401700,29930.4,29937.8,29918.0,29928.8,250.0
1782401760,29930.9,29951.2,29930.4,29948.4,244.0
1782401820,29948.9,29958.7,29926.3,29929.3,265.0
1782401880,29928.8,29934.0,29910.4,29927.0,238.0
1782401940,29927.0,29933.2,29909.0,29922.2,252.0
1782402000,29921.7,29932.8,29908.4,29908.9,242.0
1782402060,29908.3,29924.8,29900.3,29918.9,253.0
1782402120,29918.8,29938.5,29911.5,29928.5,239.0
1782402180,29928.2,29930.0,29912.9,29914.7,232.0
1782402240,29914.2,29923.0,29911.2,29916.0,234.0
1782402300,29917.0,29925.4,29912.9,29922.9,237.0
1782402360,29922.8,29933.5,29915.4,29930.8,214.0
1782402420,29930.7,29945.5,29924.3,29945.5,233.0
1782402480,29944.4,29950.8,29937.9,29947.0,243.0
1782402540,29946.3,29948.0,29930.8,29932.3,222.0
1782402600,29932.9,29938.5,29929.4,29932.0,227.0
1782402660,29932.5,29945.2,29930.0,29941.0,214.0
1782402720,29940.9,29945.2,29934.5,29938.2,205.0
1782402780,29938.7,29944.7,29930.4,29935.5,219.0
1782402840,29934.5,29939.3,29930.5,29938.2,204.0
1782402900,29938.3,29939.8,29926.4,29934.5,214.0
1782402960,29934.5,29935.3,29923.3,29928.2,211.0
1782403020,29928.0,29934.7,29926.3,29926.9,206.0
1782403080,29926.4,29926.4,29915.8,29918.4,179.0
1782403140,29918.3,29929.5,29917.2,29926.2,172.0
1782403200,29926.2,29938.2,29918.9,29919.4,243.0
1782403260,29918.4,29921.0,29913.3,29915.7,246.0
1782403320,29915.7,29922.8,29911.4,29921.7,235.0
1782403380,29920.9,29924.7,29902.8,29907.2,229.0
1782403440,29907.3,29911.8,29896.7,29902.0,234.0
1782403500,29901.9,29903.3,29889.8,29896.0,230.0
1782403560,29895.9,29903.8,29892.8,29894.0,233.0
1782403620,29894.2,29900.3,29885.4,29886.3,222.0
1782403680,29886.5,29891.5,29885.0,29891.2,209.0
1782403740,29891.3,29895.4,29877.9,29879.7,221.0
1782403800,29881.3,29885.2,29875.8,29882.5,218.0
1782403860,29882.7,29888.9,29870.7,29886.3,228.0
1782403920,29886.3,29892.8,29882.4,29887.4,216.0
1782403980,29887.7,29889.0,29868.7,29883.9,211.0
1782404040,29883.7,29888.8,29877.8,29888.4,185.0
1782404100,29888.7,29888.9,29872.8,29877.7,229.0
1782404160,29877.7,29877.7,29867.4,29869.3,218.0
1782404220,29869.3,29872.9,29863.7,29871.0,205.0
1782404280,29871.0,29871.8,29861.4,29865.8,220.0
1782404340,29866.0,29872.7,29861.7,29867.5,224.0
1782404400,29867.2,29876.3,29866.7,29872.2,230.0
1782404460,29872.3,29875.2,29862.2,29869.5,201.0
1782404520,29867.4,29876.7,29861.9,29875.0,210.0
1782404580,29874.8,29876.7,29866.4,29871.0,222.0
1782404640,29870.7,29871.5,29855.9,29865.0,214.0
1782404700,29873.7,29889.8,29871.5,29885.5,250.0
1782404760,29885.4,29893.5,29883.7,29893.5,209.0
1782404820,29893.8,29903.0,29893.3,29900.9,245.0
1782404880,29899.5,29899.5,29878.3,29886.0,243.0
1782404940,29886.8,29887.3,29873.8,29875.9,252.0
1782405000,29873.9,29914.7,29834.0,29847.8,291.0
1782405060,29847.5,29849.9,29794.0,29805.0,287.0
1782405120,29808.5,29815.5,29784.7,29792.5,290.0
1782405180,29794.7,29794.7,29764.9,29772.6,267.0
1782405240,29775.2,29799.2,29771.1,29782.8,287.0
1782405300,29783.1,29810.9,29782.7,29810.2,285.0
1782405360,29810.4,29814.2,29772.1,29787.6,291.0
1782405420,29787.3,29807.6,29752.1,29753.2,287.0
1782405480,29753.4,29759.3,29717.7,29733.2,278.0
1782405540,29733.3,29755.1,29719.9,29721.2,281.0
1782405600,29720.7,29734.2,29669.2,29670.8,287.0
1782405660,29675.2,29685.4,29628.8,29629.7,289.0
1782405720,29629.7,29636.2,29569.1,29569.6,290.0
1782405780,29571.4,29577.4,29483.1,29493.2,286.0
1782405840,29495.8,29528.6,29472.7,29490.1,292.0
1782405900,29492.8,29538.7,29422.9,29425.9,290.0
1782405960,29423.4,29438.7,29313.7,29338.6,295.0
1782406020,29345.3,29380.7,29298.1,29322.3,296.0
1782406080,29324.3,29358.3,29255.4,29255.4,296.0
1782406140,29257.3,29375.2,29254.9,29361.3,291.0
1782406200,29360.9,29405.7,29328.1,29370.4,291.0
1782406260,29369.8,29378.8,29261.3,29263.8,293.0
1782406320,29266.4,29279.8,29211.6,29244.3,292.0
1782406380,29245.7,29287.3,29169.6,29176.8,293.0
1782406440,29177.6,29209.6,29131.3,29145.3,291.0
1782406500,29145.3,29168.9,29060.8,29107.2,290.0
1782406560,29108.6,29158.7,29089.3,29123.7,293.0
1782406620,29120.9,29185.7,29105.7,29138.1,294.0
1782406680,29145.4,29154.3,29080.8,29084.2,293.0
1782406740,29081.8,29109.3,29021.9,29043.7,294.0
1782406800,29044.7,29137.1,29035.9,29103.9,295.0
1782406860,29107.6,29181.6,29076.3,29152.1,293.0
1782406920,29147.6,29213.3,29127.4,29208.7,292.0
1782406980,29209.6,29267.4,29192.6,29235.4,288.0
1782407040,29237.6,29239.7,29191.3,29209.7,282.0
1782407100,29210.9,29289.7,29210.9,29229.1,289.0
1782407160,29229.2,29279.6,29215.8,29270.4,294.0
1782407220,29267.2,29304.1,29266.8,29298.4,286.0
1782407280,29298.8,29333.2,29271.2,29311.3,293.0
1782407340,29314.4,29338.4,29301.7,29329.6,293.0
1782407400,29329.1,29401.8,29319.9,29374.6,287.0
1782407460,29372.3,29414.1,29360.8,29387.6,288.0
1782407520,29386.9,29400.4,29343.7,29346.1,292.0
1782407580,29345.8,29366.4,29279.3,29302.4,290.0
1782407640,29305.8,29319.1,29267.4,29273.8,292.0
1782407700,29270.9,29332.4,29253.8,29263.9,294.0
1782407760,29264.6,29282.6,29202.2,29226.4,295.0
1782407820,29224.6,29291.9,29210.3,29259.7,294.0
1782407880,29259.8,29286.7,29232.2,29244.2,291.0
1782407940,29243.2,29335.9,29213.3,29335.8,288.0
1782408000,29334.1,29397.3,29320.3,29375.1,289.0
1782408060,29368.8,29404.8,29360.3,29399.6,288.0
1782408120,29399.3,29409.1,29317.6,29317.6,287.0
1782408180,29320.6,29338.4,29285.1,29314.4,293.0
1782408240,29313.3,29313.3,29249.2,29293.8,295.0
1782408300,29297.6,29337.8,29296.8,29316.1,291.0
1782408360,29317.6,29349.1,29286.9,29334.2,292.0
1782408420,29329.3,29360.9,29289.4,29298.1,290.0
1782408480,29299.6,29337.2,29278.1,29313.3,290.0
1782408540,29314.7,29332.9,29291.7,29311.1,286.0
1782408600,29311.2,29346.9,29308.4,29323.7,282.0
1782408660,29328.8,29361.1,29324.2,29324.2,285.0
1782408720,29325.2,29388.8,29309.3,29382.6,290.0
1782408780,29379.8,29440.2,29370.6,29412.1,291.0
1782408840,29412.8,29418.6,29345.1,29393.1,287.0
1782408900,29390.4,29418.4,29386.9,29395.6,287.0
1782408960,29395.7,29410.3,29378.9,29395.3,287.0
1782409020,29394.6,29415.9,29332.1,29353.8,287.0
1782409080,29355.6,29381.9,29348.2,29364.4,282.0
1782409140,29363.6,29433.3,29363.6,29421.3,285.0
1782409200,29422.9,29435.1,29398.8,29421.4,289.0
1782409260,29421.3,29428.6,29384.2,29392.3,285.0
1782409320,29392.9,29392.9,29354.7,29359.8,286.0
1782409380,29359.8,29373.3,29320.2,29325.1,281.0
1782409440,29325.4,29343.6,29288.8,29328.6,286.0
1782409500,29328.9,29346.1,29287.2,29320.9,288.0
1782409560,29319.6,29335.3,29302.1,29306.8,281.0
1782409620,29306.9,29333.8,29298.4,29320.9,284.0
1782409680,29321.4,29374.9,29321.1,29374.9,293.0
1782409740,29378.6,29408.2,29377.8,29396.3,292.0
1782409800,29392.6,29421.3,29371.1,29380.2,290.0
1782409860,29379.7,29461.8,29371.8,29453.6,288.0
1782409920,29452.4,29496.6,29447.6,29490.3,289.0
1782409980,29490.1,29494.7,29450.3,29463.3,279.0
1782410040,29465.7,29499.7,29463.7,29495.7,277.0
1782410100,29495.1,29495.1,29459.9,29471.6,281.0
1782410160,29468.7,29477.7,29441.2,29443.3,283.0
1782410220,29443.2,29444.9,29340.8,29348.2,291.0
1782410280,29347.2,29384.4,29337.6,29341.1,286.0
1782410340,29338.1,29389.4,29338.1,29358.4,287.0
1782410400,29360.6,29371.7,29332.6,29371.6,285.0
1782410460,29370.3,29411.2,29366.3,29378.6,290.0
1782410520,29383.2,29421.9,29367.7,29421.6,287.0
1782410580,29420.6,29420.6,29382.7,29400.3,277.0
1782410640,29401.2,29455.3,29398.4,29451.9,284.0
1782410700,29451.7,29468.9,29384.9,29395.4,289.0
1782410760,29395.8,29410.4,29356.4,29380.2,280.0
1782410820,29380.2,29388.3,29358.4,29376.6,284.0
1782410880,29376.6,29400.8,29364.7,29374.6,280.0
1782410940,29374.6,29387.3,29349.4,29367.9,286.0
1782411000,29368.4,29383.2,29355.3,29376.7,283.0
1782411060,29377.4,29377.4,29306.7,29320.3,280.0
1782411120,29321.7,29331.3,29270.7,29276.9,288.0
1782411180,29275.3,29286.1,29251.7,29259.9,281.0
1782411240,29264.4,29272.6,29237.4,29257.4,291.0
1782411300,29259.6,29259.6,29188.7,29211.9,281.0
1782411360,29213.4,29226.1,29194.4,29224.7,288.0
1782411420,29225.1,29269.2,29219.8,29256.6,286.0
1782411480,29255.6,29306.8,29251.3,29285.9,274.0
1782411540,29285.9,29332.9,29277.9,29315.3,285.0
1782411600,29313.8,29318.6,29267.7,29282.4,288.0
1782411660,29283.3,29344.4,29283.1,29344.4,283.0
1782411720,29344.1,29352.4,29322.1,29339.8,283.0
1782411780,29339.7,29363.6,29330.4,29343.9,286.0
1782411840,29344.2,29391.4,29343.4,29369.6,290.0
1782411900,29369.3,29369.3,29334.6,29334.6,290.0
1782411960,29336.4,29345.8,29308.6,29340.6,283.0
1782412020,29340.6,29368.6,29329.6,29351.8,275.0
1782412080,29353.1,29356.3,29319.6,29342.2,266.0
1782412140,29342.8,29349.1,29318.4,29338.1,276.0
1782412200,29341.2,29359.7,29330.9,29356.4,288.0
1782412260,29356.1,29392.1,29347.9,29373.8,276.0
1782412320,29372.2,29416.3,29368.3,29408.4,284.0
1782412380,29407.1,29410.2,29380.2,29395.7,273.0
1782412440,29393.8,29400.8,29341.6,29346.7,278.0
1782412500,29345.2,29378.2,29345.2,29368.3,280.0
1782412560,29368.9,29396.4,29365.4,29388.4,281.0
1782412620,29388.8,29403.4,29377.8,29377.8,278.0
1782412680,29376.8,29395.3,29367.9,29382.9,273.0
1782412740,29382.9,29382.9,29361.4,29365.1,276.0
1782412800,29365.4,29388.2,29356.4,29381.2,278.0
1782412860,29381.6,29393.7,29357.7,29379.3,281.0
1782412920,29378.7,29385.4,29364.3,29382.7,288.0
1782412980,29380.6,29410.2,29379.1,29390.2,279.0
1782413040,29391.1,29425.8,29389.3,29419.8,278.0
1782413100,29420.7,29467.6,29409.4,29459.9,283.0
1782413160,29459.9,29486.6,29456.3,29464.4,288.0
1782413220,29463.3,29476.4,29457.4,29468.9,278.0
1782413280,29468.4,29470.6,29416.3,29424.4,274.0
1782413340,29425.7,29431.2,29393.7,29402.7,280.0
1782413400,29402.8,29414.1,29377.6,29399.3,271.0
1782413460,29398.4,29437.9,29397.1,29413.6,276.0
1782413520,29410.6,29418.4,29399.3,29408.7,288.0
1782413580,29410.3,29415.4,29389.9,29404.6,268.0
1782413640,29403.3,29434.3,29403.1,29423.6,280.0
1782413700,29423.3,29430.4,29408.8,29412.8,269.0
1782413760,29412.8,29424.3,29402.9,29409.9,275.0
1782413820,29410.7,29438.1,29403.3,29415.7,278.0
1782413880,29417.7,29418.1,29391.8,29397.6,275.0
1782413940,29396.3,29398.8,29377.2,29384.9,268.0
1782414000,29385.9,29399.2,29370.6,29396.1,287.0
1782414060,29396.1,29406.6,29369.3,29396.1,280.0
1782414120,29396.3,29400.9,29379.9,29383.2,283.0
1782414180,29381.6,29394.3,29372.6,29382.7,276.0
1782414240,29384.1,29412.8,29382.6,29409.4,281.0
1782414300,29408.7,29443.2,29401.7,29435.7,281.0
1782414360,29434.1,29489.9,29427.8,29488.6,272.0
1782414420,29486.7,29490.1,29468.2,29469.7,283.0
1782414480,29471.1,29495.4,29458.8,29494.8,285.0
1782414540,29493.6,29520.4,29485.1,29514.9,273.0
1782414600,29513.8,29552.6,29506.7,29542.9,273.0
1782414660,29547.2,29566.4,29527.4,29535.6,276.0
1782414720,29533.9,29541.7,29516.6,29534.8,279.0
1782414780,29533.7,29567.2,29533.3,29565.9,277.0
1782414840,29559.9,29562.9,29544.7,29550.9,275.0
1782414900,29550.7,29579.1,29550.7,29574.4,275.0
1782414960,29574.1,29588.2,29568.4,29588.2,280.0
1782415020,29587.3,29594.3,29568.4,29580.9,268.0
1782415080,29580.9,29588.9,29562.1,29566.2,275.0
1782415140,29566.4,29566.9,29536.2,29543.6,274.0
1782415200,29544.2,29560.3,29532.7,29532.7,286.0
1782415260,29532.4,29546.3,29522.2,29542.4,274.0
1782415320,29542.4,29548.7,29513.3,29513.4,278.0
1782415380,29513.8,29522.6,29478.4,29480.3,281.0
1782415440,29481.4,29498.8,29468.4,29485.1,274.0
1782415500,29484.4,29495.1,29458.4,29468.2,276.0
1782415560,29468.7,29489.7,29468.7,29480.9,268.0
1782415620,29481.4,29484.2,29467.6,29481.3,267.0
1782415680,29480.8,29494.2,29473.6,29479.2,254.0
1782415740,29478.3,29493.4,29467.1,29488.9,276.0
1782415800,29488.1,29490.6,29452.9,29463.9,275.0
1782415860,29464.3,29474.4,29438.2,29441.1,276.0
1782415920,29441.3,29456.2,29432.9,29433.2,276.0
1782415980,29431.6,29436.9,29399.4,29430.4,277.0
1782416040,29429.1,29434.3,29409.9,29434.3,278.0
1782416100,29434.2,29444.7,29410.1,29436.9,267.0
1782416160,29438.3,29459.7,29427.2,29435.3,278.0
1782416220,29435.8,29435.8,29417.3,29428.8,280.0
1782416280,29427.3,29428.2,29407.6,29422.2,264.0
1782416340,29421.4,29429.9,29397.2,29407.9,272.0
1782416400,29409.2,29412.7,29393.1,29403.9,273.0
1782416460,29406.2,29422.1,29386.2,29388.9,271.0
1782416520,29388.6,29410.4,29385.7,29394.2,271.0
1782416580,29392.8,29407.2,29371.6,29372.6,264.0
1782416640,29373.7,29379.1,29362.9,29375.2,282.0
1782416700,29373.4,29375.3,29311.3,29317.4,284.0
1782416760,29319.4,29370.6,29313.3,29364.7,282.0
1782416820,29363.3,29405.7,29358.6,29391.4,282.0
1782416880,29390.3,29421.2,29389.1,29410.3,282.0
1782416940,29408.8,29430.8,29402.2,29423.7,271.0
1782417000,29423.3,29433.6,29404.6,29425.1,270.0
1782417060,29423.1,29431.9,29401.9,29404.4,273.0
1782417120,29403.9,29419.4,29387.4,29417.1,277.0
1782417180,29417.1,29439.2,29413.3,29419.9,265.0
1782417240,29420.6,29436.9,29412.7,29413.2,270.0
1782417300,29413.7,29417.4,29379.8,29390.1,275.0
1782417360,29390.3,29406.7,29373.1,29380.6,277.0
1782417420,29379.8,29398.1,29374.9,29377.7,276.0
1782417480,29379.8,29403.3,29378.7,29400.9,262.0
1782417540,29402.4,29408.4,29393.4,29405.7,256.0
1782417600,29406.6,29441.2,29405.8,29428.6,264.0
1782417660,29429.1,29434.4,29410.7,29424.9,241.0
1782417720,29423.9,29433.6,29404.3,29417.3,268.0
1782417780,29417.1,29433.1,29409.1,29425.4,271.0
1782417840,29426.9,29433.2,29411.6,29412.4,274.0
1782417900,29412.6,29421.7,29403.3,29415.4,266.0
1782417960,29416.3,29417.2,29399.8,29399.8,270.0
1782418020,29399.6,29423.2,29396.7,29420.4,267.0
1782418080,29420.7,29439.4,29417.3,29417.9,258.0
1782418140,29417.7,29434.6,29417.7,29430.3,263.0
1782418200,29432.9,29474.7,29432.3,29469.1,274.0
1782418260,29468.3,29502.2,29467.1,29478.4,277.0
1782418320,29481.4,29482.4,29453.9,29471.4,272.0
1782418380,29471.3,29490.8,29466.3,29488.2,261.0
1782418440,29487.4,29494.4,29469.7,29473.8,267.0
1782418500,29473.1,29527.1,29472.8,29522.6,261.0
1782418560,29522.4,29535.2,29510.4,29514.1,259.0
1782418620,29512.7,29522.9,29488.8,29501.1,273.0
1782418680,29500.9,29501.3,29459.1,29461.1,268.0
1782418740,29460.1,29470.1,29424.9,29425.4,275.0
1782418800,29425.7,29444.7,29399.3,29435.4,274.0
1782418860,29435.3,29453.1,29430.1,29443.3,270.0
1782418920,29442.3,29454.2,29431.3,29438.8,272.0
1782418980,29438.3,29445.9,29424.4,29443.8,260.0
1782419040,29444.1,29468.1,29441.7,29458.1,273.0
1782419100,29459.6,29473.1,29450.9,29462.2,276.0
1782419160,29463.4,29497.4,29463.2,29496.7,273.0
1782419220,29494.1,29503.4,29490.3,29495.8,262.0
1782419280,29495.7,29495.7,29464.9,29471.9,261.0
1782419340,29471.2,29490.6,29470.4,29489.6,265.0
1782419400,29488.8,29503.4,29481.2,29496.1,273.0
1782419460,29495.7,29496.8,29471.2,29474.9,272.0
1782419520,29475.6,29485.3,29457.3,29458.6,271.0
1782419580,29459.8,29471.2,29444.4,29461.7,266.0
1782419640,29461.9,29468.2,29451.3,29457.7,263.0
1782419700,29458.8,29479.8,29453.8,29469.8,264.0
1782419760,29469.8,29497.8,29468.3,29486.4,262.0
1782419820,29486.3,29486.3,29468.2,29476.9,261.0
1782419880,29476.9,29496.1,29472.4,29494.1,259.0
1782419940,29494.4,29496.7,29479.3,29493.1,259.0
1782420000,29492.9,29518.4,29490.3,29512.4,270.0
1782420060,29512.6,29522.2,29490.4,29494.3,273.0
1782420120,29494.1,29500.6,29482.9,29487.2,260.0
1782420180,29486.8,29500.2,29467.8,29468.1,278.0
1782420240,29468.3,29469.7,29451.7,29459.9,265.0
1782420300,29459.8,29460.9,29420.9,29426.4,279.0
1782420360,29426.8,29448.2,29424.6,29434.1,269.0
1782420420,29434.2,29436.6,29412.7,29425.8,268.0
1782420480,29426.2,29430.2,29408.9,29421.4,262.0
1782420540,29421.2,29421.6,29407.2,29419.2,257.0
1782420600,29419.4,29434.1,29406.7,29425.3,274.0
1782420660,29424.8,29433.3,29413.9,29419.7,266.0
1782420720,29418.6,29439.3,29417.9,29431.6,267.0
1782420780,29431.7,29476.6,29426.4,29467.2,278.0
1782420840,29468.2,29483.7,29464.3,29471.2,264.0
1782420900,29470.1,29481.4,29457.9,29480.9,270.0
1782420960,29481.4,29481.9,29450.1,29481.9,277.0
1782421020,29482.7,29502.2,29482.7,29494.9,275.0
1782421080,29495.3,29520.6,29493.7,29517.9,263.0
1782421140,29517.4,29527.3,29506.7,29518.9,278.0
1782421200,29519.9,29524.9,29497.4,29507.7,276.0
1782421260,29508.2,29524.1,29502.2,29506.6,276.0
1782421320,29507.3,29507.4,29414.6,29421.9,285.0
1782421380,29423.4,29452.3,29407.6,29407.6,288.0
1782421440,29407.2,29445.7,29404.7,29432.7,282.0
1782421500,29433.9,29445.2,29416.9,29439.3,283.0
1782421560,29440.2,29487.6,29437.4,29485.9,272.0
1782421620,29483.7,29510.2,29473.4,29499.2,275.0
1782421680,29501.3,29512.8,29494.2,29499.4,268.0
1782421740,29499.3,29534.2,29497.9,29522.6,275.0
1782421800,29522.9,29537.7,29506.1,29512.6,279.0
1782421860,29512.4,29528.9,29510.2,29525.2,279.0
1782421920,29524.7,29542.1,29516.3,29517.9,271.0
1782421980,29517.9,29518.2,29482.7,29488.4,269.0
1782422040,29488.2,29504.3,29475.7,29496.7,272.0
1782422100,29496.9,29499.4,29472.4,29483.7,270.0
1782422160,29484.9,29519.1,29484.9,29515.9,278.0
1782422220,29515.4,29525.7,29509.7,29513.6,266.0
1782422280,29513.9,29554.6,29507.7,29552.4,266.0
1782422340,29549.7,29591.9,29549.7,29561.9,290.0
1782422400,29560.7,29583.1,29549.1,29551.3,284.0
1782422460,29550.9,29550.9,29515.4,29529.6,281.0
1782422520,29529.4,29554.1,29526.9,29536.7,255.0
1782422580,29535.7,29548.1,29531.4,29548.1,264.0
1782422640,29547.6,29566.3,29543.4,29549.7,275.0
1782422700,29550.6,29586.4,29550.1,29583.2,278.0
1782422760,29582.4,29596.4,29577.6,29592.6,270.0
1782422820,29593.6,29596.2,29574.8,29596.2,264.0
1782422880,29593.4,29614.7,29592.1,29595.6,272.0
1782422940,29595.4,29609.7,29590.3,29602.4,271.0
1782423000,29600.9,29601.7,29551.9,29551.9,284.0
1782423060,29553.9,29557.9,29532.4,29547.1,270.0
1782423120,29548.1,29551.9,29521.6,29523.7,271.0
1782423180,29523.7,29523.7,29494.4,29500.6,270.0
1782423240,29499.3,29510.3,29490.2,29492.6,271.0
1782423300,29492.8,29499.2,29467.3,29492.8,277.0
1782423360,29491.9,29515.1,29490.2,29501.8,274.0
1782423420,29502.2,29516.6,29486.8,29515.3,274.0
1782423480,29515.3,29530.2,29506.7,29517.2,265.0
1782423540,29515.6,29525.7,29492.7,29514.8,268.0
1782423600,29513.3,29518.3,29496.2,29512.4,278.0
1782423660,29508.2,29509.6,29481.2,29485.1,262.0
1782423720,29486.2,29503.1,29482.1,29502.7,269.0
1782423780,29503.1,29519.2,29501.6,29518.4,266.0
1782423840,29517.7,29525.1,29510.7,29514.7,259.0
1782423900,29514.1,29514.1,29473.3,29481.9,272.0
1782423960,29482.1,29489.2,29446.8,29447.1,270.0
1782424020,29445.9,29455.8,29428.2,29453.1,271.0
1782424080,29453.6,29466.6,29448.4,29465.3,267.0
1782424140,29464.8,29491.1,29464.8,29489.9,266.0
1782424200,29488.7,29505.7,29486.3,29499.4,270.0
1782424260,29499.6,29507.8,29476.7,29480.2,277.0
1782424320,29480.1,29535.4,29476.3,29535.1,271.0
1782424380,29534.3,29535.1,29508.4,29509.4,264.0
1782424440,29509.9,29516.8,29486.7,29495.1,263.0
1782424500,29495.1,29518.7,29494.7,29506.7,260.0
1782424560,29506.4,29510.7,29486.7,29501.7,262.0
1782424620,29501.8,29505.2,29477.6,29488.4,262.0
1782424680,29490.2,29498.7,29479.1,29479.7,257.0
1782424740,29479.4,29498.3,29475.4,29498.3,266.0
1782424800,29501.4,29501.4,29478.9,29484.3,275.0
1782424860,29485.3,29491.4,29465.7,29466.3,273.0
1782424920,29467.2,29468.1,29442.9,29444.7,273.0
1782424980,29444.7,29447.3,29415.9,29436.4,261.0
1782425040,29437.1,29443.3,29415.2,29419.3,268.0
1782425100,29419.2,29434.3,29404.7,29404.9,273.0
1782425160,29405.4,29427.9,29401.3,29419.8,272.0
1782425220,29419.4,29436.6,29415.9,29434.6,261.0
1782425280,29433.3,29444.3,29423.4,29428.4,265.0
1782425340,29428.2,29435.9,29415.3,29430.3,266.0
1782425400,29430.2,29438.2,29414.3,29429.3,279.0
1782425460,29428.1,29438.4,29419.9,29419.9,269.0
1782425520,29420.7,29427.8,29411.7,29422.6,265.0
1782425580,29422.1,29435.4,29395.9,29403.7,273.0
1782425640,29403.6,29410.3,29385.8,29396.6,261.0
1782425700,29394.9,29394.9,29364.1,29379.8,272.0
1782425760,29379.7,29404.7,29378.1,29395.7,279.0
1782425820,29394.4,29396.7,29356.3,29356.3,267.0
1782425880,29357.9,29379.1,29351.6,29356.9,276.0
1782425940,29356.1,29378.3,29351.3,29376.8,270.0
1782426000,29376.6,29389.7,29362.7,29368.1,278.0
1782426060,29367.1,29388.2,29361.2,29370.6,273.0
1782426120,29371.1,29393.3,29365.4,29387.7,278.0
1782426180,29387.2,29399.7,29376.4,29383.9,277.0
1782426240,29382.4,29396.9,29376.9,29396.3,269.0
1782426300,29397.4,29416.4,29393.3,29401.3,270.0
1782426360,29402.7,29416.2,29391.1,29412.6,266.0
1782426420,29412.2,29417.9,29395.2,29395.2,263.0
1782426480,29396.8,29396.8,29377.4,29383.2,263.0
1782426540,29383.6,29423.3,29381.1,29406.9,272.0
1782426600,29407.7,29413.4,29383.1,29385.3,269.0
1782426660,29384.9,29386.2,29353.9,29365.8,273.0
1782426720,29365.2,29381.2,29355.3,29355.3,277.0
1782426780,29356.8,29374.9,29355.3,29371.3,277.0
1782426840,29371.8,29398.1,29368.4,29392.4,269.0
1782426900,29391.2,29391.2,29370.1,29374.7,275.0
1782426960,29374.7,29388.3,29360.8,29363.6,272.0
1782427020,29362.4,29370.6,29350.8,29368.1,268.0
1782427080,29368.6,29369.3,29349.7,29353.3,261.0
1782427140,29352.9,29371.4,29345.6,29370.4,266.0
1782427200,29370.4,29397.8,29368.3,29371.7,274.0
1782427260,29371.1,29401.7,29353.1,29397.2,281.0
1782427320,29394.2,29409.1,29390.2,29397.3,268.0
1782427380,29398.6,29406.1,29389.6,29405.6,267.0
1782427440,29404.6,29411.6,29392.6,29398.3,270.0
1782427500,29395.3,29401.7,29378.9,29386.1,274.0
1782427560,29385.2,29388.9,29360.8,29372.8,273.0
1782427620,29373.1,29404.2,29372.3,29383.3,273.0
1782427680,29383.3,29383.3,29366.2,29367.8,264.0
1782427740,29368.2,29378.9,29359.7,29377.9,258.0
1782427800,29372.2,29386.4,29340.4,29365.3,267.0
1782427860,29364.6,29395.3,29354.9,29390.1,274.0
1782427920,29386.9,29413.1,29386.8,29413.1,270.0
1782427980,29416.9,29430.3,29405.4,29410.6,275.0
1782428040,29409.6,29418.6,29395.2,29417.6,280.0
1782428100,29423.6,29441.1,29411.2,29429.2,279.0
1782428160,29427.9,29434.6,29412.9,29413.7,270.0
1782428220,29416.4,29435.7,29415.2,29417.2,273.0
1782428280,29416.9,29420.4,29406.2,29410.4,259.0
1782428340,29411.9,29473.7,29408.2,29473.7,276.0
1782428400,29473.9,29559.1,29473.9,29558.4,286.0
1782428460,29560.7,29642.6,29556.8,29621.8,289.0
1782428520,29621.2,29621.2,29578.6,29578.6,275.0
1782428580,29575.1,29577.4,29549.7,29550.8,259.0
1782428640,29553.8,29565.2,29550.7,29561.8,249.0
1782428700,29561.9,29574.1,29547.7,29552.2,264.0
1782428760,29551.3,29560.4,29545.4,29548.4,219.0
1782428820,29548.9,29554.9,29537.7,29543.4,222.0
1782428880,29542.4,29549.8,29538.9,29549.8,194.0
1782428940,29549.8,29555.1,29530.1,29532.3,220.0
1782429000,29531.6,29532.6,29522.8,29522.8,219.0
1782429060,29522.7,29533.1,29520.4,29531.4,235.0
1782429120,29531.4,29537.6,29528.4,29530.1,187.0
1782429180,29530.3,29531.2,29522.1,29527.3,178.0
1782429240,29527.7,29531.7,29526.2,29530.3,229.0
1782429300,29530.1,29544.9,29528.7,29540.9,220.0
1782429360,29540.9,29546.3,29537.4,29546.2,176.0
1782429420,29546.1,29554.7,29542.1,29547.8,213.0
1782429480,29547.3,29561.8,29547.3,29553.4,167.0
1782429540,29554.3,29561.9,29549.4,29558.9,217.0
1782429600,29558.9,29560.7,29554.6,29560.7,190.0
1782429660,29560.7,29581.1,29557.4,29580.3,218.0
1782429720,29580.4,29580.4,29565.3,29573.4,217.0
1782429780,29572.7,29590.1,29571.4,29580.3,221.0
1782429840,29579.8,29579.9,29566.4,29566.6,202.0
1782429900,29566.8,29570.2,29549.8,29551.3,193.0
1782429960,29551.1,29557.3,29548.3,29554.3,194.0
1782430020,29554.3,29558.6,29551.3,29552.8,187.0
1782430080,29552.8,29552.9,29540.9,29545.2,194.0
1782430140,29545.3,29548.1,29540.7,29543.6,169.0
1782430200,29543.7,29547.7,29529.4,29532.6,168.0
1782430260,29532.4,29539.1,29510.7,29513.7,158.0
1782430320,29514.9,29516.2,29504.1,29510.4,219.0
1782430380,29510.8,29522.1,29509.3,29521.4,185.0
1782430440,29521.6,29529.8,29520.3,29526.2,169.0
1782430500,29522.7,29529.4,29522.7,29524.2,184.0
1782430560,29524.2,29527.1,29516.8,29523.9,145.0
1782430620,29524.1,29526.4,29514.4,29514.9,130.0
1782430680,29514.9,29515.9,29505.7,29507.1,147.0
1782430740,29507.2,29510.8,29499.2,29499.9,141.0
1782430800,29499.9,29505.6,29498.3,29502.4,117.0
1782430860,29502.4,29506.8,29500.6,29505.6,111.0
1782430920,29505.6,29512.3,29505.3,29505.3,119.0
1782430980,29505.6,29507.1,29499.6,29501.3,123.0
1782431040,29501.3,29504.6,29499.2,29502.3,87.0
1782431100,29501.8,29504.4,29498.7,29499.6,119.0
1782431160,29499.3,29503.7,29494.8,29495.9,121.0
1782431220,29495.9,29499.7,29491.1,29494.6,117.0
1782431280,29494.8,29496.4,29486.1,29487.9,128.0
1782431340,29487.3,29495.1,29486.9,29491.8,115.0
1782431400,29491.6,29493.6,29489.8,29490.2,85.0
1782431460,29490.2,29491.4,29486.1,29491.4,105.0
1782431520,29491.4,29493.1,29485.9,29485.9,67.0
1782431580,29486.2,29487.7,29477.7,29484.9,129.0
1782431640,29484.9,29487.4,29482.2,29483.1,101.0
1782431700,29483.1,29487.4,29481.1,29486.4,90.0
1782431760,29486.4,29487.4,29481.2,29485.2,113.0
1782431820,29485.2,29490.8,29483.4,29486.4,125.0
1782431880,29486.4,29486.9,29477.7,29486.2,123.0
1782431940,29455.5,29457.1,29455.5,29456.6,61.0
1782435600,29468.0,29487.9,29443.5,29448.9,187.0
1782435660,29451.1,29455.9,29432.0,29434.1,225.0
1782435720,29434.0,29449.6,29429.4,29446.8,198.0
1782435780,29447.0,29460.8,29433.1,29434.9,186.0
1782435840,29434.3,29435.8,29425.9,29427.8,170.0
1782435900,29426.6,29427.4,29411.3,29416.4,186.0
1782435960,29419.6,29419.8,29407.4,29410.8,188.0
1782436020,29410.8,29417.9,29407.9,29417.6,128.0
1782436080,29417.6,29417.6,29399.3,29402.8,158.0
1782436140,29402.9,29404.6,29393.3,29393.9,111.0
1782436200,29394.0,29394.4,29362.3,29375.4,209.0
1782436260,29374.6,29376.8,29358.1,29366.0,179.0
1782436320,29366.0,29374.5,29365.5,29369.9,154.0
1782436380,29368.6,29369.5,29352.6,29365.6,151.0
1782436440,29364.6,29390.8,29362.5,29374.3,158.0
1782436500,29374.0,29388.9,29372.1,29385.8,143.0
1782436560,29384.9,29399.4,29384.6,29395.5,158.0
1782436620,29395.5,29407.5,29395.5,29402.1,166.0
1782436680,29402.0,29411.6,29397.1,29398.1,127.0
1782436740,29398.0,29398.0,29364.6,29371.1,190.0
1782436800,29371.1,29373.1,29355.3,29361.5,158.0
1782436860,29361.5,29364.3,29354.5,29362.6,164.0
1782436920,29363.0,29388.5,29362.8,29378.3,193.0
1782436980,29377.9,29391.0,29377.4,29387.0,133.0
1782437040,29387.4,29387.4,29374.9,29386.5,158.0
1782437100,29385.5,29385.8,29369.1,29369.8,145.0
1782437160,29368.9,29379.4,29359.6,29359.8,148.0
1782437220,29360.4,29363.3,29347.6,29355.5,148.0
1782437280,29355.5,29365.8,29351.9,29351.9,163.0
1782437340,29351.3,29356.3,29344.0,29344.4,187.0
1782437400,29345.1,29362.9,29334.5,29355.8,155.0
1782437460,29356.3,29363.9,29356.3,29363.3,162.0
1782437520,29362.4,29365.4,29350.6,29356.8,142.0
1782437580,29356.4,29360.9,29347.3,29356.4,146.0
1782437640,29356.4,29370.3,29355.4,29370.3,129.0
1782437700,29370.8,29378.9,29367.9,29377.0,174.0
1782437760,29376.8,29385.0,29375.8,29384.3,138.0
1782437820,29384.4,29393.6,29379.3,29383.5,163.0
1782437880,29383.6,29388.1,29378.3,29388.0,130.0
1782437940,29388.0,29388.0,29376.5,29376.6,124.0
1782438000,29376.6,29384.8,29375.9,29381.0,133.0
1782438060,29381.0,29384.8,29378.3,29378.5,120.0
1782438120,29378.5,29382.0,29373.3,29379.5,126.0
1782438180,29379.5,29385.4,29379.4,29385.4,105.0
1782438240,29385.4,29394.0,29384.5,29388.5,135.0
1782438300,29388.4,29391.4,29383.5,29391.0,112.0
1782438360,29391.3,29394.8,29383.8,29384.8,111.0
1782438420,29384.8,29385.1,29373.4,29378.0,154.0
1782438480,29378.0,29383.0,29371.6,29374.5,133.0
1782438540,29374.5,29379.1,29368.5,29379.1,110.0
1782438600,29379.1,29388.0,29376.8,29382.6,142.0
1782438660,29382.5,29382.5,29373.8,29379.1,104.0
1782438720,29379.1,29397.5,29379.1,29396.1,129.0
1782438780,29396.1,29398.5,29394.4,29398.3,104.0
1782438840,29398.3,29410.6,29394.1,29410.6,123.0
1782438900,29410.9,29412.1,29404.1,29406.1,142.0
1782438960,29406.1,29414.1,29396.0,29412.9,130.0
1782439020,29412.9,29413.1,29405.3,29406.4,129.0
1782439080,29406.4,29414.5,29406.1,29413.8,122.0
1782439140,29413.5,29414.5,29406.0,29406.0,119.0
1782439200,29406.0,29413.6,29403.8,29412.9,98.0
1782439260,29412.9,29414.4,29406.8,29410.9,117.0
1782439320,29410.8,29412.8,29407.1,29411.9,96.0
1782439380,29411.9,29412.9,29407.5,29407.5,110.0
1782439440,29407.5,29414.1,29405.4,29411.8,103.0
1782439500,29411.8,29414.9,29408.9,29414.4,96.0
1782439560,29413.6,29414.3,29407.9,29409.8,105.0
1782439620,29409.8,29412.6,29405.9,29411.9,85.0
1782439680,29411.8,29412.5,29400.9,29406.1,132.0
1782439740,29406.1,29406.1,29396.9,29402.6,94.0
1782439800,29402.4,29414.9,29402.1,29413.3,124.0
1782439860,29413.3,29420.3,29413.1,29419.4,127.0
1782439920,29419.6,29434.0,29415.4,29432.8,152.0
1782439980,29431.6,29449.0,29429.9,29447.0,177.0
1782440040,29447.1,29471.1,29444.9,29469.8,190.0
1782440100,29470.9,29470.9,29461.1,29466.0,160.0
1782440160,29466.3,29495.9,29462.5,29494.3,175.0
1782440220,29494.3,29528.6,29491.8,29527.6,202.0
1782440280,29530.1,29562.6,29530.1,29550.5,229.0
1782440340,29553.3,29573.1,29548.4,29562.6,240.0
1782440400,29565.0,29597.8,29558.4,29584.9,228.0
1782440460,29585.1,29605.1,29575.5,29597.3,214.0
1782440520,29596.5,29601.3,29578.3,29583.5,204.0
1782440580,29583.3,29603.9,29577.0,29598.9,176.0
1782440640,29598.9,29605.4,29587.5,29589.3,171.0
1782440700,29587.9,29619.1,29587.9,29614.3,220.0
1782440760,29612.4,29612.4,29602.8,29604.3,137.0
1782440820,29604.1,29607.3,29591.9,29599.4,164.0
1782440880,29598.5,29608.5,29597.6,29604.5,170.0
1782440940,29604.3,29617.0,29594.8,29594.8,156.0
1782441000,29594.9,29606.0,29578.3,29579.4,204.0
1782441060,29580.4,29604.4,29578.5,29601.0,161.0
1782441120,29600.6,29606.1,29591.8,29599.8,150.0
1782441180,29600.3,29601.0,29583.4,29585.8,151.0
1782441240,29585.9,29587.6,29572.0,29574.1,151.0
1782441300,29573.8,29576.5,29565.9,29570.0,160.0
1782441360,29570.1,29570.3,29555.6,29561.8,178.0
1782441420,29561.6,29576.1,29558.8,29568.3,183.0
1782441480,29568.8,29573.0,29550.3,29557.1,177.0
1782441540,29556.9,29558.5,29538.1,29541.9,162.0
1782441600,29540.6,29540.6,29529.4,29530.0,166.0
1782441660,29528.9,29538.6,29518.1,29520.3,177.0
1782441720,29519.0,29520.4,29505.4,29505.6,154.0
1782441780,29505.6,29514.8,29499.5,29510.9,172.0
1782441840,29510.5,29510.5,29490.1,29491.6,165.0
1782441900,29491.8,29491.8,29459.3,29464.4,245.0
1782441960,29464.4,29473.0,29459.4,29462.0,222.0
1782442020,29462.0,29462.0,29443.0,29451.9,224.0
1782442080,29450.0,29458.1,29445.5,29451.5,219.0
1782442140,29451.8,29452.9,29437.6,29439.8,179.0
1782442200,29439.8,29439.8,29410.1,29414.4,228.0
1782442260,29414.3,29427.1,29408.3,29416.1,197.0
1782442320,29416.1,29426.8,29415.9,29420.4,177.0
1782442380,29420.4,29421.0,29410.4,29416.4,168.0
1782442440,29416.9,29424.0,29407.6,29424.0,184.0
1782442500,29424.0,29426.1,29415.5,29416.3,206.0
1782442560,29416.3,29420.9,29395.0,29412.6,227.0
1782442620,29413.4,29428.0,29413.4,29424.3,190.0
1782442680,29424.3,29431.9,29415.4,29420.6,201.0
1782442740,29420.6,29432.9,29417.1,29432.9,186.0
1782442800,29433.5,29449.9,29429.6,29447.4,264.0
1782442860,29446.6,29454.4,29418.8,29419.9,249.0
1782442920,29419.8,29455.6,29410.5,29454.8,262.0
1782442980,29453.1,29464.0,29447.6,29459.5,252.0
1782443040,29460.0,29476.8,29458.8,29464.5,262.0
1782443100,29465.5,29482.3,29457.8,29480.6,256.0
1782443160,29480.3,29497.0,29473.3,29493.3,268.0
1782443220,29493.8,29494.4,29472.6,29488.0,263.0
1782443280,29488.0,29493.0,29468.3,29471.6,256.0
1782443340,29470.5,29498.8,29464.3,29493.4,254.0
1782443400,29494.0,29494.8,29481.6,29484.3,267.0
1782443460,29483.5,29487.0,29465.9,29468.1,264.0
1782443520,29470.3,29474.4,29456.3,29459.9,253.0
1782443580,29459.5,29473.6,29449.0,29472.9,256.0
1782443640,29473.3,29489.6,29471.5,29477.5,248.0
1782443700,29479.0,29488.0,29458.0,29485.5,259.0
1782443760,29485.6,29491.0,29459.3,29459.5,253.0
1782443820,29459.5,29492.1,29458.0,29486.1,256.0
1782443880,29486.1,29494.8,29461.0,29463.1,254.0
1782443940,29462.8,29470.3,29449.6,29450.5,243.0
1782444000,29450.0,29467.4,29439.1,29465.1,264.0
1782444060,29465.4,29466.1,29447.6,29454.9,267.0
1782444120,29454.8,29458.9,29440.3,29447.1,258.0
1782444180,29447.4,29462.8,29446.4,29452.5,251.0
1782444240,29451.6,29452.5,29432.3,29432.3,253.0
1782444300,29432.6,29438.4,29423.3,29431.0,268.0
1782444360,29431.1,29434.4,29395.3,29395.4,254.0
1782444420,29396.3,29410.6,29378.1,29391.9,263.0
1782444480,29392.4,29424.6,29388.8,29417.5,276.0
1782444540,29417.9,29438.6,29406.5,29436.0,250.0
1782444600,29436.4,29440.5,29411.0,29413.0,267.0
1782444660,29413.9,29419.5,29400.5,29413.0,265.0
1782444720,29412.5,29430.5,29394.8,29398.9,266.0
1782444780,29399.8,29404.3,29387.3,29389.4,259.0
1782444840,29389.8,29395.9,29376.1,29387.5,258.0
1782444900,29387.6,29394.0,29372.6,29374.9,248.0
1782444960,29375.8,29408.9,29372.0,29404.6,256.0
1782445020,29406.1,29410.1,29393.8,29408.9,248.0
1782445080,29408.0,29408.4,29390.5,29394.1,267.0
1782445140,29394.1,29402.6,29376.6,29402.6,257.0
1782445200,29402.3,29423.0,29402.0,29416.8,267.0
1782445260,29417.3,29417.3,29389.3,29399.8,253.0
1782445320,29400.8,29420.8,29398.9,29400.8,256.0
1782445380,29400.9,29418.0,29400.9,29408.8,245.0
1782445440,29408.4,29409.5,29394.9,29395.6,237.0
1782445500,29395.4,29405.1,29391.5,29391.9,261.0
1782445560,29393.3,29404.6,29392.1,29399.8,263.0
1782445620,29398.8,29419.3,29391.6,29414.6,239.0
1782445680,29413.4,29422.8,29411.0,29418.5,254.0
1782445740,29417.5,29422.1,29397.8,29398.0,238.0
1782445800,29398.0,29398.1,29383.0,29387.6,250.0
1782445860,29387.3,29419.1,29387.1,29410.8,252.0
1782445920,29409.8,29421.5,29408.8,29411.1,236.0
1782445980,29410.9,29416.1,29397.1,29404.3,231.0
1782446040,29404.4,29405.9,29375.1,29379.3,221.0
1782446100,29378.3,29381.3,29369.9,29372.9,259.0
1782446160,29372.6,29388.1,29357.1,29361.8,247.0
1782446220,29363.0,29372.5,29344.9,29370.1,190.0
1782446280,29369.1,29384.3,29361.3,29380.4,236.0
1782446340,29380.3,29380.9,29361.8,29362.6,238.0
1782446400,29364.1,29380.5,29359.9,29379.9,249.0
1782446460,29377.6,29403.8,29377.4,29385.5,264.0
1782446520,29385.0,29387.4,29371.9,29378.0,272.0
1782446580,29379.0,29383.6,29361.9,29367.3,264.0
1782446640,29368.4,29373.6,29336.6,29338.5,257.0
1782446700,29339.1,29340.0,29302.8,29303.0,270.0
1782446760,29303.3,29319.8,29293.3,29315.6,268.0
1782446820,29316.6,29332.5,29313.3,29317.1,252.0
1782446880,29317.6,29348.4,29315.9,29344.4,257.0
1782446940,29344.5,29348.3,29333.6,29340.0,258.0
1782447000,29339.9,29356.4,29339.9,29355.9,260.0
1782447060,29356.8,29380.0,29353.3,29373.4,258.0
1782447120,29372.9,29381.6,29365.5,29378.4,251.0
1782447180,29378.4,29383.0,29359.3,29359.3,246.0
1782447240,29360.6,29364.8,29350.5,29362.6,231.0
1782447300,29362.5,29383.5,29358.4,29377.8,257.0
1782447360,29377.8,29395.9,29372.9,29394.9,266.0
1782447420,29395.0,29401.4,29382.5,29385.1,232.0
1782447480,29385.5,29386.4,29370.8,29381.8,225.0
1782447540,29381.3,29393.0,29376.5,29389.9,236.0
1782447600,29390.3,29400.6,29388.6,29398.8,220.0
1782447660,29398.9,29398.9,29380.5,29385.4,217.0
1782447720,29385.1,29391.4,29376.9,29389.4,209.0
1782447780,29389.1,29395.4,29379.4,29379.6,212.0
1782447840,29379.6,29383.4,29372.5,29379.1,221.0
1782447900,29379.1,29380.3,29354.5,29355.3,209.0
1782447960,29354.8,29360.9,29346.4,29346.6,209.0
1782448020,29346.8,29357.9,29342.3,29352.0,214.0
1782448080,29352.1,29352.1,29336.6,29339.8,202.0
1782448140,29339.9,29346.0,29332.3,29340.1,241.0
1782448200,29341.8,29347.6,29324.0,29334.5,250.0
1782448260,29334.5,29339.1,29327.5,29327.8,256.0
1782448320,29327.8,29328.5,29298.8,29303.0,233.0
1782448380,29301.4,29319.0,29290.0,29291.3,229.0
1782448440,29290.5,29291.5,29269.9,29280.9,230.0
1782448500,29281.1,29289.3,29265.0,29270.3,251.0
1782448560,29269.9,29283.9,29269.4,29279.3,229.0
1782448620,29279.6,29293.3,29269.0,29276.3,232.0
1782448680,29276.5,29277.9,29261.9,29267.1,229.0
1782448740,29267.1,29284.6,29261.1,29278.9,243.0
1782448800,29279.1,29281.3,29263.6,29272.3,217.0
1782448860,29272.4,29280.3,29259.3,29260.6,219.0
1782448920,29260.6,29269.0,29248.3,29248.5,218.0
1782448980,29248.4,29258.8,29244.9,29255.8,212.0
1782449040,29257.0,29262.0,29234.1,29237.6,232.0
1782449100,29236.1,29237.0,29211.5,29236.4,250.0
1782449160,29236.5,29241.5,29223.9,29230.1,234.0
1782449220,29230.5,29250.9,29226.3,29243.9,228.0
1782449280,29245.0,29263.3,29243.8,29258.3,254.0
1782449340,29257.5,29263.9,29254.3,29258.8,230.0
1782449400,29259.8,29264.3,29250.8,29256.0,226.0
1782449460,29255.8,29262.0,29246.3,29249.1,221.0
1782449520,29248.6,29252.3,29240.3,29242.8,230.0
1782449580,29242.6,29248.9,29229.4,29234.1,230.0
1782449640,29234.3,29239.1,29220.5,29222.8,207.0
1782449700,29222.0,29226.3,29213.1,29224.8,240.0
1782449760,29224.9,29229.4,29212.5,29221.0,209.0
1782449820,29221.0,29221.0,29207.3,29208.0,204.0
1782449880,29208.9,29219.1,29191.5,29192.9,207.0
1782449940,29192.6,29220.4,29190.3,29220.3,227.0
1782450000,29225.4,29231.6,29207.6,29219.9,241.0
1782450060,29220.8,29224.4,29209.4,29210.9,221.0
1782450120,29209.9,29216.5,29197.9,29216.5,224.0
1782450180,29216.5,29223.8,29212.5,29214.1,214.0
1782450240,29213.5,29221.6,29198.6,29200.9,227.0
1782450300,29199.9,29212.4,29199.9,29206.0,220.0
1782450360,29205.9,29219.3,29202.1,29218.4,210.0
1782450420,29218.4,29232.5,29213.5,29229.1,205.0
1782450480,29228.0,29230.5,29217.4,29218.1,204.0
1782450540,29219.3,29221.3,29200.9,29206.4,227.0
1782450600,29205.3,29208.1,29194.1,29201.8,222.0
1782450660,29202.5,29202.5,29187.9,29191.8,217.0
1782450720,29191.1,29198.1,29178.3,29179.4,226.0
1782450780,29179.4,29189.8,29171.3,29187.0,238.0
1782450840,29187.0,29189.6,29179.1,29180.1,232.0
1782450900,29180.1,29184.8,29167.8,29171.9,242.0
1782450960,29171.5,29187.5,29168.9,29183.9,246.0
1782451020,29184.0,29194.0,29178.8,29186.0,234.0
1782451080,29186.3,29188.3,29166.4,29173.6,212.0
1782451140,29173.5,29177.3,29155.9,29157.3,211.0
1782451200,29157.8,29161.8,29149.6,29161.4,240.0
1782451260,29160.9,29169.1,29150.5,29152.1,240.0
1782451320,29152.1,29158.1,29150.3,29154.9,232.0
1782451380,29154.9,29156.6,29145.0,29146.0,191.0
1782451440,29145.5,29146.3,29128.6,29128.6,222.0
1782451500,29128.8,29137.5,29123.5,29134.9,238.0
1782451560,29134.9,29147.1,29133.5,29143.3,237.0
1782451620,29143.1,29145.4,29122.0,29129.4,215.0
1782451680,29128.6,29140.8,29125.5,29139.8,223.0
1782451740,29139.1,29151.9,29139.1,29143.4,213.0
1782451800,29143.6,29154.6,29139.6,29144.6,229.0
1782451860,29144.8,29157.8,29144.8,29147.5,219.0
1782451920,29146.4,29146.4,29114.1,29118.3,210.0
1782451980,29117.6,29120.0,29104.5,29119.4,213.0
1782452040,29120.3,29127.6,29118.0,29118.9,216.0
1782452100,29119.0,29124.4,29109.3,29114.5,228.0
1782452160,29114.5,29114.5,29101.3,29101.6,223.0
1782452220,29101.4,29101.8,29078.9,29080.8,214.0
1782452280,29080.8,29081.6,29069.1,29072.1,226.0
1782452340,29072.4,29100.8,29072.4,29098.3,227.0
1782452400,29098.4,29098.8,29068.9,29072.4,215.0
1782452460,29072.8,29075.3,29059.1,29065.8,215.0
1782452520,29065.8,29092.4,29061.8,29086.1,221.0
1782452580,29086.1,29093.8,29071.9,29076.5,222.0
1782452640,29076.5,29087.5,29071.8,29075.5,199.0
1782452700,29075.1,29075.4,29045.1,29045.1,242.0
1782452760,29045.4,29067.6,29040.9,29063.9,255.0
1782452820,29064.0,29066.0,29049.9,29050.9,198.0
1782452880,29050.6,29053.3,29035.3,29038.4,212.0
1782452940,29038.3,29039.1,29024.1,29031.8,222.0
1782453000,29031.8,29050.4,29031.8,29047.4,230.0
1782453060,29047.9,29047.9,29025.0,29025.4,240.0
1782453120,29025.0,29025.6,29011.9,29018.6,210.0
1782453180,29017.9,29017.9,29005.4,29005.6,230.0
1782453240,29005.9,29011.8,28989.0,28989.6,226.0
1782453300,28989.6,28994.1,28971.6,28972.5,228.0
1782453360,28972.5,28979.3,28958.5,28970.0,251.0
1782453420,28970.3,28983.5,28967.4,28972.8,247.0
1782453480,28974.0,28984.8,28968.0,28981.3,222.0
1782453540,28983.1,28999.6,28982.1,28992.6,224.0
1782453600,28993.5,28996.9,28979.0,28983.5,244.0
1782453660,28983.5,28983.5,28956.1,28956.1,214.0
1782453720,28956.4,28972.3,28948.3,28967.6,224.0
1782453780,28967.6,28974.3,28960.8,28963.5,217.0
1782453840,28962.8,28984.5,28957.0,28968.8,208.0
1782453900,28969.0,28976.4,28959.9,28970.9,213.0
1782453960,28970.9,28971.6,28949.6,28966.5,236.0
1782454020,28966.5,28969.1,28948.8,28958.8,242.0
1782454080,28960.3,28971.6,28953.9,28965.4,229.0
1782454140,28965.4,28967.0,28953.3,28954.6,238.0
1782454200,28955.0,28980.5,28948.6,28979.9,243.0
1782454260,28980.0,28987.9,28972.0,28987.9,233.0
1782454320,28988.6,28994.4,28973.1,28993.1,228.0
1782454380,28993.0,28995.5,28976.8,28978.6,241.0
1782454440,28980.3,28986.3,28969.8,28982.3,215.0
1782454500,28980.4,28994.4,28979.1,28985.4,226.0
1782454560,28985.4,28988.5,28976.8,28981.3,200.0
1782454620,28983.1,28993.0,28983.0,28988.3,192.0
1782454680,28988.9,28990.1,28974.0,28977.9,190.0
1782454740,28978.0,28995.0,28976.3,28990.1,189.0
1782454800,28990.1,28993.5,28978.8,28984.1,194.0
1782454860,28985.3,28988.3,28978.1,28978.8,202.0
1782454920,28978.8,28982.9,28966.0,28968.4,184.0
1782454980,28967.4,28971.0,28957.3,28970.0,194.0
1782455040,28969.6,28975.6,28965.3,28971.4,210.0
1782455100,28971.4,28978.4,28966.0,28977.5,194.0
1782455160,28976.9,28980.9,28970.0,28979.9,204.0
1782455220,28980.5,28990.1,28974.6,28981.1,192.0
1782455280,28981.8,28981.8,28965.6,28969.5,194.0
1782455340,28969.5,28978.5,28969.5,28976.4,184.0
1782455400,28976.4,28977.3,28952.1,28957.1,257.0
1782455460,28957.3,28959.8,28945.1,28959.8,237.0
1782455520,28959.5,28969.3,28949.5,28953.4,218.0
1782455580,28953.4,28967.6,28950.9,28958.0,225.0
1782455640,28958.0,28958.0,28942.3,28949.0,226.0
1782455700,28949.1,28949.5,28931.0,28935.8,224.0
1782455760,28935.6,28944.6,28930.0,28931.1,209.0
1782455820,28931.1,28934.8,28892.9,28898.0,224.0
1782455880,28898.3,28931.3,28889.9,28929.6,224.0
1782455940,28929.6,28945.0,28925.4,28935.6,242.0
1782456000,28937.4,28964.8,28926.4,28942.5,243.0
1782456060,28943.0,28971.4,28942.4,28961.1,262.0
1782456120,28961.9,28972.4,28955.0,28958.5,229.0
1782456180,28960.4,28971.5,28955.8,28965.1,229.0
1782456240,28966.0,28983.0,28963.5,28983.0,247.0
1782456300,28982.9,28991.6,28979.8,28986.6,236.0
1782456360,28986.6,28992.4,28974.4,28981.5,239.0
1782456420,28981.5,28994.0,28968.5,28990.5,255.0
1782456480,28990.8,28992.0,28981.1,28986.9,233.0
1782456540,28987.5,28993.8,28967.6,28973.6,248.0
1782456600,28972.9,28987.8,28971.4,28977.6,255.0
1782456660,28977.6,29006.1,28977.4,29001.4,238.0
1782456720,29001.0,29020.6,28998.8,29012.5,240.0
1782456780,29014.8,29021.0,29009.8,29016.8,240.0
1782456840,29018.0,29051.0,29017.0,29050.8,241.0
1782456900,29049.4,29061.0,29041.1,29056.8,247.0
1782456960,29056.8,29065.8,29052.3,29058.6,252.0
1782457020,29058.3,29073.8,29053.8,29070.9,237.0
1782457080,29070.9,29082.8,29066.1,29082.8,238.0
1782457140,29084.1,29096.5,29073.6,29093.1,227.0
1782457200,29093.4,29103.6,29083.9,29085.1,255.0
1782457260,29084.9,29099.8,29081.5,29093.3,240.0
1782457320,29092.8,29094.5,29073.3,29079.0,238.0
1782457380,29079.3,29086.9,29074.8,29085.5,245.0
1782457440,29085.5,29103.8,29078.0,29079.1,242.0
1782457500,29079.1,29093.5,29078.3,29088.6,231.0
1782457560,29088.8,29090.0,29061.8,29066.4,224.0
1782457620,29066.4,29084.3,29055.9,29084.3,230.0
1782457680,29084.1,29099.8,29074.9,29096.0,237.0
1782457740,29096.1,29100.4,29080.9,29083.6,228.0
1782457800,29082.4,29095.4,29079.6,29094.9,230.0
1782457860,29094.9,29104.0,29090.6,29100.5,237.0
1782457920,29100.9,29101.0,29083.1,29091.4,245.0
1782457980,29091.5,29093.8,29079.9,29089.8,228.0
1782458040,29088.0,29092.9,29079.8,29087.1,210.0
1782458100,29086.8,29099.3,29084.4,29097.4,209.0
1782458160,29096.4,29112.5,29096.3,29097.8,214.0
1782458220,29097.4,29111.0,29097.3,29111.0,212.0
1782458280,29111.0,29111.0,29084.5,29086.6,222.0
1782458340,29086.4,29093.1,29081.0,29087.0,219.0
1782458400,29087.1,29093.0,29081.1,29082.9,226.0
1782458460,29082.6,29087.6,29075.9,29079.9,223.0
1782458520,29079.5,29084.0,29068.0,29070.8,206.0
1782458580,29071.0,29077.3,29061.5,29063.6,204.0
1782458640,29064.0,29064.0,29038.9,29039.1,197.0
1782458700,29039.3,29041.4,29014.6,29015.0,230.0
1782458760,29015.0,29025.6,29005.6,29014.3,227.0
1782458820,29014.1,29042.0,29013.0,29037.9,226.0
1782458880,29038.6,29049.1,29036.1,29040.8,212.0
1782458940,29040.9,29053.6,29029.9,29051.1,206.0
1782459000,29051.3,29072.6,29044.3,29056.9,224.0
1782459060,29056.6,29060.4,29041.3,29044.1,197.0
1782459120,29043.6,29044.9,29029.4,29030.0,175.0
1782459180,29029.8,29041.6,29026.0,29029.1,171.0
1782459240,29027.0,29037.9,29018.1,29020.3,203.0
1782459300,29020.1,29027.0,29012.3,29027.0,212.0
1782459360,29026.1,29026.6,29013.4,29018.3,195.0
1782459420,29018.8,29029.9,29013.6,29014.5,197.0
1782459480,29015.1,29025.3,29009.6,29022.0,231.0
1782459540,29022.0,29023.1,29008.8,29013.0,206.0
1782459600,29013.5,29027.6,29006.3,29024.3,216.0
1782459660,29024.4,29036.6,29021.5,29032.8,223.0
1782459720,29032.8,29032.8,29011.6,29013.5,213.0
1782459780,29013.6,29021.0,29011.1,29014.8,205.0
1782459840,29015.0,29036.1,29012.5,29032.4,202.0
1782459900,29033.0,29033.1,29018.9,29022.6,231.0
1782459960,29023.6,29025.5,29013.1,29016.6,206.0
1782460020,29016.6,29017.0,29006.3,29008.8,158.0
1782460080,29008.8,29014.0,28997.5,29000.4,201.0
1782460140,29000.5,29010.1,28997.3,29002.1,210.0
1782460200,29002.1,29011.8,28996.9,29001.3,225.0
1782460260,29001.1,29007.4,28990.8,28999.1,197.0
1782460320,28999.9,29000.8,28991.4,28993.4,198.0
1782460380,28993.4,28994.5,28980.3,28989.0,176.0
1782460440,28989.5,29005.6,28986.0,29001.4,227.0
1782460500,29001.4,29001.6,28985.1,28990.5,190.0
1782460560,28990.0,29000.3,28986.5,28989.6,212.0
1782460620,28989.1,28992.6,28983.4,28990.4,219.0
1782460680,28990.4,28997.4,28985.8,28991.4,204.0
1782460740,28991.1,28998.5,28988.5,28997.5,222.0
1782460800,28997.8,29007.5,28993.6,29003.6,251.0
1782460860,29003.4,29013.5,28992.5,29012.4,212.0
1782460920,29011.9,29028.4,29004.1,29007.0,246.0
1782460980,29007.6,29021.6,28992.6,28996.3,229.0
1782461040,28996.3,29000.5,28987.8,28993.5,202.0
1782461100,28992.9,29008.6,28983.4,28990.3,251.0
1782461160,28990.1,29006.8,28984.6,29006.3,209.0
1782461220,29006.1,29026.6,29005.1,29026.4,191.0
1782461280,29026.1,29030.8,29018.0,29026.9,224.0
1782461340,29025.6,29028.8,29012.1,29012.6,217.0
1782461400,29012.0,29030.1,29010.9,29029.9,202.0
1782461460,29030.0,29036.6,29024.1,29026.9,208.0
1782461520,29026.8,29045.4,29023.6,29039.4,221.0
1782461580,29040.1,29059.9,29039.9,29059.8,210.0
1782461640,29060.0,29078.5,29059.0,29077.5,196.0
1782461700,29077.9,29091.0,29069.1,29087.5,207.0
1782461760,29087.8,29091.4,29069.1,29069.3,222.0
1782461820,29069.3,29074.4,29060.6,29073.8,232.0
1782461880,29073.9,29081.5,29070.3,29076.8,224.0
1782461940,29076.9,29087.0,29068.6,29069.0,233.0
1782462000,29069.0,29071.3,29060.5,29064.3,205.0
1782462060,29064.3,29074.6,29060.5,29062.5,209.0
1782462120,29061.4,29061.5,29051.9,29052.9,210.0
1782462180,29052.9,29055.1,29045.3,29052.4,210.0
1782462240,29052.4,29060.4,29046.0,29055.4,190.0
1782462300,29056.1,29073.0,29054.4,29072.5,193.0
1782462360,29072.5,29087.0,29072.3,29085.0,232.0
1782462420,29084.9,29096.9,29084.5,29093.3,173.0
1782462480,29093.0,29098.4,29082.8,29096.6,230.0
1782462540,29097.5,29108.5,29095.4,29097.0,230.0
1782462600,29096.8,29116.8,29096.8,29115.6,207.0
1782462660,29114.1,29120.5,29108.4,29110.1,219.0
1782462720,29108.6,29125.8,29106.9,29124.3,215.0
1782462780,29124.0,29130.3,29117.8,29125.1,232.0
1782462840,29124.5,29136.9,29123.8,29128.8,233.0
1782462900,29128.5,29131.1,29113.9,29131.1,226.0
1782462960,29131.4,29136.6,29114.4,29116.0,240.0
1782463020,29116.0,29118.3,29108.5,29115.0,233.0
1782463080,29113.5,29117.5,29096.8,29100.1,215.0
1782463140,29100.3,29100.5,29085.8,29089.3,229.0
1782463200,29089.0,29089.6,29069.9,29073.4,216.0
1782463260,29073.1,29074.0,29059.4,29065.5,221.0
1782463320,29065.5,29068.9,29048.3,29051.0,212.0
1782463380,29050.6,29057.9,29040.3,29055.9,216.0
1782463440,29055.8,29055.8,29043.6,29044.3,197.0
1782463500,29044.3,29048.6,29028.1,29028.1,208.0
1782463560,29028.1,29039.5,29028.1,29034.9,195.0
1782463620,29035.1,29040.8,29033.3,29035.5,198.0
1782463680,29036.0,29036.9,29027.8,29033.8,223.0
1782463740,29033.5,29061.0,29031.9,29060.1,217.0
1782463800,29060.6,29075.4,29057.3,29068.0,229.0
1782463860,29065.9,29086.4,29065.5,29080.0,224.0
1782463920,29079.6,29086.8,29072.6,29080.6,201.0
1782463980,29080.6,29090.8,29076.6,29086.5,184.0
1782464040,29086.9,29087.3,29077.0,29078.5,192.0
1782464100,29078.8,29080.5,29065.4,29068.4,196.0
1782464160,29068.5,29079.4,29059.5,29079.4,194.0
1782464220,29078.8,29078.8,29062.8,29064.0,202.0
1782464280,29064.4,29077.3,29063.3,29071.0,199.0
1782464340,29071.0,29072.3,29053.6,29053.6,187.0
1782464400,29053.0,29069.5,29051.4,29052.5,216.0
1782464460,29051.5,29057.3,29045.1,29050.0,217.0
1782464520,29050.0,29067.3,29046.6,29060.8,217.0
1782464580,29062.0,29063.4,29046.8,29048.9,231.0
1782464640,29048.5,29060.1,29044.3,29047.0,169.0
1782464700,29047.0,29048.6,29038.9,29041.5,201.0
1782464760,29041.6,29049.1,29040.0,29041.5,223.0
1782464820,29041.6,29043.2,29033.1,29040.7,213.0
1782464880,29039.9,29046.4,29021.0,29021.0,205.0
1782464940,29022.4,29029.9,29018.4,29022.4,197.0
1782465000,29021.9,29031.9,29017.2,29025.4,219.0
1782465060,29026.4,29041.7,29024.0,29032.9,237.0
1782465120,29034.6,29050.6,29034.0,29040.0,222.0
1782465180,29040.0,29053.4,29037.7,29041.5,237.0
1782465240,29042.0,29058.1,29039.5,29051.9,230.0
1782465300,29052.4,29069.9,29052.0,29069.9,230.0
1782465360,29069.9,29077.5,29065.4,29075.5,213.0
1782465420,29075.6,29079.4,29067.5,29071.0,227.0
1782465480,29070.7,29071.5,29063.1,29063.2,226.0
1782465540,29063.2,29063.4,29051.0,29052.0,201.0
1782465600,29052.0,29080.9,29050.5,29070.4,222.0
1782465660,29070.4,29089.7,29070.1,29089.7,211.0
1782465720,29090.0,29099.5,29083.2,29083.7,238.0
1782465780,29083.7,29094.9,29077.7,29093.9,214.0
1782465840,29092.5,29097.5,29086.5,29093.0,199.0
1782465900,29093.0,29112.7,29092.7,29101.0,238.0
1782465960,29101.2,29106.5,29092.4,29093.5,216.0
1782466020,29093.6,29106.0,29091.4,29104.4,226.0
1782466080,29104.6,29104.6,29080.5,29091.2,226.0
1782466140,29091.2,29126.0,29091.2,29120.9,211.0
1782466200,29121.0,29124.2,29109.7,29113.0,253.0
1782466260,29112.6,29124.1,29108.0,29122.6,200.0
1782466320,29122.6,29142.0,29115.2,29141.2,229.0
1782466380,29139.5,29144.7,29129.7,29129.9,216.0
1782466440,29127.2,29137.1,29125.9,29136.1,207.0
1782466500,29136.0,29149.0,29134.5,29147.2,192.0
1782466560,29146.6,29154.5,29135.4,29146.9,193.0
1782466620,29146.7,29151.0,29138.6,29141.4,174.0
1782466680,29141.4,29144.9,29138.7,29143.5,199.0
1782466740,29143.4,29150.4,29140.5,29145.2,184.0
1782466800,29144.9,29147.4,29130.9,29131.7,160.0
1782466860,29132.5,29154.7,29132.1,29154.7,160.0
1782466920,29154.6,29165.1,29147.4,29161.1,170.0
1782466980,29161.0,29173.0,29154.2,29173.0,171.0
1782467040,29172.7,29184.9,29160.5,29182.2,180.0
1782467100,29182.2,29187.0,29175.6,29183.9,154.0
1782467160,29183.9,29216.9,29181.4,29212.1,190.0
1782467220,29211.2,29211.5,29194.0,29194.9,164.0
1782467280,29194.9,29200.5,29189.1,29195.4,160.0
1782467340,29196.1,29207.1,29193.2,29202.9,180.0
1782467400,29202.0,29202.4,29190.1,29190.1,158.0
1782467460,29190.1,29193.1,29181.5,29183.7,176.0
1782467520,29183.7,29196.4,29182.5,29184.7,162.0
1782467580,29185.1,29207.7,29178.6,29206.9,171.0
1782467640,29206.9,29250.7,29205.6,29245.9,213.0
1782467700,29245.0,29262.7,29243.1,29251.6,230.0
1782467760,29252.1,29252.9,29234.0,29235.4,167.0
1782467820,29234.9,29241.7,29230.0,29241.7,147.0
1782467880,29241.7,29244.1,29225.5,29234.7,197.0
1782467940,29234.9,29237.7,29220.4,29230.2,176.0
1782468000,29234.2,29243.1,29224.7,29228.1,241.0
1782468060,29226.6,29226.6,29203.4,29207.7,231.0
1782468120,29207.7,29216.4,29197.2,29199.4,213.0
1782468180,29200.2,29210.7,29194.9,29200.2,210.0
1782468240,29200.2,29201.4,29181.6,29182.9,189.0
1782468300,29183.9,29196.1,29171.7,29173.0,219.0
1782468360,29173.1,29181.4,29170.1,29175.9,187.0
1782468420,29175.9,29187.4,29164.4,29187.4,198.0
1782468480,29187.5,29188.2,29173.5,29179.2,152.0
1782468540,29181.5,29181.5,29163.2,29163.2,179.0
1782468600,29163.2,29181.9,29163.1,29181.5,184.0
1782468660,29181.5,29201.1,29173.5,29200.6,217.0
1782468720,29199.7,29208.9,29195.4,29196.7,220.0
1782468780,29196.7,29207.7,29196.6,29204.7,194.0
1782468840,29204.9,29215.9,29202.0,29213.4,195.0
1782468900,29213.7,29219.4,29206.0,29217.1,212.0
1782468960,29216.7,29238.0,29216.7,29235.6,197.0
1782469020,29235.5,29257.6,29230.9,29255.5,199.0
1782469080,29257.2,29257.9,29216.5,29219.9,220.0
1782469140,29219.9,29236.5,29216.7,29233.6,174.0
1782469200,29233.6,29235.6,29214.5,29219.1,164.0
1782469260,29218.7,29236.5,29217.6,29229.0,173.0
1782469320,29229.0,29250.9,29220.1,29249.2,183.0
1782469380,29249.2,29249.2,29232.7,29236.2,168.0
1782469440,29236.2,29255.0,29233.2,29252.1,177.0
1782469500,29253.1,29254.2,29224.7,29231.6,191.0
1782469560,29231.7,29243.6,29228.2,29240.1,185.0
1782469620,29240.0,29250.0,29234.2,29250.0,192.0
1782469680,29249.9,29263.2,29247.6,29249.2,198.0
1782469740,29249.2,29265.9,29245.4,29264.7,196.0
1782469800,29264.7,29280.6,29262.7,29278.4,205.0
1782469860,29279.5,29284.2,29273.5,29275.7,207.0
1782469920,29274.4,29290.4,29273.4,29279.4,182.0
1782469980,29279.2,29280.4,29272.0,29280.4,139.0
1782470040,29280.2,29280.7,29269.5,29270.5,175.0
1782470100,29270.2,29280.7,29252.6,29255.9,187.0
1782470160,29256.0,29268.9,29252.2,29260.5,187.0
1782470220,29260.4,29271.1,29256.4,29271.1,156.0
1782470280,29270.4,29276.0,29263.7,29265.1,165.0
1782470340,29264.9,29276.7,29260.2,29275.2,197.0
1782470400,29275.5,29276.0,29254.7,29254.7,179.0
1782470460,29254.4,29258.6,29240.2,29245.0,171.0
1782470520,29246.1,29251.2,29240.4,29247.2,158.0
1782470580,29247.5,29249.0,29240.7,29244.4,130.0
1782470640,29244.4,29244.9,29234.5,29234.9,171.0
1782470700,29235.9,29236.4,29227.4,29227.5,191.0
1782470760,29227.5,29243.1,29224.5,29241.4,179.0
1782470820,29242.0,29242.5,29229.0,29233.6,154.0
1782470880,29233.5,29245.4,29231.1,29236.4,188.0
1782470940,29236.4,29240.4,29223.4,29239.0,157.0
1782471000,29239.0,29250.0,29235.1,29246.1,167.0
1782471060,29246.1,29259.2,29239.1,29247.7,196.0
1782471120,29246.5,29249.1,29237.0,29244.0,202.0
1782471180,29250.0,29261.7,29247.6,29261.7,123.0
1782471240,29261.7,29270.9,29257.2,29267.1,156.0
1782471300,29267.1,29269.2,29257.2,29258.9,161.0
1782471360,29258.9,29264.1,29255.5,29262.7,145.0
1782471420,29262.2,29262.2,29253.1,29257.5,124.0
1782471480,29257.5,29264.0,29249.5,29260.5,136.0
1782471540,29260.7,29267.1,29254.0,29254.5,112.0
1782471600,29254.4,29284.9,29254.4,29256.9,240.0
1782471660,29255.9,29260.9,29229.5,29232.2,226.0
1782471720,29231.6,29237.4,29222.7,29226.2,220.0
1782471780,29228.5,29237.4,29225.1,29232.1,205.0
1782471840,29232.1,29232.1,29210.6,29211.0,196.0
1782471900,29210.9,29216.9,29203.0,29203.7,208.0
1782471960,29203.7,29206.7,29186.4,29204.1,223.0
1782472020,29203.9,29229.0,29203.0,29225.2,217.0
1782472080,29225.1,29241.0,29216.2,29232.2,222.0
1782472140,29232.2,29234.1,29219.6,29221.4,187.0
1782472200,29220.1,29225.4,29211.5,29216.1,206.0
1782472260,29216.1,29218.1,29207.6,29213.5,214.0
1782472320,29213.9,29227.1,29211.6,29212.7,216.0
1782472380,29212.5,29215.5,29196.0,29200.1,184.0
1782472440,29200.1,29200.1,29191.1,29197.9,158.0
1782472500,29197.9,29207.5,29189.7,29203.6,187.0
1782472560,29203.7,29217.9,29202.5,29217.0,190.0
1782472620,29217.0,29222.1,29209.7,29221.6,201.0
1782472680,29221.6,29225.6,29195.1,29197.1,187.0
1782472740,29197.4,29199.9,29191.4,29196.1,165.0
1782472800,29195.2,29196.1,29186.7,29194.4,165.0
1782472860,29194.4,29207.5,29189.9,29206.5,191.0
1782472920,29206.5,29215.6,29203.4,29214.2,161.0
1782472980,29214.2,29214.2,29205.7,29211.4,159.0
1782473040,29211.9,29225.2,29211.9,29222.2,172.0
1782473100,29221.5,29233.9,29216.1,29219.9,208.0
1782473160,29220.1,29224.2,29214.2,29217.0,195.0
1782473220,29217.0,29229.2,29214.5,29227.4,186.0
1782473280,29227.6,29240.6,29227.6,29231.9,194.0
1782473340,29232.4,29239.4,29227.1,29231.0,210.0
1782473400,29230.4,29231.9,29210.0,29217.1,210.0
1782473460,29217.0,29228.9,29213.6,29219.7,184.0
1782473520,29219.6,29219.6,29204.5,29212.0,168.0
1782473580,29212.5,29212.5,29196.4,29196.7,176.0
1782473640,29197.2,29197.6,29184.7,29192.6,197.0
1782473700,29192.1,29194.4,29182.0,29189.5,188.0
1782473760,29189.5,29197.9,29185.6,29196.5,179.0
1782473820,29196.5,29200.7,29192.4,29195.9,181.0
1782473880,29195.4,29206.9,29192.4,29202.7,200.0
1782473940,29202.5,29208.7,29187.2,29193.1,185.0
1782474000,29193.1,29202.2,29193.1,29197.6,168.0
1782474060,29197.4,29201.6,29195.5,29199.1,170.0
1782474120,29199.2,29210.5,29196.4,29197.7,169.0
1782474180,29197.7,29203.0,29182.4,29182.4,173.0
1782474240,29182.5,29183.6,29172.2,29174.4,169.0
1782474300,29174.5,29176.7,29166.4,29167.4,184.0
1782474360,29167.7,29171.0,29158.9,29170.5,176.0
1782474420,29170.9,29172.7,29151.0,29158.0,176.0
1782474480,29158.0,29165.0,29154.1,29159.1,152.0
1782474540,29159.4,29159.6,29139.4,29140.9,160.0
1782474600,29141.6,29150.4,29138.2,29145.0,164.0
1782474660,29145.0,29145.9,29118.1,29121.4,210.0
1782474720,29121.4,29129.6,29117.9,29120.1,166.0
1782474780,29120.1,29125.1,29118.7,29124.6,188.0
1782474840,29124.6,29129.9,29111.5,29112.9,191.0
1782474900,29113.4,29114.0,29092.0,29098.5,225.0
1782474960,29098.5,29115.2,29097.5,29112.9,214.0
1782475020,29112.9,29123.1,29105.1,29122.7,199.0
1782475080,29120.5,29131.5,29117.7,29125.5,220.0
1782475140,29125.2,29130.5,29116.5,29126.6,202.0
1782475200,29126.7,29131.2,29110.4,29112.2,224.0
1782475260,29112.1,29119.1,29108.7,29108.9,200.0
1782475320,29107.6,29114.6,29099.7,29114.6,187.0
1782475380,29114.9,29122.9,29105.9,29110.5,200.0
1782475440,29110.6,29113.9,29103.9,29108.5,205.0
1782475500,29108.5,29124.6,29108.2,29116.7,186.0
1782475560,29116.7,29128.1,29104.5,29110.1,207.0
1782475620,29110.1,29119.7,29108.0,29116.5,166.0
1782475680,29116.5,29132.7,29116.2,29127.7,205.0
1782475740,29127.7,29128.5,29111.0,29111.0,178.0
1782475800,29110.7,29111.1,29097.4,29103.6,202.0
1782475860,29103.6,29113.0,29102.7,29109.2,170.0
1782475920,29108.5,29109.7,29098.5,29101.6,173.0
1782475980,29100.2,29118.6,29092.5,29110.6,182.0
1782476040,29110.7,29136.1,29110.7,29127.6,182.0
1782476100,29127.0,29139.2,29124.6,29130.1,203.0
1782476160,29129.6,29130.9,29111.5,29115.4,199.0
1782476220,29114.2,29125.6,29113.6,29125.6,181.0
1782476280,29125.5,29135.6,29122.1,29123.0,171.0
1782476340,29123.0,29123.0,29096.5,29112.1,221.0
1782476400,29112.1,29112.9,29080.1,29090.1,197.0
1782476460,29090.1,29100.5,29074.0,29078.0,218.0
1782476520,29078.5,29085.2,29072.2,29084.2,220.0
1782476580,29084.1,29101.5,29084.1,29096.4,182.0
1782476640,29097.2,29097.5,29082.2,29084.9,146.0
1782476700,29083.5,29097.1,29082.9,29093.7,168.0
1782476760,29093.7,29096.5,29080.5,29093.5,150.0
1782476820,29092.1,29105.6,29087.2,29097.0,191.0
1782476880,29096.9,29100.9,29089.5,29100.6,156.0
1782476940,29100.1,29110.7,29096.9,29106.0,158.0
1782477000,29106.0,29106.9,29091.2,29095.0,182.0
1782477060,29095.0,29100.6,29083.9,29085.1,183.0
1782477120,29083.5,29097.0,29082.7,29095.1,167.0
1782477180,29095.4,29102.7,29086.4,29090.4,161.0
1782477240,29090.4,29112.4,29089.4,29109.5,167.0
1782477300,29110.5,29124.5,29110.1,29118.2,191.0
1782477360,29118.1,29118.1,29107.9,29114.5,171.0
1782477420,29114.4,29123.2,29106.1,29123.2,160.0
1782477480,29123.2,29136.0,29118.9,29126.0,178.0
1782477540,29125.9,29134.6,29120.4,29124.7,175.0
1782477600,29124.5,29157.0,29123.7,29156.2,199.0
1782477660,29156.2,29163.1,29156.0,29159.7,166.0
1782477720,29160.0,29171.9,29158.5,29159.0,188.0
1782477780,29159.0,29162.2,29152.7,29159.5,174.0
1782477840,29160.7,29160.7,29149.6,29149.9,166.0
1782477900,29149.6,29160.2,29143.9,29160.1,203.0
1782477960,29160.0,29171.7,29159.6,29163.1,194.0
1782478020,29163.1,29163.9,29156.5,29156.6,176.0
1782478080,29157.1,29168.1,29151.7,29159.1,194.0
1782478140,29160.0,29163.2,29149.5,29156.6,172.0
1782478200,29157.5,29158.9,29148.5,29156.5,168.0
1782478260,29155.9,29160.6,29145.6,29147.1,167.0
1782478320,29147.2,29153.1,29137.1,29140.0,176.0
1782478380,29140.5,29143.5,29135.6,29138.5,166.0
1782478440,29138.5,29138.5,29117.4,29117.5,173.0
1782478500,29117.7,29118.6,29109.7,29110.1,173.0
1782478560,29109.9,29111.5,29103.7,29104.6,160.0
1782478620,29104.7,29104.7,29093.2,29099.2,192.0
1782478680,29099.2,29106.4,29097.9,29105.2,168.0
1782478740,29105.2,29108.4,29095.1,29098.5,171.0
1782478800,29098.4,29103.7,29070.7,29085.4,222.0
1782478860,29085.1,29087.2,29051.0,29052.5,207.0
1782478920,29052.4,29055.4,29046.7,29049.1,215.0
1782478980,29049.1,29064.2,29049.1,29057.4,204.0
1782479040,29057.4,29063.4,29052.5,29061.9,164.0
1782479100,29061.9,29076.5,29057.0,29076.2,176.0
1782479160,29075.2,29094.1,29074.6,29094.0,181.0
1782479220,29094.1,29103.1,29092.0,29100.6,166.0
1782479280,29100.6,29101.1,29086.5,29088.6,162.0
1782479340,29088.6,29105.7,29088.2,29105.7,144.0
1782479400,29105.7,29115.1,29105.7,29108.5,181.0
1782479460,29108.9,29113.5,29097.9,29102.2,143.0
1782479520,29103.0,29106.7,29095.6,29106.1,134.0
1782479580,29106.2,29123.9,29104.4,29118.7,150.0
1782479640,29119.4,29121.9,29110.4,29113.1,150.0
1782479700,29113.1,29127.0,29111.4,29118.7,170.0
1782479760,29119.0,29121.7,29113.2,29114.2,142.0
1782479820,29114.2,29118.9,29112.5,29115.9,129.0
1782479880,29115.9,29118.2,29101.9,29104.1,159.0
1782479940,29106.5,29110.2,29089.6,29089.6,140.0
1782480000,29089.7,29094.4,29082.6,29083.0,189.0
1782480060,29083.0,29086.0,29075.1,29075.1,153.0
1782480120,29074.7,29086.7,29071.7,29085.0,139.0
1782480180,29084.9,29084.9,29074.7,29074.9,149.0
1782480240,29074.9,29083.9,29074.2,29077.2,168.0
1782480300,29077.2,29084.4,29073.5,29082.5,134.0
1782480360,29083.0,29094.2,29080.4,29093.1,156.0
1782480420,29093.7,29099.0,29089.9,29096.4,133.0
1782480480,29096.4,29104.5,29094.9,29097.2,153.0
1782480540,29098.6,29105.1,29094.9,29101.0,147.0
1782480600,29101.0,29102.1,29089.5,29098.1,150.0
1782480660,29097.7,29104.0,29092.4,29102.7,154.0
1782480720,29103.1,29114.9,29103.1,29106.4,158.0
1782480780,29106.4,29114.2,29097.6,29097.7,149.0
1782480840,29097.6,29106.0,29094.9,29102.6,161.0
1782480900,29102.7,29104.1,29092.5,29100.9,174.0
1782480960,29100.6,29103.2,29083.7,29085.5,163.0
1782481020,29085.6,29086.2,29069.9,29076.7,169.0
1782481080,29077.0,29083.5,29074.0,29082.9,159.0
1782481140,29082.7,29087.5,29070.0,29071.6,167.0
1782481200,29071.5,29079.2,29068.6,29079.2,151.0
1782481260,29078.1,29081.4,29072.4,29081.4,128.0
1782481320,29081.2,29086.4,29073.1,29083.5,160.0
1782481380,29084.2,29091.7,29082.0,29085.5,170.0
1782481440,29085.6,29086.6,29073.7,29083.0,185.0
1782481500,29083.0,29092.0,29075.7,29089.4,169.0
1782481560,29089.4,29100.2,29089.2,29090.9,142.0
1782481620,29090.1,29097.7,29086.2,29089.7,166.0
1782481680,29089.7,29095.6,29080.1,29082.4,155.0
1782481740,29082.4,29092.4,29082.0,29091.4,122.0
1782481800,29091.9,29098.2,29090.0,29094.6,130.0
1782481860,29093.7,29096.2,29070.9,29072.2,156.0
1782481920,29072.2,29089.2,29072.0,29088.2,150.0
1782481980,29087.9,29095.5,29081.7,29094.2,179.0
1782482040,29094.2,29100.5,29089.4,29094.2,177.0
1782482100,29094.4,29097.9,29088.1,29093.7,174.0
1782482160,29093.7,29101.6,29088.7,29094.7,185.0
1782482220,29095.5,29095.6,29079.9,29083.4,165.0
1782482280,29084.4,29084.4,29077.2,29081.0,152.0
1782482340,29080.9,29091.0,29077.1,29089.2,171.0
1782482400,29089.2,29101.1,29081.2,29091.4,211.0
1782482460,29092.2,29105.5,29090.6,29097.2,197.0
1782482520,29097.0,29111.9,29096.4,29105.6,199.0
1782482580,29106.1,29131.1,29105.5,29129.4,187.0
1782482640,29129.2,29129.2,29118.0,29118.5,198.0
1782482700,29118.5,29135.0,29117.7,29118.5,202.0
1782482760,29118.4,29120.5,29105.6,29117.0,186.0
1782482820,29117.0,29122.1,29111.9,29121.4,169.0
1782482880,29121.4,29125.6,29114.2,29120.9,159.0
1782482940,29120.9,29126.5,29115.7,29126.2,156.0
1782483000,29125.6,29126.1,29116.6,29119.9,146.0
1782483060,29120.4,29140.1,29120.0,29139.9,202.0
1782483120,29139.7,29152.7,29139.7,29145.6,204.0
1782483180,29146.1,29146.9,29134.9,29136.2,183.0
1782483240,29136.5,29138.7,29124.2,29131.4,151.0
1782483300,29131.2,29131.2,29106.2,29110.6,202.0
1782483360,29110.7,29116.5,29108.9,29110.6,179.0
1782483420,29109.7,29119.7,29105.6,29114.1,198.0
1782483480,29114.1,29119.5,29110.5,29118.9,162.0
1782483540,29119.2,29119.7,29106.9,29108.6,187.0
1782483600,29108.5,29108.5,29093.0,29095.4,196.0
1782483660,29095.4,29100.0,29091.7,29092.0,175.0
1782483720,29092.1,29119.1,29085.4,29114.9,219.0
1782483780,29115.1,29115.6,29098.4,29102.0,176.0
1782483840,29102.2,29104.6,29095.0,29101.4,146.0
1782483900,29101.4,29110.9,29095.2,29110.9,160.0
1782483960,29110.7,29110.7,29098.0,29101.5,170.0
1782484020,29101.2,29108.4,29098.2,29102.5,148.0
1782484080,29102.6,29106.7,29092.9,29093.0,169.0
1782484140,29092.2,29101.2,29090.1,29097.4,188.0
1782484200,29097.5,29106.5,29095.9,29104.2,177.0
1782484260,29104.2,29106.6,29090.4,29101.7,189.0
1782484320,29100.7,29102.2,29088.1,29091.2,173.0
1782484380,29090.4,29105.1,29090.0,29092.7,182.0
1782484440,29092.7,29099.0,29090.5,29095.9,189.0
1782484500,29096.0,29107.5,29089.1,29107.1,183.0
1782484560,29107.4,29117.4,29104.5,29112.1,198.0
1782484620,29112.2,29125.1,29103.6,29112.0,196.0
1782484680,29111.7,29114.5,29101.0,29108.2,168.0
1782484740,29108.4,29110.1,29101.6,29108.0,159.0
1782484800,29107.5,29121.7,29103.6,29118.2,183.0
1782484860,29118.4,29121.7,29111.6,29115.1,159.0
1782484920,29115.2,29125.1,29111.6,29119.7,193.0
1782484980,29119.7,29119.7,29091.5,29094.0,176.0
1782485040,29094.0,29098.2,29090.7,29091.7,172.0
1782485100,29091.7,29097.1,29082.5,29091.0,188.0
1782485160,29092.0,29101.4,29090.0,29096.2,166.0
1782485220,29096.2,29103.6,29095.7,29095.7,167.0
1782485280,29095.5,29106.0,29093.6,29098.9,182.0
1782485340,29099.0,29104.5,29094.4,29096.0,165.0
1782485400,29095.9,29097.4,29085.1,29088.7,181.0
1782485460,29088.7,29089.7,29078.0,29078.0,163.0
1782485520,29077.9,29079.9,29050.7,29051.5,214.0
1782485580,29052.7,29060.4,29037.4,29040.7,218.0
1782485640,29040.7,29042.9,29032.6,29037.0,215.0
1782485700,29037.2,29052.9,29036.7,29050.7,205.0
1782485760,29051.7,29066.2,29051.7,29063.5,195.0
1782485820,29063.7,29066.9,29053.5,29062.9,180.0
1782485880,29063.4,29070.5,29059.0,29069.2,165.0
1782485940,29069.2,29083.1,29065.1,29078.1,168.0
1782486000,29078.1,29084.5,29065.6,29081.5,216.0
1782486060,29082.9,29092.4,29080.7,29091.6,190.0
1782486120,29092.0,29111.5,29091.5,29102.1,202.0
1782486180,29102.7,29110.9,29096.9,29107.7,187.0
1782486240,29110.2,29113.7,29106.0,29108.4,176.0
1782486300,29108.6,29147.9,29107.7,29141.9,242.0
1782486360,29141.7,29141.7,29126.1,29128.1,211.0
1782486420,29128.4,29129.7,29122.1,29125.7,194.0
1782486480,29125.7,29139.7,29123.5,29136.5,209.0
1782486540,29137.1,29145.0,29128.9,29141.0,210.0
1782486600,29141.0,29143.2,29125.0,29130.2,180.0
1782486660,29130.2,29138.0,29125.2,29136.9,187.0
1782486720,29136.2,29149.1,29131.6,29144.2,200.0
1782486780,29143.7,29165.4,29143.2,29159.4,211.0
1782486840,29159.7,29163.5,29146.5,29146.7,179.0
1782486900,29147.0,29171.0,29147.0,29170.6,212.0
1782486960,29170.6,29176.4,29159.7,29165.4,227.0
1782487020,29165.7,29169.6,29158.5,29169.5,212.0
1782487080,29169.5,29171.9,29143.6,29146.1,222.0
1782487140,29147.1,29150.4,29132.2,29138.7,233.0
1782487200,29138.4,29146.4,29134.1,29136.5,221.0
1782487260,29136.0,29136.7,29110.9,29118.2,219.0
1782487320,29117.7,29123.1,29108.7,29121.6,182.0
1782487380,29121.5,29131.4,29116.7,29117.5,181.0
1782487440,29117.6,29120.1,29103.6,29103.7,203.0
1782487500,29103.7,29114.0,29102.5,29105.1,186.0
1782487560,29105.4,29113.6,29102.9,29108.4,207.0
1782487620,29108.1,29116.1,29101.6,29114.7,208.0
1782487680,29114.9,29122.7,29111.5,29120.0,201.0
1782487740,29120.0,29126.6,29118.4,29123.5,193.0
1782487800,29123.0,29129.5,29110.1,29112.0,200.0
1782487860,29111.7,29133.2,29101.2,29131.4,207.0
1782487920,29131.5,29131.6,29113.2,29127.9,186.0
1782487980,29127.6,29128.1,29106.5,29107.0,174.0
1782488040,29107.6,29110.6,29096.2,29099.6,184.0
1782488100,29099.9,29099.9,29085.7,29087.6,198.0
1782488160,29087.1,29100.6,29087.0,29097.1,210.0
1782488220,29097.7,29102.0,29087.1,29102.0,214.0
1782488280,29100.7,29105.0,29085.7,29087.2,221.0
1782488340,29087.1,29088.4,29063.1,29070.2,227.0
1782488400,29070.0,29076.7,29065.2,29074.0,220.0
1782488460,29074.1,29076.1,29061.1,29061.6,233.0
1782488520,29061.6,29068.5,29054.0,29059.9,232.0
1782488580,29059.9,29060.5,29048.7,29052.6,195.0
1782488640,29052.7,29058.1,29048.5,29051.6,208.0
1782488700,29050.9,29054.7,29038.7,29049.1,213.0
1782488760,29048.7,29065.6,29046.4,29063.0,207.0
1782488820,29062.7,29064.0,29054.7,29060.1,185.0
1782488880,29058.2,29062.2,29049.6,29051.5,180.0
1782488940,29051.4,29057.5,29043.7,29054.7,181.0
1782489000,29055.5,29073.7,29045.1,29045.2,217.0
1782489060,29045.2,29052.1,29038.2,29040.0,220.0
1782489120,29040.1,29049.7,29026.5,29047.5,242.0
1782489180,29048.0,29067.0,29047.6,29067.0,235.0
1782489240,29067.1,29071.9,29060.5,29064.0,208.0
1782489300,29064.0,29070.5,29053.1,29055.2,216.0
1782489360,29055.0,29064.4,29052.0,29055.6,204.0
1782489420,29055.4,29063.0,29053.7,29054.7,225.0
1782489480,29055.0,29059.0,29047.6,29048.7,217.0
1782489540,29049.0,29051.7,29040.6,29043.0,199.0
1782489600,29042.9,29050.1,29017.0,29017.6,244.0
1782489660,29017.2,29022.5,29012.2,29021.6,240.0
1782489720,29022.0,29032.0,29019.7,29024.7,213.0
1782489780,29024.5,29031.9,29009.9,29009.9,235.0
1782489840,29010.0,29013.1,29003.2,29013.1,221.0
1782489900,29011.9,29021.0,29006.4,29016.6,229.0
1782489960,29016.7,29019.5,29006.4,29010.4,230.0
1782490020,29010.0,29016.1,28996.1,29000.0,227.0
1782490080,28999.1,29003.4,28993.4,29000.5,205.0
1782490140,29000.6,29001.7,28987.1,28990.4,220.0
1782490200,28990.1,28998.6,28982.4,28985.6,230.0
1782490260,28985.1,28995.1,28976.9,28991.1,246.0
1782490320,28991.1,29009.2,28991.1,29004.9,220.0
1782490380,29005.0,29009.7,28999.6,29006.4,225.0
1782490440,29006.4,29017.4,29005.5,29006.4,232.0
1782490500,29006.7,29012.9,28998.9,29006.0,230.0
1782490560,29005.4,29008.7,28999.4,29000.0,226.0
1782490620,29000.2,29014.1,28997.6,29008.0,230.0
1782490680,29008.9,29011.2,28940.1,28958.4,275.0
1782490740,28959.0,28986.4,28951.6,28986.1,273.0
1782490800,28985.4,29018.7,28977.9,29005.5,275.0
1782490860,29003.5,29032.6,28998.6,29031.9,269.0
1782490920,29031.1,29034.5,29004.4,29005.6,234.0
1782490980,29004.4,29026.7,29004.1,29020.7,231.0
1782491040,29021.1,29029.1,29012.6,29027.1,240.0
1782491100,29024.9,29042.9,29023.0,29038.1,247.0
1782491160,29037.9,29048.5,29032.6,29035.6,218.0
1782491220,29035.6,29064.2,29030.6,29064.2,257.0
1782491280,29070.1,29070.1,29046.6,29047.9,249.0
1782491340,29048.0,29090.1,29047.5,29089.5,261.0
1782491400,29088.9,29088.9,29020.7,29061.7,291.0
1782491460,29060.5,29099.0,29033.2,29083.4,291.0
1782491520,29083.4,29095.6,29012.9,29018.3,270.0
1782491580,29018.6,29023.4,28926.3,28928.4,291.0
1782491640,28931.9,28980.0,28910.9,28958.4,288.0
1782491700,28961.3,29059.9,28957.3,29047.5,293.0
1782491760,29047.4,29075.9,29024.6,29044.1,291.0
1782491820,29044.5,29064.4,28989.5,29015.0,279.0
1782491880,29017.1,29034.9,28995.8,29008.3,290.0
1782491940,29008.3,29013.6,28967.5,28968.3,288.0
1782492000,28968.4,29003.8,28948.6,28962.0,287.0
1782492060,28963.0,28983.4,28950.3,28980.6,291.0
1782492120,28980.3,29023.4,28980.3,28991.9,289.0
1782492180,28989.8,29088.1,28989.5,29055.0,284.0
1782492240,29055.8,29092.0,29034.3,29069.0,287.0
1782492300,29069.6,29069.6,28976.8,28978.8,293.0
1782492360,28981.9,29048.3,28965.8,29034.0,286.0
1782492420,29034.8,29078.3,29034.8,29046.4,291.0
1782492480,29047.0,29073.1,29005.0,29005.4,292.0
1782492540,29007.0,29021.5,28976.8,28994.8,288.0
1782492600,28994.6,29029.6,28993.8,29017.9,287.0
1782492660,29021.0,29074.1,29008.8,29051.9,293.0
1782492720,29050.0,29065.6,28988.4,28992.8,287.0
1782492780,28992.3,29029.6,28992.3,29012.6,290.0
1782492840,29015.9,29055.1,29005.5,29053.8,284.0
1782492900,29054.8,29074.4,29029.9,29051.5,292.0
1782492960,29051.6,29147.3,29040.3,29141.8,292.0
1782493020,29141.9,29179.8,29120.9,29171.9,290.0
1782493080,29168.6,29191.3,29151.3,29184.0,288.0
1782493140,29183.4,29183.9,29139.6,29171.5,285.0
1782493200,29172.5,29246.5,29155.8,29233.6,291.0
1782493260,29237.8,29254.3,29211.6,29231.3,289.0
1782493320,29229.5,29231.8,29188.0,29226.1,288.0
1782493380,29225.0,29243.9,29201.8,29220.4,289.0
1782493440,29220.3,29267.8,29211.9,29262.1,277.0
1782493500,29264.0,29283.9,29238.3,29253.4,282.0
1782493560,29253.6,29302.0,29253.5,29276.4,283.0
1782493620,29275.8,29285.8,29251.5,29283.9,287.0
1782493680,29284.6,29311.4,29276.9,29281.4,283.0
1782493740,29281.1,29312.0,29280.6,29298.0,283.0
1782493800,29297.6,29303.5,29254.6,29263.5,287.0
1782493860,29260.6,29260.6,29234.3,29253.1,288.0
1782493920,29252.1,29303.9,29244.1,29303.9,289.0
1782493980,29302.0,29331.4,29302.0,29320.1,284.0
1782494040,29320.3,29328.0,29288.8,29318.0,281.0
1782494100,29316.9,29323.9,29289.5,29301.4,288.0
1782494160,29303.0,29330.3,29295.8,29300.6,282.0
1782494220,29299.3,29303.1,29253.9,29258.6,284.0
1782494280,29260.3,29285.1,29252.4,29282.8,284.0
1782494340,29278.4,29295.9,29255.5,29255.8,278.0
1782494400,29256.0,29390.9,29249.4,29354.1,288.0
1782494460,29349.3,29367.0,29342.8,29347.6,289.0
1782494520,29345.9,29362.6,29332.4,29343.3,286.0
1782494580,29344.4,29355.9,29324.1,29326.3,282.0
1782494640,29327.1,29341.6,29314.0,29332.1,279.0
1782494700,29332.6,29358.6,29326.1,29351.5,284.0
1782494760,29350.5,29363.4,29302.3,29307.1,285.0
1782494820,29306.0,29342.6,29296.8,29332.9,277.0
1782494880,29332.5,29349.6,29324.5,29331.6,277.0
1782494940,29329.9,29332.0,29308.5,29321.4,273.0
1782495000,29321.4,29344.0,29293.5,29309.3,285.0
1782495060,29308.9,29322.3,29295.9,29304.3,280.0
1782495120,29303.6,29312.8,29260.0,29272.4,286.0
1782495180,29274.1,29306.8,29262.0,29292.4,277.0
1782495240,29294.0,29334.6,29292.6,29312.5,283.0
1782495300,29312.3,29315.4,29274.6,29278.9,279.0
1782495360,29279.8,29285.9,29247.0,29247.0,282.0
1782495420,29248.0,29262.9,29226.5,29235.4,278.0
1782495480,29235.3,29252.6,29231.8,29233.1,274.0
1782495540,29231.4,29236.6,29210.0,29216.1,282.0
1782495600,29217.3,29220.8,29184.3,29190.0,281.0
1782495660,29189.8,29248.1,29186.0,29232.5,278.0
1782495720,29233.4,29282.6,29232.3,29269.3,285.0
1782495780,29266.5,29269.6,29225.0,29237.4,283.0
1782495840,29237.1,29245.1,29211.3,29219.3,273.0
1782495900,29222.3,29243.3,29214.9,29222.0,276.0
1782495960,29221.8,29260.1,29217.8,29242.5,277.0
1782496020,29240.6,29263.1,29229.3,29250.0,279.0
1782496080,29251.0,29284.3,29235.8,29281.6,277.0
1782496140,29281.1,29294.1,29251.9,29258.8,282.0
1782496200,29261.4,29285.3,29252.1,29284.9,280.0
1782496260,29285.0,29306.4,29266.4,29276.0,290.0
1782496320,29275.3,29276.6,29233.5,29242.5,276.0
1782496380,29242.6,29248.3,29220.8,29221.1,276.0
1782496440,29221.5,29247.9,29219.3,29247.9,284.0
1782496500,29247.9,29249.0,29212.5,29214.8,282.0
1782496560,29219.0,29254.3,29195.5,29247.5,288.0
1782496620,29245.9,29270.1,29237.1,29249.6,286.0
1782496680,29248.4,29262.6,29227.8,29233.0,281.0
1782496740,29234.3,29263.4,29221.4,29231.4,275.0
1782496800,29229.6,29263.1,29229.6,29248.3,288.0
1782496860,29246.3,29270.4,29235.3,29252.8,276.0
1782496920,29251.3,29269.6,29241.5,29260.5,280.0
1782496980,29259.5,29279.9,29257.1,29269.6,274.0
1782497040,29269.1,29272.1,29229.8,29238.5,282.0
1782497100,29238.8,29243.8,29211.8,29217.6,281.0
1782497160,29217.1,29220.9,29196.3,29206.0,272.0
1782497220,29206.6,29234.0,29200.3,29232.8,269.0
1782497280,29231.3,29241.4,29208.1,29213.6,274.0
1782497340,29214.0,29263.9,29212.5,29253.5,279.0
1782497400,29253.8,29262.4,29217.4,29223.3,285.0
1782497460,29221.3,29221.9,29191.6,29197.0,278.0
1782497520,29195.6,29200.3,29166.6,29175.9,277.0
1782497580,29175.8,29189.3,29173.6,29175.9,274.0
1782497640,29176.3,29185.6,29167.6,29173.0,275.0
1782497700,29172.3,29172.9,29137.4,29155.3,287.0
1782497760,29154.5,29186.3,29144.1,29186.3,274.0
1782497820,29185.8,29237.3,29175.3,29215.4,283.0
1782497880,29216.4,29231.8,29198.5,29201.3,281.0
1782497940,29202.8,29246.8,29202.0,29231.1,280.0
1782498000,29229.4,29253.0,29210.0,29210.5,278.0
1782498060,29211.4,29231.8,29209.6,29228.5,270.0
1782498120,29229.3,29245.9,29218.9,29241.0,283.0
1782498180,29241.4,29275.6,29240.8,29270.0,279.0
1782498240,29269.9,29287.3,29262.3,29286.0,276.0
1782498300,29285.1,29304.1,29267.4,29299.1,283.0
1782498360,29299.3,29307.3,29289.5,29299.3,273.0
1782498420,29298.6,29300.5,29277.1,29281.5,276.0
1782498480,29283.3,29284.5,29268.5,29283.5,254.0
1782498540,29283.4,29319.8,29282.9,29319.8,282.0
1782498600,29319.6,29386.6,29319.6,29372.4,286.0
1782498660,29369.9,29377.1,29343.1,29361.5,275.0
1782498720,29360.6,29360.6,29326.1,29341.9,279.0
1782498780,29341.6,29351.9,29306.6,29309.0,268.0
1782498840,29309.3,29317.6,29295.6,29309.0,278.0
1782498900,29311.0,29334.0,29310.6,29325.1,276.0
1782498960,29325.1,29359.8,29320.4,29356.8,266.0
1782499020,29357.1,29392.4,29354.3,29376.1,274.0
1782499080,29378.3,29397.6,29368.3,29391.5,279.0
1782499140,29391.3,29401.3,29381.6,29392.1,262.0
1782499200,29393.6,29400.8,29379.3,29381.3,288.0
1782499260,29381.5,29391.8,29372.4,29374.6,266.0
1782499320,29375.1,29423.8,29375.1,29413.0,270.0
1782499380,29411.1,29437.5,29408.0,29429.8,275.0
1782499440,29428.8,29442.9,29419.1,29425.0,269.0
1782499500,29427.4,29432.8,29399.0,29403.4,275.0
1782499560,29403.5,29408.0,29370.0,29372.0,266.0
1782499620,29371.9,29375.4,29359.0,29367.0,275.0
1782499680,29366.6,29375.6,29360.3,29366.4,263.0
1782499740,29364.5,29377.0,29351.5,29351.5,267.0
1782499800,29352.0,29385.0,29351.3,29383.8,275.0
1782499860,29384.3,29391.9,29286.1,29299.6,293.0
1782499920,29299.6,29334.4,29299.6,29316.8,276.0
1782499980,29316.8,29335.1,29306.4,29307.3,277.0
1782500040,29305.8,29307.5,29259.5,29288.1,283.0
1782500100,29286.9,29324.1,29275.9,29320.8,272.0
1782500160,29321.3,29350.8,29321.3,29349.5,273.0
1782500220,29350.1,29376.1,29346.8,29362.9,268.0
1782500280,29362.9,29366.0,29339.3,29344.0,260.0
1782500340,29343.4,29365.9,29335.4,29347.9,272.0
1782500400,29348.9,29353.5,29323.4,29344.8,271.0
1782500460,29345.3,29351.0,29331.8,29338.9,278.0
1782500520,29338.9,29341.5,29310.3,29311.5,266.0
1782500580,29310.3,29337.8,29310.3,29330.5,278.0
1782500640,29329.6,29346.1,29324.6,29336.4,264.0
1782500700,29336.5,29343.5,29313.6,29324.0,278.0
1782500760,29324.4,29334.8,29306.4,29326.6,272.0
1782500820,29326.1,29326.1,29306.9,29307.9,260.0
1782500880,29307.9,29311.4,29285.4,29285.5,268.0
1782500940,29286.1,29291.0,29268.5,29276.8,270.0
1782501000,29275.6,29291.4,29269.5,29281.5,272.0
1782501060,29282.3,29285.5,29263.4,29274.6,277.0
1782501120,29274.6,29279.4,29247.6,29249.0,269.0
1782501180,29248.5,29273.8,29248.3,29267.9,269.0
1782501240,29267.9,29285.9,29267.6,29282.6,271.0
1782501300,29282.6,29291.1,29271.1,29283.6,273.0
1782501360,29284.5,29311.0,29268.5,29307.5,270.0
1782501420,29306.4,29312.4,29284.4,29295.9,277.0
1782501480,29295.1,29298.9,29263.4,29267.1,259.0
1782501540,29268.4,29286.3,29264.4,29285.1,260.0
1782501600,29286.6,29298.6,29239.5,29256.1,270.0
1782501660,29254.6,29262.4,29222.6,29236.5,284.0
1782501720,29238.4,29260.4,29236.9,29244.5,279.0
1782501780,29245.5,29271.3,29235.9,29266.6,271.0
1782501840,29266.8,29287.3,29262.6,29268.0,267.0
1782501900,29268.4,29286.8,29268.4,29272.3,276.0
1782501960,29273.4,29298.0,29264.8,29292.0,273.0
1782502020,29292.5,29302.8,29287.0,29297.0,269.0
1782502080,29296.6,29305.9,29281.0,29295.3,257.0
1782502140,29295.6,29295.6,29273.8,29287.3,261.0
1782502200,29285.5,29333.1,29285.5,29330.8,280.0
1782502260,29328.8,29332.3,29311.3,29320.1,266.0
1782502320,29320.0,29342.1,29311.4,29340.6,267.0
1782502380,29341.4,29352.1,29332.6,29343.4,269.0
1782502440,29342.4,29363.5,29339.1,29361.9,260.0
1782502500,29360.4,29369.9,29344.9,29350.6,274.0
1782502560,29349.1,29354.8,29332.9,29347.4,259.0
1782502620,29346.6,29363.6,29339.5,29348.3,272.0
1782502680,29348.6,29361.0,29344.8,29346.1,260.0
1782502740,29346.1,29348.3,29333.1,29334.9,270.0
1782502800,29336.4,29345.8,29329.6,29339.9,259.0
1782502860,29339.9,29341.4,29324.5,29334.4,250.0
1782502920,29335.3,29356.6,29332.8,29350.5,259.0
1782502980,29350.0,29358.5,29341.0,29343.0,266.0
1782503040,29342.8,29355.1,29323.0,29326.3,277.0
1782503100,29326.5,29347.0,29317.5,29335.3,270.0
1782503160,29335.8,29337.1,29314.3,29317.9,271.0
1782503220,29317.9,29335.3,29316.8,29330.9,256.0
1782503280,29331.8,29339.9,29318.0,29319.1,258.0
1782503340,29319.5,29340.4,29319.3,29338.9,268.0
1782503400,29337.4,29367.8,29333.6,29350.6,267.0
1782503460,29350.6,29368.0,29345.5,29352.4,256.0
1782503520,29352.4,29354.9,29339.6,29345.9,257.0
1782503580,29345.9,29363.4,29343.5,29363.0,251.0
1782503640,29364.3,29372.0,29353.5,29353.9,256.0
1782503700,29352.6,29354.5,29332.1,29336.5,260.0
1782503760,29337.3,29344.4,29330.3,29335.1,261.0
1782503820,29335.9,29342.6,29332.6,29338.0,253.0
1782503880,29337.4,29348.4,29337.4,29342.6,260.0
1782503940,29342.5,29343.6,29329.3,29339.5,263.0
1782504000,29340.4,29354.3,29322.5,29353.4,270.0
1782504060,29353.8,29380.5,29352.4,29373.6,272.0
1782504120,29373.4,29384.4,29371.4,29375.1,265.0
1782504180,29375.4,29385.3,29369.0,29373.0,254.0
1782504240,29373.0,29381.3,29363.5,29371.8,248.0
1782504300,29371.8,29385.6,29367.8,29381.1,256.0
1782504360,29380.5,29385.6,29375.8,29377.0,244.0
1782504420,29377.1,29378.4,29365.1,29373.0,265.0
1782504480,29373.0,29408.5,29372.0,29406.8,262.0
1782504540,29406.5,29420.3,29399.4,29416.5,261.0
1782504600,29416.5,29427.1,29408.0,29408.0,248.0
1782504660,29408.0,29409.3,29388.4,29391.0,253.0
1782504720,29390.8,29400.3,29382.4,29400.3,263.0
1782504780,29400.0,29400.0,29373.6,29375.5,253.0
1782504840,29376.0,29383.0,29375.1,29380.1,245.0
1782504900,29379.3,29383.6,29347.3,29354.0,265.0
1782504960,29353.6,29367.1,29348.6,29350.4,259.0
1782505020,29350.9,29353.9,29329.0,29330.9,257.0
1782505080,29330.9,29341.8,29324.6,29325.4,240.0
1782505140,29325.8,29345.5,29324.6,29332.5,249.0
1782505200,29332.4,29343.0,29324.3,29327.4,258.0
1782505260,29327.6,29333.3,29307.3,29332.9,270.0
1782505320,29333.6,29352.4,29333.6,29340.8,263.0
1782505380,29340.5,29342.4,29311.6,29314.3,252.0
1782505440,29314.5,29328.3,29313.0,29322.1,259.0
1782505500,29322.8,29324.3,29303.5,29312.5,261.0
1782505560,29312.0,29321.3,29307.8,29316.8,255.0
1782505620,29317.3,29361.6,29315.0,29355.8,271.0
1782505680,29355.6,29374.9,29355.6,29369.8,258.0
1782505740,29369.8,29377.9,29361.6,29361.8,242.0
1782505800,29362.0,29403.5,29361.8,29383.6,267.0
1782505860,29385.5,29387.0,29348.1,29349.5,269.0
1782505920,29350.5,29357.1,29343.3,29356.6,260.0
1782505980,29355.6,29369.1,29347.5,29362.5,270.0
1782506040,29362.5,29372.9,29345.4,29348.8,269.0
1782506100,29348.4,29348.8,29317.5,29325.0,275.0
1782506160,29325.6,29337.8,29323.5,29327.1,266.0
1782506220,29327.0,29331.9,29316.1,29324.8,258.0
1782506280,29325.0,29331.8,29310.8,29314.3,265.0
1782506340,29314.8,29325.5,29307.3,29311.1,253.0
1782506400,29311.1,29315.3,29287.3,29301.8,257.0
1782506460,29302.0,29306.3,29290.4,29297.3,252.0
1782506520,29297.9,29325.1,29294.5,29320.5,258.0
1782506580,29320.0,29337.3,29319.8,29324.1,273.0
1782506640,29323.6,29335.9,29319.6,29325.3,257.0
1782506700,29325.4,29331.9,29316.3,29324.0,259.0
1782506760,29323.5,29330.1,29316.5,29322.4,259.0
1782506820,29323.5,29330.3,29317.0,29325.8,252.0
1782506880,29326.0,29340.1,29310.8,29311.1,248.0
1782506940,29310.9,29317.9,29296.9,29299.6,246.0
1782507000,29300.1,29305.1,29294.8,29304.3,256.0
1782507060,29304.5,29309.4,29296.3,29309.1,240.0
1782507120,29307.4,29316.5,29304.4,29311.5,259.0
1782507180,29311.3,29317.6,29299.9,29301.6,252.0
1782507240,29302.8,29322.0,29297.1,29304.0,256.0
1782507300,29303.1,29304.4,29283.4,29284.1,242.0
1782507360,29283.4,29284.4,29263.6,29274.0,263.0
1782507420,29274.0,29279.5,29264.0,29271.3,251.0
1782507480,29271.9,29281.9,29269.5,29279.3,258.0
1782507540,29279.6,29297.4,29271.0,29272.0,252.0
1782507600,29275.3,29286.8,29269.4,29279.3,265.0
1782507660,29279.6,29291.3,29276.1,29282.4,258.0
1782507720,29282.9,29297.8,29273.3,29282.3,271.0
1782507780,29282.8,29287.4,29269.9,29284.4,263.0
1782507840,29285.6,29297.1,29280.5,29288.6,264.0
1782507900,29285.4,29301.8,29283.1,29293.3,268.0
1782507960,29293.0,29309.4,29282.6,29289.4,268.0
1782508020,29288.9,29288.9,29264.6,29265.8,265.0
1782508080,29266.6,29278.0,29264.4,29274.8,268.0
1782508140,29274.8,29288.3,29273.3,29274.9,271.0
1782508200,29274.3,29282.3,29259.9,29260.5,259.0
1782508260,29260.8,29278.5,29256.6,29277.5,269.0
1782508320,29277.5,29281.5,29262.9,29263.5,246.0
1782508380,29263.1,29267.4,29256.5,29258.3,245.0
1782508440,29257.9,29269.3,29253.1,29267.1,245.0
1782508500,29267.3,29277.8,29254.5,29261.1,264.0
1782508560,29261.1,29264.4,29239.5,29244.8,259.0
1782508620,29244.0,29249.8,29238.9,29244.3,253.0
1782508680,29245.1,29252.5,29228.5,29228.5,246.0
1782508740,29229.5,29230.4,29217.3,29228.8,263.0
1782508800,29228.1,29242.9,29217.1,29231.3,264.0
1782508860,29231.3,29242.1,29227.0,29236.9,251.0
1782508920,29237.0,29249.0,29235.0,29245.5,267.0
1782508980,29245.5,29247.4,29223.5,29235.8,251.0
1782509040,29234.8,29236.8,29220.0,29232.3,258.0
1782509100,29231.0,29245.3,29226.1,29229.9,271.0
1782509160,29230.1,29241.8,29221.1,29221.9,258.0
1782509220,29222.4,29224.1,29202.8,29206.9,261.0
1782509280,29207.3,29209.0,29185.0,29190.8,260.0
1782509340,29189.6,29205.8,29189.4,29189.9,271.0
1782509400,29192.6,29204.5,29182.8,29186.0,267.0
1782509460,29186.3,29196.3,29183.0,29188.8,269.0
1782509520,29189.5,29212.4,29189.5,29210.8,262.0
1782509580,29210.8,29239.6,29208.8,29237.4,267.0
1782509640,29236.6,29236.6,29217.0,29228.0,260.0
1782509700,29228.8,29230.5,29207.6,29208.5,249.0
1782509760,29209.9,29212.4,29193.8,29206.5,260.0
1782509820,29207.5,29210.4,29189.3,29199.9,254.0
1782509880,29200.5,29209.8,29196.6,29203.1,252.0
1782509940,29203.3,29209.3,29199.1,29202.0,238.0
1782510000,29202.0,29215.1,29189.3,29197.5,244.0
1782510060,29197.8,29210.4,29191.0,29196.8,251.0
1782510120,29196.5,29205.1,29193.5,29194.5,237.0
1782510180,29195.5,29207.1,29190.9,29206.0,241.0
1782510240,29206.1,29220.9,29201.8,29202.9,240.0
1782510300,29202.8,29202.8,29175.1,29192.3,269.0
1782510360,29192.0,29192.8,29176.0,29178.8,272.0
1782510420,29179.5,29186.6,29164.3,29170.5,263.0
1782510480,29169.5,29173.3,29156.8,29160.8,273.0
1782510540,29160.5,29178.5,29159.5,29170.1,265.0
1782510600,29170.4,29170.5,29146.6,29153.3,265.0
1782510660,29153.3,29163.4,29149.8,29153.6,257.0
1782510720,29152.9,29168.3,29147.3,29158.0,257.0
1782510780,29159.6,29162.1,29145.6,29156.8,259.0
1782510840,29157.0,29170.4,29152.0,29158.6,253.0
1782510900,29158.9,29182.3,29156.8,29179.5,264.0
1782510960,29179.8,29179.8,29157.8,29159.8,254.0
1782511020,29159.8,29170.0,29116.9,29133.6,268.0
1782511080,29133.4,29146.9,29133.4,29135.6,264.0
1782511140,29135.5,29151.3,29132.5,29143.4,260.0
1782511200,29145.3,29168.5,29136.5,29149.1,265.0
1782511260,29149.1,29164.5,29145.3,29158.3,266.0
1782511320,29157.5,29168.9,29152.3,29160.6,274.0
1782511380,29159.6,29161.9,29139.5,29140.5,254.0
1782511440,29141.5,29144.8,29131.1,29132.3,251.0
1782511500,29132.9,29138.9,29123.9,29131.4,262.0
1782511560,29130.5,29159.8,29124.6,29159.8,271.0
1782511620,29159.8,29169.9,29148.1,29160.6,257.0
1782511680,29160.6,29204.4,29160.5,29196.1,277.0
1782511740,29195.8,29213.4,29194.0,29204.5,271.0
1782511800,29205.0,29220.0,29192.4,29208.3,264.0
1782511860,29209.0,29216.3,29188.1,29204.3,256.0
1782511920,29203.9,29209.5,29188.6,29205.5,267.0
1782511980,29205.6,29213.6,29199.4,29207.6,262.0
1782512040,29208.1,29232.3,29206.1,29229.0,260.0
1782512100,29229.3,29231.0,29210.4,29223.3,264.0
1782512160,29223.4,29224.0,29199.8,29219.4,268.0
1782512220,29218.0,29218.4,29205.3,29209.9,252.0
1782512280,29208.9,29227.8,29208.9,29224.0,272.0
1782512340,29224.1,29230.5,29211.5,29215.4,254.0
1782512400,29215.1,29216.4,29201.1,29210.4,271.0
1782512460,29216.1,29231.0,29200.4,29201.0,257.0
1782512520,29200.6,29204.3,29171.8,29178.3,267.0
1782512580,29177.9,29182.8,29151.9,29159.5,276.0
1782512640,29159.6,29174.0,29153.4,29172.5,274.0
1782512700,29172.6,29188.6,29168.9,29174.5,266.0
1782512760,29174.9,29177.1,29165.6,29173.6,261.0
1782512820,29173.4,29188.6,29167.1,29181.9,266.0
1782512880,29182.9,29188.6,29170.1,29170.1,269.0
1782512940,29169.9,29184.9,29166.9,29179.4,267.0
1782513000,29180.9,29185.3,29157.5,29180.1,269.0
1782513060,29180.9,29194.8,29168.6,29168.6,273.0
1782513120,29168.9,29191.0,29167.6,29180.9,261.0
1782513180,29182.6,29220.3,29179.4,29214.1,253.0
1782513240,29213.3,29225.8,29210.0,29216.3,257.0
1782513300,29215.9,29226.5,29204.8,29214.5,269.0
1782513360,29214.5,29237.0,29207.8,29220.4,271.0
1782513420,29220.9,29226.5,29199.4,29219.9,268.0
1782513480,29218.6,29220.6,29206.8,29209.3,259.0
1782513540,29210.3,29212.3,29193.3,29194.0,258.0
1782513600,29194.3,29215.9,29193.3,29203.3,262.0
1782513660,29203.8,29209.5,29195.6,29201.9,271.0
1782513720,29201.6,29248.8,29198.1,29248.8,265.0
1782513780,29247.0,29258.3,29238.8,29257.8,265.0
1782513840,29257.0,29271.4,29255.1,29265.0,263.0
1782513900,29265.3,29276.0,29253.5,29274.5,266.0
1782513960,29273.4,29296.8,29262.3,29281.4,265.0
1782514020,29281.8,29293.1,29264.1,29264.9,274.0
1782514080,29265.3,29269.9,29253.4,29254.5,262.0
1782514140,29257.3,29257.4,29237.8,29245.4,272.0
1782514200,29248.4,29250.5,29149.8,29166.3,272.0
1782514260,29166.5,29186.3,29155.8,29167.9,282.0
1782514320,29165.0,29171.4,29149.8,29158.4,284.0
1782514380,29158.6,29188.6,29158.6,29173.3,278.0
1782514440,29175.5,29185.8,29158.3,29182.0,278.0
1782514500,29180.5,29195.0,29155.1,29164.0,281.0
1782514560,29164.3,29169.4,29153.6,29168.3,274.0
1782514620,29169.5,29184.3,29164.6,29178.4,283.0
1782514680,29177.9,29189.1,29173.8,29185.6,265.0
1782514740,29185.1,29185.1,29012.9,29030.4,293.0
1782514800,29043.5,29132.3,29043.5,29117.8,292.0
1782514860,29121.0,29125.3,29030.1,29043.5,285.0
1782514920,29041.9,29053.6,28999.3,29027.8,285.0
1782514980,29028.9,29060.5,29028.9,29052.3,285.0
1782515040,29053.0,29057.5,29024.3,29027.6,272.0
1782515100,29030.5,29045.6,29019.8,29027.6,275.0
1782515160,29029.4,29039.3,29006.8,29022.1,260.0
1782515220,29020.5,29033.9,29005.5,29028.8,256.0
1782515280,29029.4,29055.9,29029.4,29046.8,253.0
1782515340,29046.9,29046.9,29021.6,29032.1,261.0
1782515400,29032.3,29042.1,29029.1,29029.1,246.0
1782515460,29029.6,29046.0,29027.4,29040.0,237.0
1782515520,29040.0,29050.4,29039.1,29049.0,247.0
1782515580,29048.6,29073.6,29046.5,29064.1,254.0
1782515640,29063.8,29083.4,29062.4,29078.8,246.0
1782515700,29083.3,29103.9,29078.5,29089.8,247.0
1782515760,29089.3,29093.4,29078.6,29081.1,234.0
1782515820,29082.0,29092.9,29067.1,29074.9,223.0
1782515880,29075.6,29089.0,29070.3,29088.9,225.0
1782515940,29089.0,29095.3,29081.9,29082.8,216.0
1782516000,29082.8,29095.0,29076.6,29086.6,207.0
1782516060,29086.9,29088.6,29073.5,29076.4,222.0
1782516120,29076.4,29090.8,29075.3,29086.9,207.0
1782516180,29086.3,29093.3,29084.6,29093.3,199.0
1782516240,29092.9,29106.3,29092.6,29099.4,211.0
1782516300,29099.1,29110.9,29095.5,29097.3,220.0
1782516360,29096.8,29097.4,29085.5,29088.8,218.0
1782516420,29087.1,29091.1,29081.8,29084.8,208.0
1782516480,29084.6,29091.5,29078.0,29085.1,218.0
1782516540,29084.9,29089.8,29068.9,29070.0,186.0
1782516600,29068.6,29075.4,29040.3,29040.8,230.0
1782516660,29041.4,29041.4,29002.0,29007.0,269.0
1782516720,29006.8,29025.9,29004.4,29012.5,241.0
1782516780,29012.9,29023.1,29009.1,29018.1,226.0
1782516840,29017.8,29047.1,29016.4,29037.8,223.0
1782516900,29037.8,29040.1,29026.3,29040.0,216.0
1782516960,29040.1,29052.3,29005.1,29012.8,242.0
1782517020,29012.4,29026.0,29001.8,29017.4,249.0
1782517080,29018.1,29022.9,29012.5,29020.9,192.0
1782517140,29020.9,29035.0,29010.6,29017.8,188.0
1782517200,29017.6,29017.6,29001.4,29003.1,215.0
1782517260,29002.4,29018.5,28997.4,28997.4,190.0
1782517320,28997.4,28999.4,28984.9,28995.0,215.0
1782517380,28995.4,29003.0,28993.3,28999.5,210.0
1782517440,28999.5,29010.4,28996.4,28999.0,213.0
1782517500,28998.8,28998.8,28982.9,28985.3,216.0
1782517560,28985.9,29001.9,28983.8,28995.5,193.0
1782517620,28995.5,29005.3,28988.0,28999.6,184.0
1782517680,28999.9,29007.4,28992.3,28992.3,189.0
1782517740,28994.3,29004.3,28992.3,29004.3,202.0
1782517800,29004.4,29013.5,29004.4,29013.0,188.0
1782517860,29013.0,29017.4,29010.6,29015.8,193.0
1782517920,29015.9,29027.5,29007.6,29023.4,190.0
1782517980,29023.4,29030.1,29009.3,29010.1,201.0
1782518040,29010.9,29021.8,29009.6,29020.6,196.0
1782518100,28993.7,29004.1,28993.2,28997.0,206.0
1782518160,28996.9,29006.6,28994.7,29005.7,165.0
1782518220,29006.1,29007.1,28990.9,28993.0,196.0
1782518280,28992.9,28998.9,28974.9,28995.1,173.0
1782518340,28995.2,28997.2,28979.2,28984.9,105.0
1782694800,29058.4,29079.6,29026.8,29073.3,206.0
1782694860,29073.4,29132.6,29062.5,29132.6,248.0
1782694920,29132.1,29205.5,29125.5,29186.9,260.0
1782694980,29191.0,29234.3,29191.0,29213.1,247.0
1782695040,29213.3,29252.8,29213.3,29232.1,228.0
1782695100,29235.6,29240.6,29221.8,29235.6,202.0
1782695160,29236.6,29250.9,29226.0,29241.3,187.0
1782695220,29242.3,29274.9,29235.6,29264.8,189.0
1782695280,29265.8,29266.9,29238.1,29245.4,210.0
1782695340,29245.4,29246.8,29235.3,29241.9,183.0
1782695400,29241.6,29248.3,29230.6,29240.6,155.0
1782695460,29240.8,29244.1,29226.5,29232.4,195.0
1782695520,29232.4,29264.3,29229.6,29257.3,196.0
1782695580,29257.1,29266.8,29254.0,29262.0,181.0
1782695640,29262.5,29290.3,29262.5,29282.6,186.0
1782695700,29282.6,29287.4,29273.9,29275.9,177.0
1782695760,29275.9,29275.9,29266.5,29269.8,171.0
1782695820,29269.6,29297.1,29267.9,29295.0,140.0
1782695880,29288.1,29291.0,29266.6,29270.8,199.0
1782695940,29271.9,29273.0,29260.0,29262.3,168.0
1782696000,29261.9,29265.9,29237.9,29242.1,211.0
1782696060,29244.4,29257.3,29243.0,29253.1,162.0
1782696120,29253.1,29277.5,29253.0,29277.4,179.0
1782696180,29279.4,29317.0,29274.5,29285.1,249.0
1782696240,29285.8,29294.8,29276.1,29278.9,188.0
1782696300,29279.0,29314.9,29266.9,29300.9,176.0
1782696360,29300.9,29318.3,29300.9,29305.1,169.0
1782696420,29305.1,29316.9,29300.3,29307.8,156.0
1782696480,29307.9,29327.5,29296.0,29296.0,184.0
1782696540,29297.4,29304.3,29292.3,29297.8,167.0
1782696600,29297.3,29325.5,29297.3,29312.8,183.0
1782696660,29313.8,29323.1,29304.1,29321.5,172.0
1782696720,29320.3,29334.1,29319.8,29323.0,196.0
1782696780,29322.9,29327.0,29312.5,29312.5,167.0
1782696840,29312.5,29315.9,29301.9,29307.8,168.0
1782696900,29307.6,29307.8,29300.0,29303.1,127.0
1782696960,29303.1,29326.6,29303.1,29321.1,161.0
1782697020,29321.4,29322.9,29302.8,29305.5,152.0
1782697080,29305.5,29308.5,29300.6,29304.0,148.0
1782697140,29304.4,29309.3,29301.5,29305.3,139.0
1782697200,29305.6,29327.4,29300.4,29327.4,160.0
1782697260,29327.6,29328.0,29314.8,29317.8,143.0
1782697320,29317.6,29328.5,29316.3,29323.5,133.0
1782697380,29323.4,29330.3,29312.1,29317.1,113.0
1782697440,29317.0,29324.3,29311.8,29322.0,118.0
1782697500,29321.6,29332.3,29318.6,29322.3,168.0
1782697560,29321.3,29327.0,29317.8,29319.9,135.0
1782697620,29319.9,29320.8,29314.5,29318.0,90.0
1782697680,29317.9,29332.6,29317.9,29329.1,129.0
1782697740,29329.5,29329.6,29314.6,29326.8,157.0
1782697800,29326.6,29327.6,29314.3,29315.5,134.0
1782697860,29315.5,29315.9,29310.8,29311.4,145.0
1782697920,29311.4,29312.1,29304.5,29308.3,126.0
1782697980,29308.3,29314.5,29306.3,29313.9,99.0
1782698040,29313.9,29313.9,29300.9,29304.3,122.0
1782698100,29305.1,29315.3,29304.9,29311.8,126.0
1782698160,29311.8,29315.0,29308.0,29309.8,124.0
1782698220,29309.3,29311.8,29303.8,29305.6,107.0
1782698280,29305.6,29305.6,29296.5,29300.9,122.0
1782698340,29300.3,29305.3,29296.0,29297.8,134.0
1782698400,29297.6,29317.6,29289.4,29316.8,172.0
1782698460,29316.8,29331.8,29315.4,29326.8,175.0
1782698520,29325.9,29333.6,29322.6,29324.5,171.0
1782698580,29325.1,29345.5,29317.0,29345.5,164.0
1782698640,29345.6,29346.5,29333.8,29338.0,192.0
1782698700,29338.0,29343.0,29329.4,29334.8,162.0
1782698760,29334.8,29345.5,29331.5,29345.5,126.0
1782698820,29345.6,29372.0,29344.1,29360.6,215.0
1782698880,29360.3,29378.0,29358.1,29368.5,181.0
1782698940,29366.6,29387.9,29366.6,29383.8,201.0
1782699000,29383.9,29390.6,29369.3,29370.5,193.0
1782699060,29371.5,29379.5,29367.0,29371.0,150.0
1782699120,29371.0,29393.0,29371.0,29389.1,178.0
1782699180,29388.8,29394.5,29375.1,29375.5,173.0
1782699240,29375.6,29383.1,29369.1,29378.9,146.0
1782699300,29378.6,29384.0,29366.1,29367.6,138.0
1782699360,29367.6,29372.0,29365.9,29370.8,92.0
1782699420,29370.9,29380.4,29366.3,29380.4,145.0
1782699480,29380.4,29400.8,29380.1,29394.9,178.0
1782699540,29396.3,29396.3,29385.0,29387.3,130.0
1782699600,29387.3,29402.1,29387.0,29390.5,156.0
1782699660,29391.3,29400.0,29386.3,29387.8,157.0
1782699720,29387.0,29394.6,29386.4,29393.9,124.0
1782699780,29393.9,29405.3,29393.3,29393.6,141.0
1782699840,29393.6,29393.6,29384.5,29387.3,116.0
1782699900,29387.5,29394.9,29383.8,29394.9,132.0
1782699960,29394.9,29395.0,29386.9,29392.0,123.0
1782700020,29392.1,29394.8,29385.6,29385.6,122.0
1782700080,29385.6,29387.4,29383.6,29386.8,81.0
1782700140,29386.8,29395.9,29386.0,29387.9,102.0
1782700200,29388.8,29405.8,29387.0,29397.4,171.0
1782700260,29397.5,29401.8,29394.5,29399.6,144.0
1782700320,29399.5,29402.8,29395.6,29402.4,116.0
1782700380,29402.3,29405.8,29397.1,29402.6,133.0
1782700440,29402.6,29402.8,29395.5,29401.4,92.0
1782700500,29403.0,29409.8,29399.6,29402.8,135.0
1782700560,29404.1,29404.4,29398.4,29402.8,143.0
1782700620,29402.8,29403.8,29398.4,29400.9,125.0
1782700680,29400.9,29415.5,29400.9,29415.5,146.0
1782700740,29415.9,29418.0,29410.1,29411.9,110.0
1782700800,29411.3,29412.0,29402.4,29407.3,150.0
1782700860,29407.3,29410.5,29403.9,29407.0,129.0
1782700920,29407.1,29409.6,29399.3,29399.8,127.0
1782700980,29399.8,29407.8,29397.8,29401.3,128.0
1782701040,29401.4,29407.8,29398.0,29407.3,129.0
1782701100,29407.3,29411.3,29392.1,29392.5,219.0
1782701160,29392.4,29421.9,29389.5,29421.1,215.0
1782701220,29421.0,29421.1,29396.1,29397.1,215.0
1782701280,29397.8,29404.0,29392.9,29403.6,171.0
1782701340,29403.3,29407.9,29397.5,29398.4,177.0
1782701400,29398.0,29399.8,29388.9,29390.3,200.0
1782701460,29390.0,29397.5,29386.4,29391.6,193.0
1782701520,29391.6,29397.0,29389.9,29390.9,143.0
1782701580,29390.5,29396.9,29385.8,29391.6,164.0
1782701640,29392.0,29395.4,29371.3,29374.8,195.0
1782701700,29376.3,29376.3,29367.9,29367.9,177.0
1782701760,29369.4,29373.1,29364.1,29373.0,171.0
1782701820,29374.4,29382.1,29365.4,29365.8,166.0
1782701880,29365.9,29369.3,29358.3,29362.3,171.0
1782701940,29363.8,29365.9,29353.3,29358.4,211.0
1782702000,29358.4,29360.6,29300.1,29315.0,278.0
1782702060,29315.3,29320.8,29257.6,29261.3,276.0
1782702120,29262.9,29282.4,29237.5,29257.4,267.0
1782702180,29256.6,29276.6,29246.5,29276.6,255.0
1782702240,29276.6,29284.5,29258.5,29267.3,275.0
1782702300,29267.9,29269.8,29234.0,29249.5,260.0
1782702360,29249.0,29277.6,29243.1,29271.6,267.0
1782702420,29270.4,29284.4,29259.5,29264.6,252.0
1782702480,29263.5,29271.8,29256.0,29258.0,261.0
1782702540,29258.4,29270.5,29253.0,29262.6,237.0
1782702600,29263.3,29279.3,29258.3,29267.6,253.0
1782702660,29267.4,29298.6,29267.4,29297.5,260.0
1782702720,29297.6,29297.6,29274.6,29292.5,262.0
1782702780,29291.6,29298.4,29269.1,29272.6,250.0
1782702840,29274.1,29274.5,29253.3,29253.9,255.0
1782702900,29253.5,29269.0,29230.0,29240.0,269.0
1782702960,29241.1,29249.1,29198.6,29206.8,275.0
1782703020,29206.8,29240.4,29206.8,29240.4,266.0
1782703080,29240.5,29255.3,29231.5,29253.3,270.0
1782703140,29253.1,29255.8,29222.1,29229.5,264.0
1782703200,29229.6,29230.9,29197.8,29201.4,252.0
1782703260,29197.8,29197.8,29168.5,29170.4,254.0
1782703320,29170.6,29176.9,29149.1,29149.6,263.0
1782703380,29150.8,29160.8,29135.9,29145.9,264.0
1782703440,29146.8,29158.8,29136.0,29148.3,263.0
1782703500,29148.3,29169.8,29137.5,29150.5,257.0
1782703560,29150.0,29151.4,29133.6,29147.3,250.0
1782703620,29146.3,29153.6,29131.3,29138.9,258.0
1782703680,29137.0,29141.5,29117.1,29119.0,246.0
1782703740,29119.5,29134.5,29114.3,29119.0,255.0
1782703800,29117.6,29128.1,29112.6,29121.1,266.0
1782703860,29120.1,29136.0,29111.8,29114.6,248.0
1782703920,29113.9,29121.5,29102.6,29119.3,265.0
1782703980,29119.1,29137.0,29116.4,29119.3,269.0
1782704040,29120.3,29140.0,29110.3,29132.9,258.0
1782704100,29132.5,29136.5,29116.9,29121.5,268.0
1782704160,29121.4,29145.1,29120.5,29127.3,264.0
1782704220,29126.8,29138.9,29112.3,29130.3,264.0
1782704280,29129.3,29145.0,29120.4,29134.9,253.0
1782704340,29134.1,29146.4,29124.5,29126.9,254.0
1782704400,29126.9,29163.0,29123.1,29160.6,247.0
1782704460,29161.3,29173.3,29159.9,29172.0,248.0
1782704520,29171.5,29193.9,29170.9,29188.8,242.0
1782704580,29188.9,29198.9,29183.5,29184.5,258.0
1782704640,29184.5,29199.4,29184.1,29196.1,239.0
1782704700,29196.1,29196.1,29170.6,29175.5,261.0
1782704760,29175.9,29178.9,29151.9,29155.1,262.0
1782704820,29155.1,29155.1,29117.4,29123.8,260.0
1782704880,29125.0,29145.1,29120.1,29144.1,249.0
1782704940,29144.3,29154.6,29134.4,29152.9,257.0
1782705000,29153.9,29180.0,29151.6,29157.0,251.0
1782705060,29157.0,29183.6,29153.5,29173.4,261.0
1782705120,29173.4,29182.9,29166.6,29181.6,256.0
1782705180,29181.8,29189.8,29176.9,29188.0,254.0
1782705240,29189.0,29194.6,29181.9,29194.3,240.0
1782705300,29194.5,29222.4,29193.4,29217.5,253.0
1782705360,29218.5,29235.6,29217.9,29230.9,245.0
1782705420,29230.4,29234.8,29221.5,29222.9,232.0
1782705480,29223.0,29242.1,29219.4,29238.5,240.0
1782705540,29237.9,29243.5,29231.5,29231.5,260.0
1782705600,29233.6,29249.0,29229.6,29229.8,253.0
1782705660,29229.6,29239.1,29223.9,29234.3,277.0
1782705720,29233.9,29233.9,29191.1,29205.6,267.0
1782705780,29205.6,29207.8,29192.5,29205.0,251.0
1782705840,29205.9,29217.0,29201.9,29207.8,243.0
1782705900,29208.6,29235.9,29207.8,29230.3,258.0
1782705960,29230.8,29260.8,29230.6,29254.4,241.0
1782706020,29254.1,29260.6,29241.0,29241.0,247.0
1782706080,29241.4,29247.8,29231.0,29232.5,254.0
1782706140,29230.6,29244.6,29226.3,29231.1,253.0
1782706200,29231.5,29248.6,29228.6,29247.0,252.0
1782706260,29246.5,29249.5,29238.6,29241.6,256.0
1782706320,29242.1,29245.3,29228.9,29233.3,249.0
1782706380,29233.0,29234.3,29217.4,29227.4,257.0
1782706440,29227.4,29241.8,29224.8,29237.9,261.0
1782706500,29237.4,29241.8,29225.9,29238.1,246.0
1782706560,29237.9,29244.5,29217.0,29217.4,243.0
1782706620,29217.3,29219.6,29187.0,29187.4,261.0
1782706680,29186.6,29198.0,29177.6,29183.5,255.0
1782706740,29183.9,29198.9,29172.5,29198.4,259.0
1782706800,29198.0,29212.3,29182.9,29209.9,262.0
1782706860,29210.3,29231.1,29197.9,29199.6,268.0
1782706920,29200.8,29217.6,29198.1,29216.3,256.0
1782706980,29216.1,29219.0,29208.1,29215.3,241.0
1782707040,29215.0,29220.8,29205.8,29210.8,262.0
1782707100,29210.6,29231.9,29209.4,29213.8,261.0
1782707160,29213.8,29228.8,29206.8,29224.0,233.0
1782707220,29224.5,29231.0,29196.1,29196.5,238.0
1782707280,29195.8,29210.0,29195.8,29202.4,225.0
1782707340,29202.3,29202.3,29173.3,29179.5,253.0
1782707400,29180.3,29191.3,29160.5,29186.4,263.0
1782707460,29186.0,29197.1,29181.5,29183.4,260.0
1782707520,29183.6,29213.6,29183.6,29211.3,262.0
1782707580,29210.3,29211.4,29189.6,29198.4,247.0
1782707640,29198.5,29200.8,29189.8,29191.8,249.0
1782707700,29192.9,29232.3,29187.5,29232.3,252.0
1782707760,29232.3,29244.6,29222.4,29241.8,273.0
1782707820,29241.9,29258.5,29229.3,29235.3,265.0
1782707880,29235.8,29247.8,29223.4,29247.3,262.0
1782707940,29247.0,29261.6,29232.4,29247.5,258.0
1782708000,29247.5,29264.1,29246.4,29260.3,254.0
1782708060,29261.1,29286.8,29257.6,29285.0,233.0
1782708120,29285.1,29296.5,29278.8,29286.4,246.0
1782708180,29287.3,29292.8,29279.4,29281.8,262.0
1782708240,29282.8,29289.0,29274.4,29285.9,243.0
1782708300,29284.4,29292.1,29253.3,29261.1,257.0
1782708360,29261.0,29272.1,29257.9,29258.4,268.0
1782708420,29258.1,29266.9,29251.3,29254.5,264.0
1782708480,29253.4,29261.9,29248.3,29260.8,246.0
1782708540,29261.9,29267.8,29248.5,29267.0,261.0
1782708600,29267.8,29277.5,29258.6,29264.8,258.0
1782708660,29263.5,29269.6,29249.4,29258.8,246.0
1782708720,29259.8,29271.1,29251.5,29264.5,248.0
1782708780,29264.8,29271.6,29251.5,29253.1,253.0
1782708840,29252.8,29263.4,29252.8,29262.1,244.0
1782708900,29262.1,29263.3,29252.1,29258.0,245.0
1782708960,29257.8,29279.0,29256.8,29267.5,241.0
1782709020,29266.8,29268.5,29249.6,29260.0,242.0
1782709080,29259.4,29279.6,29257.9,29275.0,232.0
1782709140,29274.6,29274.6,29251.8,29256.1,237.0
1782709200,29255.6,29258.0,29236.6,29238.5,254.0
1782709260,29238.5,29250.8,29234.0,29250.8,244.0
1782709320,29251.4,29263.8,29246.8,29257.8,255.0
1782709380,29257.9,29262.3,29229.1,29229.1,257.0
1782709440,29229.3,29230.0,29216.6,29220.9,236.0
1782709500,29220.6,29230.4,29215.9,29225.8,247.0
1782709560,29226.1,29227.3,29201.5,29204.4,243.0
1782709620,29204.4,29215.1,29200.3,29206.4,237.0
1782709680,29207.0,29208.1,29193.0,29193.3,236.0
1782709740,29193.8,29199.6,29188.5,29195.5,252.0
1782709800,29195.4,29205.9,29188.1,29194.8,255.0
1782709860,29194.5,29200.1,29188.6,29193.9,245.0
1782709920,29194.4,29196.8,29178.4,29182.1,236.0
1782709980,29182.6,29182.6,29151.3,29154.6,245.0
1782710040,29154.9,29167.3,29133.3,29137.0,235.0
1782710100,29136.4,29151.3,29128.8,29150.8,240.0
1782710160,29150.4,29162.3,29144.8,29158.5,257.0
1782710220,29159.0,29166.0,29154.3,29162.3,262.0
1782710280,29162.3,29177.9,29160.8,29173.8,236.0
1782710340,29173.3,29180.4,29168.3,29173.9,248.0
1782710400,29174.0,29192.0,29174.0,29190.1,246.0
1782710460,29190.1,29205.8,29186.6,29200.1,250.0
1782710520,29199.9,29215.1,29193.8,29215.1,246.0
1782710580,29215.3,29229.6,29212.4,29221.3,233.0
1782710640,29221.6,29226.0,29218.0,29221.5,216.0
1782710700,29221.4,29227.0,29215.0,29225.6,225.0
1782710760,29225.8,29235.4,29223.4,29227.6,232.0
1782710820,29228.5,29259.9,29227.0,29256.4,221.0
1782710880,29256.8,29267.6,29251.6,29262.9,219.0
1782710940,29264.4,29270.3,29255.0,29263.6,224.0
1782711000,29263.1,29267.8,29256.8,29267.8,237.0
1782711060,29266.9,29266.9,29250.3,29250.4,224.0
1782711120,29250.5,29264.3,29244.9,29262.1,205.0
1782711180,29262.0,29262.4,29247.6,29248.0,226.0
1782711240,29248.0,29253.3,29241.5,29248.5,219.0
1782711300,29248.9,29254.6,29241.5,29251.0,244.0
1782711360,29251.0,29254.1,29243.8,29247.8,222.0
1782711420,29247.5,29249.6,29244.0,29246.3,222.0
1782711480,29246.4,29263.6,29245.4,29262.4,206.0
1782711540,29263.3,29276.0,29254.8,29255.4,226.0
1782711600,29255.8,29271.9,29254.1,29262.6,223.0
1782711660,29262.8,29270.6,29261.6,29266.0,219.0
1782711720,29265.9,29276.6,29259.9,29272.4,212.0
1782711780,29272.4,29275.3,29266.3,29268.9,187.0
1782711840,29268.8,29270.9,29262.1,29270.9,217.0
1782711900,29271.0,29276.8,29267.5,29275.3,221.0
1782711960,29276.8,29282.9,29268.1,29271.5,216.0
1782712020,29271.1,29276.8,29262.9,29267.4,228.0
1782712080,29267.3,29278.6,29262.5,29277.6,212.0
1782712140,29277.9,29279.1,29268.1,29279.1,212.0
1782712200,29278.8,29280.9,29272.6,29273.4,202.0
1782712260,29273.4,29282.3,29264.1,29266.6,204.0
1782712320,29266.6,29266.8,29259.1,29262.4,200.0
1782712380,29262.0,29265.6,29255.0,29258.4,187.0
1782712440,29258.3,29262.1,29251.3,29255.0,209.0
1782712500,29255.0,29270.8,29253.5,29264.4,207.0
1782712560,29263.1,29269.5,29261.8,29264.4,205.0
1782712620,29263.1,29274.0,29262.5,29269.1,192.0
1782712680,29269.1,29272.6,29265.9,29269.4,212.0
1782712740,29269.0,29269.9,29259.4,29262.6,179.0
1782712800,29268.5,29287.0,29268.5,29286.8,212.0
1782712860,29286.8,29288.6,29279.3,29282.3,216.0
1782712920,29282.3,29306.4,29280.6,29303.0,205.0
1782712980,29303.0,29304.5,29295.9,29298.3,216.0
1782713040,29298.4,29312.9,29295.0,29308.4,190.0
1782713100,29307.9,29313.9,29302.8,29303.8,209.0
1782713160,29304.0,29316.1,29302.0,29308.6,190.0
1782713220,29309.1,29313.3,29298.0,29298.3,202.0
1782713280,29298.4,29302.5,29294.9,29298.9,202.0
1782713340,29298.9,29316.9,29298.6,29308.0,200.0
1782713400,29308.1,29308.9,29299.5,29304.8,216.0
1782713460,29304.4,29304.4,29291.0,29291.4,190.0
1782713520,29291.3,29291.3,29280.0,29286.1,198.0
1782713580,29286.3,29294.5,29284.9,29293.4,183.0
1782713640,29293.5,29300.8,29282.1,29282.9,208.0
1782713700,29282.8,29286.3,29278.4,29285.1,185.0
1782713760,29285.5,29286.1,29279.6,29284.4,169.0
1782713820,29284.3,29285.5,29276.8,29282.8,165.0
1782713880,29282.9,29285.9,29276.8,29283.5,184.0
1782713940,29283.5,29286.6,29276.8,29285.8,167.0
1782714000,29285.5,29290.0,29274.9,29288.4,218.0
1782714060,29289.5,29295.3,29286.3,29292.4,219.0
1782714120,29292.4,29299.8,29290.4,29299.4,183.0
1782714180,29299.4,29301.5,29282.5,29285.6,203.0
1782714240,29285.6,29290.3,29280.5,29288.5,161.0
1782714300,29288.8,29288.8,29279.1,29284.3,193.0
1782714360,29284.8,29288.4,29279.3,29285.8,176.0
1782714420,29285.6,29293.5,29281.9,29292.4,172.0
1782714480,29292.4,29305.6,29292.4,29302.0,195.0
1782714540,29302.0,29302.5,29290.1,29294.1,185.0
1782714600,29295.1,29305.3,29288.1,29288.1,223.0
1782714660,29286.5,29291.8,29281.0,29284.5,222.0
1782714720,29284.0,29285.8,29260.6,29265.6,218.0
1782714780,29265.6,29266.5,29256.0,29261.1,230.0
1782714840,29261.1,29266.0,29253.9,29258.8,224.0
1782714900,29259.4,29262.8,29234.9,29234.9,226.0
1782714960,29234.9,29240.8,29228.5,29235.3,217.0
1782715020,29235.3,29241.6,29227.9,29227.9,200.0
1782715080,29227.9,29233.3,29220.6,29224.6,234.0
1782715140,29225.1,29244.8,29225.1,29241.4,210.0
1782715200,29240.5,29240.5,29227.0,29229.1,237.0
1782715260,29228.9,29244.3,29228.4,29236.4,229.0
1782715320,29236.5,29246.0,29232.1,29235.6,203.0
1782715380,29235.6,29241.8,29230.6,29232.6,218.0
1782715440,29233.0,29242.9,29228.5,29235.9,223.0
1782715500,29235.5,29245.8,29230.8,29245.5,231.0
1782715560,29245.1,29259.8,29243.6,29256.8,210.0
1782715620,29256.6,29277.8,29252.3,29275.8,219.0
1782715680,29275.8,29283.8,29275.0,29283.1,233.0
1782715740,29283.6,29299.1,29282.8,29294.6,221.0
1782715800,29295.1,29309.5,29292.0,29306.0,226.0
1782715860,29306.0,29327.8,29304.0,29325.0,228.0
1782715920,29324.9,29338.3,29323.0,29331.3,232.0
1782715980,29331.0,29343.8,29328.9,29329.3,249.0
1782716040,29328.9,29330.4,29317.1,29322.3,232.0
1782716100,29322.3,29327.9,29313.1,29326.5,237.0
1782716160,29325.5,29328.1,29311.4,29313.8,199.0
1782716220,29313.8,29321.8,29307.9,29317.1,212.0
1782716280,29317.1,29338.5,29317.1,29332.3,220.0
1782716340,29332.3,29338.5,29329.1,29331.8,198.0
1782716400,29330.3,29331.4,29313.4,29314.3,228.0
1782716460,29313.9,29319.5,29309.9,29312.8,226.0
1782716520,29312.8,29320.4,29310.0,29319.3,206.0
1782716580,29319.0,29327.6,29317.9,29322.3,223.0
1782716640,29322.3,29322.3,29312.6,29315.1,199.0
1782716700,29315.1,29320.6,29298.3,29299.3,210.0
1782716760,29298.5,29300.3,29293.3,29297.9,228.0
1782716820,29298.6,29315.1,29298.6,29306.5,209.0
1782716880,29306.5,29306.5,29298.0,29304.1,197.0
1782716940,29304.8,29323.4,29304.8,29314.3,205.0
1782717000,29314.5,29314.5,29299.5,29303.1,208.0
1782717060,29303.1,29303.1,29294.4,29296.9,174.0
1782717120,29296.9,29297.8,29292.3,29294.4,183.0
1782717180,29294.0,29299.1,29292.3,29294.3,207.0
1782717240,29294.3,29301.8,29293.3,29299.0,183.0
1782717300,29299.0,29301.1,29286.4,29286.9,201.0
1782717360,29286.9,29289.9,29278.1,29285.3,179.0
1782717420,29285.3,29294.4,29284.6,29286.0,180.0
1782717480,29285.6,29288.4,29280.1,29288.4,186.0
1782717540,29288.0,29297.6,29282.5,29284.5,184.0
1782717600,29284.6,29287.3,29277.5,29281.5,197.0
1782717660,29281.0,29281.0,29265.9,29268.4,196.0
1782717720,29268.9,29269.4,29263.1,29266.9,164.0
1782717780,29266.9,29276.3,29262.6,29275.5,189.0
1782717840,29274.0,29295.1,29274.0,29291.1,202.0
1782717900,29291.1,29311.8,29290.4,29311.8,211.0
1782717960,29311.8,29313.9,29282.8,29286.0,218.0
1782718020,29285.8,29290.6,29280.8,29284.4,186.0
1782718080,29284.4,29284.4,29276.5,29279.3,207.0
1782718140,29278.6,29287.4,29276.1,29279.3,179.0
1782718200,29278.8,29282.4,29270.5,29280.4,202.0
1782718260,29279.6,29291.9,29279.3,29281.8,200.0
1782718320,29281.8,29283.9,29275.0,29282.4,205.0
1782718380,29282.5,29285.6,29272.1,29273.3,189.0
1782718440,29273.1,29273.1,29260.5,29267.9,195.0
1782718500,29267.5,29271.3,29261.8,29269.8,199.0
1782718560,29269.8,29272.9,29257.3,29261.5,220.0
1782718620,29261.0,29278.1,29258.6,29278.1,197.0
1782718680,29278.0,29284.4,29273.8,29277.6,216.0
1782718740,29278.6,29278.6,29261.9,29267.3,183.0
1782718800,29267.0,29267.4,29247.4,29251.0,191.0
1782718860,29250.8,29255.5,29244.1,29250.8,205.0
1782718920,29251.1,29256.3,29247.4,29251.3,208.0
1782718980,29251.8,29261.4,29250.8,29260.8,180.0
1782719040,29260.8,29263.1,29257.0,29261.4,195.0
1782719100,29261.4,29263.0,29249.0,29249.6,211.0
1782719160,29249.6,29258.3,29245.3,29258.3,178.0
1782719220,29258.1,29266.3,29248.9,29249.8,215.0
1782719280,29250.5,29255.6,29248.0,29249.0,197.0
1782719340,29247.8,29275.5,29247.6,29275.5,222.0
1782719400,29275.8,29281.1,29268.8,29270.9,225.0
1782719460,29270.4,29282.1,29266.4,29281.8,201.0
1782719520,29281.8,29293.0,29275.9,29291.5,209.0
1782719580,29291.3,29292.9,29282.3,29290.3,182.0
1782719640,29290.0,29291.0,29278.8,29284.8,179.0
1782719700,29284.5,29284.5,29253.0,29253.0,215.0
1782719760,29254.1,29260.5,29253.1,29260.5,175.0
1782719820,29259.3,29262.9,29253.3,29257.4,192.0
1782719880,29257.3,29258.6,29248.0,29250.0,193.0
1782719940,29250.1,29258.0,29249.6,29257.5,210.0
1782720000,29257.1,29274.8,29238.5,29240.3,243.0
1782720060,29240.3,29253.0,29235.5,29249.4,235.0
1782720120,29248.3,29254.4,29233.1,29236.9,227.0
1782720180,29237.3,29249.9,29235.1,29248.1,243.0
1782720240,29248.0,29255.1,29243.5,29245.5,226.0
1782720300,29245.3,29249.9,29231.0,29249.1,228.0
1782720360,29248.6,29257.8,29241.4,29248.3,241.0
1782720420,29247.9,29262.1,29245.6,29248.1,238.0
1782720480,29248.4,29265.6,29248.4,29265.3,217.0
1782720540,29263.4,29269.4,29257.3,29258.0,220.0
1782720600,29258.3,29267.1,29250.6,29250.6,221.0
1782720660,29250.6,29263.6,29245.5,29247.0,217.0
1782720720,29247.6,29253.6,29233.4,29236.5,231.0
1782720780,29235.6,29261.4,29235.3,29257.5,221.0
1782720840,29257.8,29276.1,29257.5,29275.9,213.0
1782720900,29276.1,29290.4,29274.4,29285.6,221.0
1782720960,29285.5,29286.4,29277.9,29277.9,226.0
1782721020,29277.8,29284.8,29269.5,29273.9,221.0
1782721080,29274.1,29276.6,29253.9,29253.9,218.0
1782721140,29253.0,29265.4,29249.9,29262.8,218.0
1782721200,29262.4,29272.9,29260.6,29266.9,212.0
1782721260,29267.1,29275.1,29256.5,29260.3,229.0
1782721320,29260.1,29269.1,29260.0,29268.5,204.0
1782721380,29267.9,29274.5,29259.9,29271.8,217.0
1782721440,29271.0,29278.4,29268.0,29275.8,201.0
1782721500,29275.6,29291.8,29273.0,29290.4,218.0
1782721560,29290.6,29295.3,29271.6,29273.8,220.0
1782721620,29274.4,29280.3,29268.0,29280.0,207.0
1782721680,29280.0,29283.0,29260.6,29264.5,227.0
1782721740,29264.5,29275.5,29260.9,29272.0,209.0
1782721800,29272.1,29287.0,29265.3,29266.1,245.0
1782721860,29266.3,29283.9,29263.1,29283.9,236.0
1782721920,29283.8,29288.1,29278.9,29285.1,192.0
1782721980,29285.1,29305.1,29285.1,29302.6,224.0
1782722040,29303.4,29325.9,29297.0,29325.9,209.0
1782722100,29325.3,29332.9,29310.3,29310.3,222.0
1782722160,29309.3,29314.3,29302.9,29305.9,225.0
1782722220,29306.5,29307.3,29297.4,29301.0,208.0
1782722280,29300.9,29310.4,29294.9,29307.8,208.0
1782722340,29308.0,29316.1,29306.3,29311.9,188.0
1782722400,29313.5,29324.9,29310.6,29319.9,205.0
1782722460,29319.4,29325.8,29317.4,29322.5,207.0
1782722520,29322.6,29339.9,29321.9,29339.5,202.0
1782722580,29338.6,29350.8,29337.8,29350.6,240.0
1782722640,29350.8,29367.8,29345.9,29360.0,239.0
1782722700,29360.5,29360.5,29347.5,29357.1,225.0
1782722760,29358.4,29362.4,29349.4,29352.8,214.0
1782722820,29352.6,29361.1,29343.9,29357.1,231.0
1782722880,29356.8,29359.3,29350.3,29354.6,233.0
1782722940,29354.6,29357.0,29348.9,29353.1,226.0
1782723000,29352.8,29355.9,29341.4,29351.0,218.0
1782723060,29350.9,29378.0,29349.4,29367.5,210.0
1782723120,29367.4,29375.0,29366.0,29369.9,222.0
1782723180,29368.9,29387.4,29368.3,29384.9,214.0
1782723240,29384.8,29399.4,29382.9,29394.1,221.0
1782723300,29394.1,29399.0,29386.4,29396.6,217.0
1782723360,29396.5,29407.9,29395.3,29398.5,220.0
1782723420,29398.3,29401.9,29392.1,29392.1,229.0
1782723480,29390.8,29397.8,29385.4,29391.5,223.0
1782723540,29391.6,29410.3,29387.0,29408.1,202.0
1782723600,29407.8,29413.6,29389.4,29393.4,232.0
1782723660,29396.1,29402.9,29387.8,29392.5,219.0
1782723720,29392.8,29393.1,29373.3,29374.5,226.0
1782723780,29373.5,29373.6,29353.6,29354.4,216.0
1782723840,29354.8,29358.2,29348.0,29357.1,217.0
1782723900,29356.6,29358.1,29339.9,29343.0,210.0
1782723960,29343.5,29344.1,29334.2,29341.1,215.0
1782724020,29340.1,29352.9,29339.4,29349.7,214.0
1782724080,29348.7,29352.6,29330.7,29331.6,218.0
1782724140,29331.2,29347.2,29330.1,29346.7,213.0
1782724200,29346.6,29351.9,29341.7,29344.9,205.0
1782724260,29343.5,29344.0,29330.7,29336.0,203.0
1782724320,29336.0,29354.9,29333.6,29354.7,228.0
1782724380,29355.0,29356.4,29345.5,29348.0,203.0
1782724440,29349.1,29354.1,29346.6,29353.5,208.0
1782724500,29353.5,29367.9,29352.1,29364.2,195.0
1782724560,29364.5,29371.5,29357.6,29361.1,206.0
1782724620,29361.1,29367.7,29353.7,29367.1,185.0
1782724680,29367.6,29370.6,29362.9,29365.1,193.0
1782724740,29365.0,29368.1,29362.5,29367.7,176.0
1782724800,29368.1,29373.0,29357.2,29369.6,215.0
1782724860,29369.9,29375.0,29366.2,29370.6,191.0
1782724920,29370.7,29380.7,29370.1,29373.2,183.0
1782724980,29371.7,29386.2,29370.6,29384.4,193.0
1782725040,29383.7,29384.5,29379.5,29383.1,199.0
1782725100,29383.1,29390.1,29377.6,29386.1,196.0
1782725160,29386.0,29396.4,29378.6,29378.7,224.0
1782725220,29379.1,29382.9,29373.0,29378.2,205.0
1782725280,29378.0,29391.6,29376.4,29390.5,191.0
1782725340,29390.5,29399.5,29384.0,29386.7,212.0
1782725400,29388.5,29407.2,29383.6,29406.0,226.0
1782725460,29407.0,29420.4,29402.9,29414.2,210.0
1782725520,29414.2,29418.5,29405.1,29417.5,179.0
1782725580,29417.5,29417.6,29404.6,29413.0,197.0
1782725640,29413.0,29418.4,29408.2,29417.5,166.0
1782725700,29419.0,29422.0,29405.7,29406.4,179.0
1782725760,29406.4,29412.2,29405.6,29408.6,190.0
1782725820,29408.6,29412.4,29405.5,29407.5,139.0
1782725880,29407.5,29407.6,29390.1,29390.6,168.0
1782725940,29390.4,29396.5,29389.6,29395.9,155.0
1782726000,29395.9,29399.9,29393.4,29397.4,135.0
1782726060,29397.0,29422.9,29397.0,29410.5,171.0
1782726120,29410.5,29415.1,29405.5,29410.9,155.0
1782726180,29410.9,29410.9,29405.7,29407.5,109.0
1782726240,29407.5,29410.2,29402.1,29406.0,128.0
1782726300,29406.1,29407.2,29393.1,29393.6,140.0
1782726360,29393.6,29395.0,29387.1,29393.0,156.0
1782726420,29393.0,29398.5,29392.2,29392.5,135.0
1782726480,29393.2,29400.1,29386.4,29386.9,147.0
1782726540,29386.9,29386.9,29381.1,29382.9,158.0
1782726600,29382.9,29386.6,29376.5,29380.2,162.0
1782726660,29380.6,29383.4,29379.0,29382.1,156.0
1782726720,29381.2,29391.6,29377.1,29388.6,152.0
1782726780,29388.6,29393.7,29383.5,29387.6,148.0
1782726840,29387.6,29390.7,29374.7,29374.7,166.0
1782726900,29374.6,29375.5,29365.1,29371.5,169.0
1782726960,29371.5,29371.6,29356.1,29359.0,169.0
1782727020,29358.9,29363.6,29357.2,29362.1,147.0
1782727080,29362.1,29371.1,29359.5,29362.7,163.0
1782727140,29362.9,29372.7,29361.7,29369.4,163.0
1782727200,29371.5,29372.4,29348.2,29349.7,240.0
1782727260,29349.6,29352.4,29329.4,29329.4,226.0
1782727320,29329.5,29338.6,29324.5,29336.0,221.0
1782727380,29335.9,29338.4,29317.4,29330.6,205.0
1782727440,29330.6,29347.0,29330.2,29346.1,212.0
1782727500,29347.4,29350.5,29334.5,29335.2,222.0
1782727560,29334.1,29339.4,29322.1,29322.5,202.0
1782727620,29322.6,29340.7,29322.6,29339.6,204.0
1782727680,29339.2,29348.5,29335.7,29346.9,193.0
1782727740,29347.1,29350.9,29343.7,29346.5,219.0
1782727800,29346.5,29351.9,29330.4,29330.4,199.0
1782727860,29329.5,29333.4,29321.6,29326.5,197.0
1782727920,29326.4,29337.4,29324.4,29334.2,145.0
1782727980,29334.2,29343.4,29331.4,29334.2,183.0
1782728040,29333.7,29356.2,29333.7,29355.4,192.0
1782728100,29354.7,29379.9,29354.7,29373.6,210.0
1782728160,29373.5,29380.5,29366.2,29380.4,202.0
1782728220,29380.4,29381.7,29372.9,29376.1,189.0
1782728280,29376.6,29381.4,29372.4,29375.7,198.0
1782728340,29375.6,29377.0,29369.1,29373.2,164.0
1782728400,29373.2,29379.2,29371.6,29377.9,197.0
1782728460,29378.1,29381.2,29375.7,29378.6,178.0
1782728520,29378.6,29387.0,29362.4,29363.7,179.0
1782728580,29364.2,29365.4,29357.5,29360.4,164.0
1782728640,29360.4,29373.7,29355.5,29373.6,174.0
1782728700,29374.1,29379.1,29370.5,29371.2,164.0
1782728760,29371.1,29384.7,29365.1,29377.0,185.0
1782728820,29377.0,29380.6,29375.6,29379.0,150.0
1782728880,29379.0,29393.7,29377.4,29392.7,189.0
1782728940,29393.4,29393.4,29379.6,29382.6,170.0
1782729000,29383.1,29384.5,29377.9,29378.1,178.0
1782729060,29377.1,29382.6,29373.4,29373.7,198.0
1782729120,29373.5,29375.0,29366.5,29368.5,184.0
1782729180,29369.1,29375.6,29367.9,29372.1,189.0
1782729240,29371.7,29385.2,29368.6,29383.0,165.0
1782729300,29381.9,29381.9,29372.1,29374.1,152.0
1782729360,29374.7,29391.0,29371.5,29391.0,173.0
1782729420,29391.0,29395.1,29384.5,29393.7,201.0
1782729480,29394.2,29401.9,29392.4,29400.6,187.0
1782729540,29399.7,29409.9,29398.1,29409.7,175.0
1782729600,29409.9,29413.9,29405.7,29412.2,166.0
1782729660,29412.1,29417.9,29405.9,29406.0,183.0
1782729720,29406.0,29411.0,29399.7,29409.4,183.0
1782729780,29409.4,29412.7,29402.7,29406.0,186.0
1782729840,29405.9,29410.4,29397.6,29405.1,182.0
1782729900,29405.1,29405.1,29397.2,29403.2,197.0
1782729960,29403.2,29416.7,29398.0,29409.6,184.0
1782730020,29409.6,29434.0,29409.6,29428.2,203.0
1782730080,29428.2,29432.6,29418.2,29420.5,200.0
1782730140,29420.7,29422.4,29407.7,29412.1,160.0
1782730200,29412.1,29419.6,29410.4,29412.2,161.0
1782730260,29412.1,29414.9,29405.2,29410.4,158.0
1782730320,29410.4,29414.5,29409.6,29409.9,176.0
1782730380,29410.1,29411.7,29403.1,29408.5,175.0
1782730440,29408.4,29408.7,29396.7,29401.2,182.0
1782730500,29401.1,29405.0,29395.4,29396.7,177.0
1782730560,29396.9,29407.7,29396.9,29404.6,170.0
1782730620,29404.6,29404.6,29397.9,29402.1,178.0
1782730680,29402.2,29402.7,29395.0,29396.2,138.0
1782730740,29396.6,29403.7,29396.6,29402.0,146.0
1782730800,29401.7,29416.7,29394.9,29406.5,244.0
1782730860,29407.4,29427.9,29400.7,29427.9,219.0
1782730920,29429.9,29451.9,29429.9,29444.1,249.0
1782730980,29444.0,29444.0,29409.9,29412.6,249.0
1782731040,29412.9,29430.1,29406.2,29430.1,212.0
1782731100,29429.0,29452.9,29424.2,29444.0,241.0
1782731160,29444.0,29444.0,29432.2,29441.5,195.0
1782731220,29443.7,29449.6,29417.4,29418.9,231.0
1782731280,29418.7,29426.9,29415.5,29419.5,196.0
1782731340,29419.5,29438.4,29419.5,29433.9,202.0
1782731400,29434.2,29440.5,29429.6,29436.1,215.0
1782731460,29436.1,29437.9,29427.1,29430.5,201.0
1782731520,29430.2,29435.1,29424.0,29432.6,192.0
1782731580,29432.9,29433.2,29417.6,29419.0,191.0
1782731640,29419.2,29430.6,29416.1,29424.7,203.0
1782731700,29424.7,29435.9,29422.1,29423.4,193.0
1782731760,29423.4,29428.2,29417.2,29426.0,198.0
1782731820,29425.6,29442.4,29422.9,29440.6,186.0
1782731880,29439.6,29467.6,29436.2,29463.7,230.0
1782731940,29463.7,29464.9,29443.4,29452.4,183.0
1782732000,29452.4,29453.9,29442.5,29444.6,186.0
1782732060,29444.6,29462.6,29443.1,29460.6,191.0
1782732120,29460.6,29460.9,29447.5,29448.2,178.0
1782732180,29447.7,29454.0,29444.0,29448.1,182.0
1782732240,29448.2,29454.2,29443.6,29451.1,183.0
1782732300,29451.2,29468.5,29451.2,29460.2,168.0
1782732360,29460.1,29460.1,29439.1,29442.2,186.0
1782732420,29442.1,29452.1,29439.4,29446.5,185.0
1782732480,29446.4,29448.6,29438.4,29444.0,167.0
1782732540,29443.6,29443.6,29432.1,29433.1,205.0
1782732600,29434.4,29446.7,29426.9,29444.6,203.0
1782732660,29445.4,29459.4,29444.0,29457.2,205.0
1782732720,29457.7,29457.9,29449.6,29451.7,163.0
1782732780,29451.7,29457.5,29447.6,29456.4,185.0
1782732840,29456.1,29458.0,29448.1,29450.5,193.0
1782732900,29450.7,29452.6,29445.5,29450.5,172.0
1782732960,29450.4,29459.6,29444.4,29448.5,171.0
1782733020,29448.4,29453.0,29441.7,29442.0,175.0
1782733080,29442.0,29443.9,29424.4,29424.5,179.0
1782733140,29427.1,29429.6,29416.1,29422.5,195.0
1782733200,29422.5,29426.4,29417.4,29423.1,205.0
1782733260,29423.4,29432.5,29423.4,29427.2,175.0
1782733320,29427.2,29430.6,29418.1,29429.2,204.0
1782733380,29429.7,29430.6,29423.9,29428.7,176.0
1782733440,29428.9,29429.9,29421.0,29425.0,175.0
1782733500,29423.4,29427.2,29419.5,29419.6,173.0
1782733560,29419.5,29429.7,29417.9,29428.7,161.0
1782733620,29428.6,29437.9,29427.9,29436.7,174.0
1782733680,29436.9,29445.1,29433.5,29442.4,165.0
1782733740,29442.7,29442.7,29423.2,29426.6,169.0
1782733800,29427.2,29431.6,29425.2,29428.2,171.0
1782733860,29428.2,29434.2,29417.5,29425.7,182.0
1782733920,29425.5,29435.5,29425.0,29430.2,181.0
1782733980,29430.4,29431.6,29420.6,29423.4,166.0
1782734040,29422.5,29422.5,29409.9,29411.4,198.0
1782734100,29411.7,29412.2,29396.6,29398.0,200.0
1782734160,29398.1,29405.0,29392.4,29397.1,195.0
1782734220,29397.6,29402.1,29395.4,29400.4,163.0
1782734280,29399.5,29401.0,29393.1,29398.7,152.0
1782734340,29398.4,29401.7,29394.4,29400.0,160.0
1782734400,29398.0,29409.0,29391.7,29404.6,194.0
1782734460,29404.6,29409.0,29402.6,29404.9,171.0
1782734520,29404.7,29406.1,29394.6,29402.5,183.0
1782734580,29402.6,29410.0,29401.9,29403.1,159.0
1782734640,29403.0,29406.0,29400.2,29402.9,166.0
1782734700,29402.9,29405.7,29389.7,29393.0,159.0
1782734760,29393.6,29404.2,29393.6,29394.2,194.0
1782734820,29393.0,29395.0,29383.9,29388.4,171.0
1782734880,29388.9,29393.5,29386.7,29392.2,163.0
1782734940,29392.2,29393.4,29384.4,29391.7,174.0
1782735000,29392.1,29397.1,29390.1,29395.4,170.0
1782735060,29395.6,29404.1,29382.5,29384.6,184.0
1782735120,29384.6,29387.7,29380.0,29383.0,167.0
1782735180,29382.7,29388.1,29381.0,29386.0,163.0
1782735240,29386.2,29400.9,29385.2,29395.1,173.0
1782735300,29394.5,29404.9,29385.6,29399.0,180.0
1782735360,29399.2,29402.0,29394.6,29399.5,165.0
1782735420,29399.6,29405.7,29394.9,29405.4,147.0
1782735480,29405.0,29414.6,29404.7,29408.6,162.0
1782735540,29408.2,29410.2,29404.0,29408.1,157.0
1782735600,29408.2,29410.7,29405.5,29410.5,157.0
1782735660,29410.9,29413.2,29399.2,29400.5,152.0
1782735720,29400.5,29413.0,29399.7,29410.9,151.0
1782735780,29410.7,29413.0,29407.4,29409.9,153.0
1782735840,29409.9,29411.1,29401.9,29411.1,136.0
1782735900,29409.6,29411.9,29397.1,29397.1,171.0
1782735960,29397.4,29407.1,29396.5,29405.4,151.0
1782736020,29405.7,29420.9,29402.4,29419.0,140.0
1782736080,29419.0,29426.4,29415.2,29421.0,186.0
1782736140,29421.1,29423.2,29413.5,29416.9,172.0
1782736200,29417.0,29425.1,29414.5,29416.1,182.0
1782736260,29416.0,29420.1,29412.4,29414.5,163.0
1782736320,29415.2,29417.2,29409.4,29415.1,170.0
1782736380,29415.1,29418.4,29410.1,29415.1,166.0
1782736440,29415.4,29415.4,29407.9,29411.0,154.0
1782736500,29411.0,29413.6,29404.5,29405.2,148.0
1782736560,29405.2,29410.0,29396.2,29403.5,166.0
1782736620,29403.4,29403.7,29398.7,29399.7,145.0
1782736680,29399.5,29413.9,29398.7,29413.0,176.0
1782736740,29413.0,29418.9,29406.9,29406.9,168.0
1782736800,29406.7,29406.7,29392.1,29394.7,168.0
1782736860,29394.6,29398.7,29393.6,29397.5,135.0
1782736920,29397.5,29401.5,29391.0,29392.5,146.0
1782736980,29392.4,29396.1,29389.2,29389.5,130.0
1782737040,29389.5,29398.5,29383.4,29396.9,144.0
1782737100,29396.6,29406.6,29396.2,29401.0,128.0
1782737160,29401.1,29410.2,29399.4,29408.4,124.0
1782737220,29408.4,29411.2,29404.1,29410.1,147.0
1782737280,29410.1,29410.1,29391.4,29394.1,154.0
1782737340,29394.6,29401.0,29394.0,29398.4,141.0
1782737400,29398.4,29404.1,29394.5,29395.6,168.0
1782737460,29396.2,29404.9,29363.4,29364.5,230.0
1782737520,29364.5,29381.1,29359.7,29377.7,221.0
1782737580,29377.5,29384.1,29374.4,29378.0,174.0
1782737640,29377.9,29387.4,29374.6,29386.2,179.0
1782737700,29386.5,29388.2,29380.4,29385.7,181.0
1782737760,29385.7,29400.6,29385.4,29396.4,169.0
1782737820,29396.4,29407.9,29396.4,29404.6,184.0
1782737880,29404.9,29407.1,29399.9,29400.5,189.0
1782737940,29400.7,29404.9,29400.1,29403.4,137.0
1782738000,29404.9,29415.7,29404.9,29414.0,186.0
1782738060,29414.0,29432.7,29407.7,29432.0,193.0
1782738120,29432.0,29441.2,29431.1,29435.0,195.0
1782738180,29435.2,29439.6,29430.4,29432.2,138.0
1782738240,29432.2,29440.9,29429.4,29434.2,142.0
1782738300,29434.0,29434.0,29424.9,29427.9,149.0
1782738360,29427.7,29436.4,29427.1,29431.6,157.0
1782738420,29431.5,29440.7,29430.6,29436.7,144.0
1782738480,29436.7,29444.0,29436.1,29440.0,140.0
1782738540,29439.9,29457.5,29436.5,29456.0,166.0
1782738600,29456.2,29461.6,29440.0,29443.4,173.0
1782738660,29443.6,29447.4,29434.1,29436.5,175.0
1782738720,29436.5,29447.1,29435.6,29446.9,146.0
1782738780,29446.9,29447.7,29429.4,29429.9,155.0
1782738840,29430.2,29431.0,29422.7,29426.7,163.0
1782738900,29426.7,29427.2,29416.2,29416.2,146.0
1782738960,29415.6,29417.5,29408.4,29411.2,188.0
1782739020,29411.4,29413.9,29407.4,29410.4,170.0
1782739080,29410.5,29419.6,29410.4,29418.1,154.0
1782739140,29419.1,29423.0,29418.4,29420.1,138.0
1782739200,29420.1,29425.6,29415.6,29424.5,172.0
1782739260,29424.5,29432.2,29424.5,29426.6,149.0
1782739320,29426.6,29429.7,29423.5,29428.0,127.0
1782739380,29427.2,29432.7,29423.2,29430.7,156.0
1782739440,29430.6,29432.1,29421.4,29422.2,138.0
1782739500,29421.7,29424.0,29417.7,29421.4,152.0
1782739560,29421.4,29433.4,29418.4,29433.1,150.0
1782739620,29433.1,29435.1,29431.4,29433.9,140.0
1782739680,29433.9,29445.4,29431.9,29443.7,144.0
1782739740,29443.7,29456.2,29443.1,29456.0,149.0
1782739800,29455.6,29460.5,29447.7,29456.1,172.0
1782739860,29456.1,29457.4,29451.6,29454.9,146.0
1782739920,29454.9,29458.6,29448.7,29450.7,158.0
1782739980,29451.0,29455.1,29449.4,29451.4,136.0
1782740040,29451.4,29465.7,29451.4,29459.6,137.0
1782740100,29459.6,29460.9,29446.7,29450.9,151.0
1782740160,29452.4,29456.2,29451.2,29453.9,141.0
1782740220,29454.0,29479.5,29453.2,29474.2,180.0
1782740280,29473.7,29478.4,29466.7,29474.9,180.0
1782740340,29474.7,29482.4,29472.7,29476.4,172.0
1782740400,29476.4,29479.9,29472.4,29474.2,164.0
1782740460,29474.2,29474.7,29464.7,29471.6,165.0
1782740520,29471.6,29476.1,29469.5,29472.5,166.0
1782740580,29472.5,29472.5,29463.1,29463.1,153.0
1782740640,29463.1,29467.9,29462.6,29466.2,158.0
1782740700,29466.1,29466.6,29460.5,29462.1,128.0
1782740760,29462.2,29465.7,29460.2,29460.6,150.0
1782740820,29460.5,29466.4,29437.2,29459.9,168.0
1782740880,29459.9,29465.5,29456.4,29462.7,140.0
1782740940,29462.7,29465.4,29460.5,29463.4,132.0
1782741000,29463.6,29463.7,29460.9,29463.4,138.0
1782741060,29463.4,29467.1,29460.0,29466.0,145.0
1782741120,29466.0,29467.5,29462.0,29463.2,156.0
1782741180,29463.0,29468.6,29458.4,29468.5,156.0
1782741240,29468.5,29473.6,29467.4,29470.6,132.0
1782741300,29470.5,29472.5,29466.5,29468.0,139.0
1782741360,29468.0,29469.0,29464.9,29466.6,126.0
1782741420,29468.0,29474.0,29468.0,29470.9,164.0
1782741480,29470.7,29481.0,29467.5,29477.4,151.0
1782741540,29477.4,29484.4,29475.4,29480.2,188.0
1782741600,29479.6,29496.0,29474.5,29489.4,204.0
1782741660,29489.2,29491.6,29481.0,29483.4,220.0
1782741720,29484.7,29486.2,29478.1,29482.1,182.0
1782741780,29480.9,29487.4,29474.0,29479.9,187.0
1782741840,29480.0,29488.1,29478.7,29487.6,184.0
1782741900,29487.4,29493.2,29482.5,29483.9,184.0
1782741960,29483.9,29489.1,29478.4,29487.7,187.0
1782742020,29486.9,29489.9,29477.1,29479.4,187.0
1782742080,29479.4,29489.1,29478.1,29480.6,185.0
1782742140,29480.5,29486.1,29475.7,29475.7,169.0
1782742200,29475.7,29477.0,29466.7,29471.0,189.0
1782742260,29471.1,29471.2,29462.0,29466.4,171.0
1782742320,29466.1,29469.4,29460.6,29461.9,134.0
1782742380,29461.7,29464.6,29460.1,29460.5,149.0
1782742440,29460.5,29460.5,29447.1,29450.7,192.0
1782742500,29450.7,29456.7,29446.9,29448.2,184.0
1782742560,29448.5,29451.4,29444.0,29445.9,170.0
1782742620,29446.1,29447.7,29438.9,29438.9,154.0
1782742680,29438.9,29441.9,29427.9,29439.4,196.0
1782742740,29438.6,29440.4,29428.6,29431.9,172.0
1782742800,29431.6,29433.1,29425.9,29427.9,178.0
1782742860,29427.7,29429.6,29422.7,29427.9,186.0
1782742920,29428.4,29441.0,29424.9,29440.9,186.0
1782742980,29441.2,29447.7,29434.7,29444.6,192.0
1782743040,29444.7,29448.2,29437.6,29440.6,139.0
1782743100,29440.4,29446.6,29439.5,29444.7,155.0
1782743160,29444.7,29448.7,29442.0,29447.7,165.0
1782743220,29448.4,29453.2,29445.4,29447.0,186.0
1782743280,29447.1,29449.9,29443.4,29449.5,152.0
1782743340,29449.5,29458.2,29447.2,29450.0,157.0
1782743400,29449.5,29450.7,29439.7,29440.1,169.0
1782743460,29440.0,29496.9,29439.9,29470.0,253.0
1782743520,29470.5,29470.7,29456.9,29457.9,210.0
1782743580,29457.0,29459.4,29446.4,29448.1,180.0
1782743640,29449.5,29459.9,29446.6,29456.9,181.0
1782743700,29457.0,29462.9,29453.7,29453.7,167.0
1782743760,29453.7,29460.2,29449.7,29458.2,177.0
1782743820,29458.4,29465.1,29452.1,29456.2,175.0
1782743880,29455.4,29456.1,29448.5,29448.7,150.0
1782743940,29448.7,29448.7,29440.2,29441.5,170.0
1782744000,29441.4,29449.0,29439.2,29446.4,187.0
1782744060,29446.2,29453.4,29442.1,29453.4,176.0
1782744120,29453.4,29456.6,29449.6,29451.0,160.0
1782744180,29451.5,29458.2,29447.0,29447.5,167.0
1782744240,29447.5,29451.6,29441.0,29446.9,175.0
1782744300,29447.0,29456.4,29446.2,29447.6,182.0
1782744360,29447.9,29458.2,29447.9,29456.0,165.0
1782744420,29455.7,29459.1,29452.2,29458.4,151.0
1782744480,29458.4,29463.7,29453.6,29458.6,175.0
1782744540,29458.9,29458.9,29451.4,29454.7,158.0
1782744600,29454.7,29467.7,29451.4,29467.0,167.0
1782744660,29467.0,29468.7,29450.7,29451.6,184.0
1782744720,29450.7,29454.5,29449.4,29451.7,164.0
1782744780,29450.2,29450.4,29442.4,29443.7,163.0
1782744840,29444.0,29449.0,29444.0,29445.9,157.0
1782744900,29445.7,29449.1,29443.4,29447.5,161.0
1782744960,29448.1,29454.0,29445.6,29446.0,163.0
1782745020,29445.1,29449.0,29439.2,29443.2,177.0
1782745080,29443.1,29446.5,29441.1,29444.7,180.0
1782745140,29444.6,29447.1,29436.7,29443.4,181.0
1782745200,29444.4,29446.5,29432.0,29438.1,212.0
1782745260,29438.1,29439.1,29431.0,29435.6,199.0
1782745320,29437.5,29444.6,29434.1,29443.1,172.0
1782745380,29443.0,29451.6,29432.5,29450.9,201.0
1782745440,29450.7,29456.0,29446.5,29450.1,200.0
1782745500,29449.5,29456.5,29447.7,29450.6,200.0
1782745560,29450.6,29459.7,29447.0,29459.7,196.0
1782745620,29459.6,29459.6,29453.2,29453.7,193.0
1782745680,29454.2,29461.5,29454.2,29459.9,177.0
1782745740,29459.9,29462.1,29456.4,29457.6,194.0
1782745800,29458.0,29471.4,29458.0,29465.7,213.0
1782745860,29465.5,29467.0,29454.5,29457.6,178.0
1782745920,29458.2,29464.9,29453.2,29456.5,189.0
1782745980,29456.1,29468.7,29456.1,29465.9,185.0
1782746040,29465.9,29472.0,29459.6,29467.7,197.0
1782746100,29467.7,29472.9,29464.2,29464.2,194.0
1782746160,29464.2,29475.9,29462.5,29465.9,195.0
1782746220,29466.2,29468.1,29459.0,29460.9,205.0
1782746280,29460.9,29477.4,29460.9,29471.4,205.0
1782746340,29471.1,29471.5,29464.1,29466.6,191.0
1782746400,29466.6,29470.2,29461.0,29467.6,186.0
1782746460,29467.6,29469.2,29459.2,29460.1,169.0
1782746520,29460.0,29461.4,29453.4,29457.1,173.0
1782746580,29457.1,29460.6,29447.6,29451.7,183.0
1782746640,29451.9,29455.6,29447.7,29452.2,162.0
1782746700,29452.2,29465.0,29452.0,29458.4,194.0
1782746760,29457.9,29459.0,29446.7,29459.0,205.0
1782746820,29457.5,29462.1,29454.9,29462.0,177.0
1782746880,29461.9,29467.4,29461.9,29464.0,152.0
1782746940,29464.0,29465.4,29455.7,29455.9,182.0
1782747000,29455.7,29461.1,29445.2,29446.5,213.0
1782747060,29446.5,29446.7,29433.5,29442.2,216.0
1782747120,29442.1,29453.9,29440.9,29450.7,199.0
1782747180,29451.6,29456.7,29448.2,29453.9,193.0
1782747240,29453.9,29465.6,29450.7,29464.7,216.0
1782747300,29465.0,29468.9,29458.2,29460.6,208.0
1782747360,29460.7,29464.6,29455.1,29456.2,187.0
1782747420,29455.9,29457.1,29432.4,29432.4,179.0
1782747480,29432.2,29432.7,29419.6,29422.4,237.0
1782747540,29423.2,29428.5,29417.5,29420.2,205.0
1782747600,29420.2,29425.1,29413.0,29413.6,212.0
1782747660,29413.5,29413.5,29397.0,29397.6,230.0
1782747720,29396.9,29403.4,29389.2,29402.2,241.0
1782747780,29402.2,29410.1,29401.4,29409.7,217.0
1782747840,29410.0,29416.0,29407.1,29413.4,218.0
1782747900,29413.2,29421.7,29410.6,29412.5,199.0
1782747960,29412.5,29417.5,29404.4,29417.5,184.0
1782748020,29420.2,29427.2,29414.4,29420.6,182.0
1782748080,29420.2,29420.4,29405.0,29407.7,199.0
1782748140,29407.5,29410.6,29403.6,29407.5,196.0
1782748200,29407.7,29421.0,29407.0,29418.9,184.0
1782748260,29419.1,29420.2,29404.0,29405.5,205.0
1782748320,29406.0,29416.4,29404.2,29413.0,198.0
1782748380,29413.0,29425.0,29413.0,29423.4,159.0
1782748440,29423.0,29426.5,29420.2,29422.1,175.0
1782748500,29422.1,29433.2,29419.9,29433.2,173.0
1782748560,29433.1,29441.6,29430.0,29439.0,193.0
1782748620,29438.4,29442.0,29434.4,29438.2,191.0
1782748680,29437.7,29442.6,29436.0,29441.7,192.0
1782748740,29441.5,29444.1,29437.7,29443.5,167.0
1782748800,29449.0,29458.9,29444.9,29445.0,211.0
1782748860,29444.7,29453.5,29444.7,29448.5,186.0
1782748920,29448.5,29452.1,29443.2,29443.2,173.0
1782748980,29442.1,29446.9,29440.2,29444.4,193.0
1782749040,29445.0,29452.0,29444.5,29445.2,192.0
1782749100,29446.1,29455.6,29443.5,29454.2,191.0
1782749160,29454.4,29462.7,29444.7,29447.0,204.0
1782749220,29446.9,29459.2,29443.7,29458.4,216.0
1782749280,29458.4,29460.2,29452.5,29459.7,179.0
1782749340,29460.2,29460.2,29451.9,29452.0,181.0
1782749400,29451.6,29457.5,29448.5,29456.2,178.0
1782749460,29456.2,29460.4,29452.7,29459.1,181.0
1782749520,29459.1,29470.0,29456.7,29468.1,223.0
1782749580,29468.9,29471.9,29464.4,29468.9,199.0
1782749640,29469.0,29469.0,29460.5,29465.9,191.0
1782749700,29466.1,29467.2,29462.0,29465.9,198.0
1782749760,29465.7,29471.2,29463.4,29464.2,190.0
1782749820,29464.4,29465.9,29461.0,29463.5,182.0
1782749880,29463.9,29465.4,29458.5,29464.5,182.0
1782749940,29463.6,29465.0,29451.7,29452.2,188.0
1782750000,29452.2,29453.4,29431.4,29432.7,211.0
1782750060,29433.0,29435.0,29426.5,29430.4,201.0
1782750120,29430.9,29435.9,29429.1,29429.5,187.0
1782750180,29429.2,29429.4,29416.5,29421.2,202.0
1782750240,29421.2,29422.7,29412.4,29414.9,207.0
1782750300,29414.9,29416.9,29394.0,29394.6,241.0
1782750360,29395.7,29401.6,29387.4,29390.0,224.0
1782750420,29389.4,29389.6,29369.4,29369.9,239.0
1782750480,29368.5,29395.6,29368.5,29387.6,246.0
1782750540,29392.0,29397.7,29385.6,29386.4,258.0
1782750600,29393.1,29411.6,29298.5,29362.2,292.0
1782750660,29361.0,29426.4,29337.7,29407.1,294.0
1782750720,29402.7,29475.0,29399.6,29459.5,278.0
1782750780,29451.8,29478.3,29447.0,29460.3,289.0
1782750840,29460.1,29505.9,29459.4,29501.9,287.0
1782750900,29499.4,29504.8,29469.4,29480.9,279.0
1782750960,29480.9,29482.3,29410.8,29425.3,289.0
1782751020,29426.0,29430.4,29387.9,29416.0,282.0
1782751080,29418.1,29423.5,29375.8,29395.9,291.0
1782751140,29396.5,29453.1,29396.5,29447.9,283.0
1782751200,29447.3,29481.3,29415.4,29472.0,285.0
1782751260,29471.8,29492.4,29458.3,29458.3,288.0
1782751320,29460.1,29504.0,29458.0,29496.0,287.0
1782751380,29494.4,29505.0,29475.6,29487.0,282.0
1782751440,29486.0,29533.4,29473.6,29522.1,274.0
1782751500,29522.8,29562.4,29510.8,29556.3,282.0
1782751560,29555.9,29555.9,29500.3,29510.1,283.0
1782751620,29509.3,29558.5,29488.5,29547.4,283.0
1782751680,29547.5,29554.3,29521.9,29551.5,285.0
1782751740,29551.0,29558.4,29501.0,29506.3,278.0
1782751800,29506.4,29518.1,29460.8,29517.3,284.0
1782751860,29513.9,29568.8,29507.3,29551.5,290.0
1782751920,29551.5,29573.3,29548.4,29554.6,282.0
1782751980,29553.4,29576.9,29540.1,29547.3,287.0
1782752040,29548.3,29552.4,29489.4,29500.6,287.0
1782752100,29500.5,29513.0,29411.1,29413.0,292.0
1782752160,29415.6,29434.3,29366.5,29386.4,292.0
1782752220,29380.9,29390.4,29334.1,29337.3,291.0
1782752280,29338.5,29373.9,29333.9,29342.0,288.0
1782752340,29342.0,29368.3,29318.4,29356.6,293.0
1782752400,29361.0,29367.8,29272.1,29314.0,289.0
1782752460,29319.1,29354.9,29315.3,29326.4,292.0
1782752520,29328.0,29328.1,29287.5,29311.3,293.0
1782752580,29311.3,29345.4,29304.3,29316.4,289.0
1782752640,29318.6,29318.9,29281.0,29281.0,288.0
1782752700,29281.9,29281.9,29242.6,29244.9,286.0
1782752760,29247.4,29289.5,29236.5,29238.5,290.0
1782752820,29243.6,29271.6,29207.5,29207.9,290.0
1782752880,29206.4,29231.5,29191.8,29229.3,289.0
1782752940,29230.4,29250.4,29220.3,29234.4,287.0
1782753000,29237.8,29252.3,29165.8,29183.6,296.0
1782753060,29185.6,29202.1,29169.4,29187.1,293.0
1782753120,29187.9,29200.9,29128.3,29129.0,286.0
1782753180,29130.6,29135.8,29085.8,29091.5,293.0
1782753240,29094.1,29112.4,29068.4,29069.1,289.0
1782753300,29068.9,29089.4,29013.4,29088.5,293.0
1782753360,29090.9,29122.0,29036.9,29036.9,291.0
1782753420,29043.3,29087.9,29032.5,29056.3,285.0
1782753480,29058.0,29083.5,29029.9,29065.9,288.0
1782753540,29071.6,29125.3,29062.9,29119.6,281.0
1782753600,29119.5,29132.0,29092.9,29122.9,288.0
1782753660,29125.3,29143.6,29115.0,29143.1,288.0
1782753720,29143.8,29174.1,29135.9,29135.9,289.0
1782753780,29136.6,29136.6,29087.1,29097.5,287.0
1782753840,29099.6,29147.5,29077.9,29141.8,290.0
1782753900,29139.3,29190.4,29131.5,29187.4,287.0
1782753960,29186.8,29216.6,29186.8,29204.1,280.0
1782754020,29202.5,29219.3,29194.4,29215.4,289.0
1782754080,29214.8,29267.6,29212.9,29267.4,286.0
1782754140,29268.5,29288.1,29260.5,29283.8,283.0
1782754200,29283.3,29316.3,29267.5,29313.3,286.0
1782754260,29313.5,29334.8,29291.8,29327.5,282.0
1782754320,29328.8,29331.6,29284.1,29308.3,286.0
1782754380,29310.0,29382.6,29302.8,29368.6,283.0
1782754440,29368.6,29391.3,29360.8,29372.4,286.0
1782754500,29368.6,29380.3,29346.1,29368.6,278.0
1782754560,29369.8,29370.3,29332.5,29335.0,288.0
1782754620,29333.1,29341.9,29299.6,29337.5,280.0
1782754680,29336.0,29363.9,29325.1,29331.1,279.0
1782754740,29331.3,29349.0,29311.1,29325.3,289.0
1782754800,29326.1,29340.9,29310.4,29336.0,282.0
1782754860,29335.5,29362.8,29325.8,29335.3,282.0
1782754920,29334.5,29351.5,29330.8,29341.9,283.0
1782754980,29345.3,29355.9,29326.3,29330.8,285.0
1782755040,29330.6,29341.4,29302.5,29317.4,284.0
1782755100,29317.4,29317.4,29279.9,29297.5,282.0
1782755160,29301.3,29311.8,29265.1,29274.9,285.0
1782755220,29275.3,29298.0,29251.6,29251.6,288.0
1782755280,29251.0,29273.5,29237.8,29244.0,284.0
1782755340,29244.8,29320.8,29243.8,29310.0,289.0
1782755400,29307.0,29373.3,29307.0,29362.4,285.0
1782755460,29357.3,29372.5,29346.0,29366.9,278.0
1782755520,29366.6,29375.1,29353.6,29356.3,284.0
1782755580,29358.6,29397.4,29341.0,29394.4,281.0
1782755640,29395.1,29425.5,29389.6,29412.9,287.0
1782755700,29412.0,29412.0,29383.8,29410.8,287.0
1782755760,29412.1,29428.0,29396.1,29416.3,278.0
1782755820,29415.9,29432.4,29391.9,29408.9,278.0
1782755880,29409.1,29425.0,29395.1,29408.4,286.0
1782755940,29407.1,29454.6,29407.1,29453.6,282.0
1782756000,29456.3,29472.5,29440.1,29453.3,282.0
1782756060,29452.0,29470.4,29442.3,29462.4,278.0
1782756120,29462.4,29470.5,29447.6,29456.3,281.0
1782756180,29455.8,29464.5,29437.0,29460.5,286.0
1782756240,29457.5,29463.1,29437.8,29441.3,276.0
1782756300,29441.5,29455.3,29421.5,29445.3,290.0
1782756360,29445.0,29456.8,29425.6,29432.8,287.0
1782756420,29432.8,29452.8,29426.9,29446.3,279.0
1782756480,29448.0,29464.8,29445.5,29460.4,274.0
1782756540,29459.3,29464.9,29442.4,29456.3,284.0
1782756600,29455.0,29464.8,29430.3,29437.5,278.0
1782756660,29438.5,29443.0,29422.5,29427.4,279.0
1782756720,29428.0,29435.9,29404.0,29419.0,279.0
1782756780,29419.6,29440.3,29416.8,29427.9,281.0
1782756840,29427.4,29463.8,29415.1,29461.6,278.0
1782756900,29463.4,29490.9,29460.8,29478.8,277.0
1782756960,29479.1,29485.8,29444.1,29469.6,274.0
1782757020,29470.0,29474.8,29449.5,29451.3,271.0
1782757080,29450.5,29457.6,29434.3,29446.0,279.0
1782757140,29448.5,29448.5,29420.6,29434.4,283.0
1782757200,29434.1,29445.8,29420.0,29432.5,273.0
1782757260,29432.0,29472.0,29428.8,29465.0,275.0
1782757320,29464.6,29478.4,29433.1,29451.9,269.0
1782757380,29451.4,29451.4,29413.3,29416.0,268.0
1782757440,29414.3,29424.0,29398.5,29418.8,280.0
1782757500,29419.4,29435.8,29415.4,29435.5,276.0
1782757560,29434.8,29463.0,29433.3,29458.0,275.0
1782757620,29458.4,29484.4,29457.5,29475.6,289.0
1782757680,29475.9,29482.5,29468.9,29480.4,254.0
1782757740,29481.3,29513.6,29479.9,29509.1,271.0
1782757800,29511.9,29538.4,29511.9,29522.0,286.0
1782757860,29522.5,29522.5,29503.4,29518.8,276.0
1782757920,29517.8,29527.4,29504.6,29504.6,272.0
1782757980,29507.1,29519.1,29498.9,29512.4,276.0
1782758040,29512.3,29522.4,29506.6,29507.3,267.0
1782758100,29505.5,29505.5,29474.9,29493.4,272.0
1782758160,29493.1,29510.1,29485.0,29508.1,278.0
1782758220,29508.6,29527.0,29508.0,29524.1,269.0
1782758280,29525.0,29541.6,29521.8,29525.4,270.0
1782758340,29527.1,29532.1,29513.4,29532.1,262.0
1782758400,29532.6,29533.6,29516.3,29519.8,269.0
1782758460,29519.5,29548.1,29512.6,29548.1,275.0
1782758520,29547.4,29552.0,29530.3,29541.4,267.0
1782758580,29541.8,29554.0,29531.3,29544.9,263.0
1782758640,29547.3,29560.9,29543.4,29558.3,253.0
1782758700,29558.4,29558.4,29537.3,29539.3,268.0
1782758760,29539.0,29541.3,29520.8,29528.1,273.0
1782758820,29528.5,29547.1,29523.0,29543.4,272.0
1782758880,29545.0,29547.6,29527.4,29532.9,264.0
1782758940,29533.1,29535.3,29517.8,29530.9,260.0
1782759000,29530.3,29553.5,29526.9,29552.9,261.0
1782759060,29553.4,29568.0,29548.4,29556.0,271.0
1782759120,29557.1,29558.8,29542.3,29552.4,250.0
1782759180,29552.3,29565.0,29550.9,29552.9,261.0
1782759240,29554.3,29561.3,29542.3,29559.5,250.0
1782759300,29558.6,29566.9,29540.8,29553.9,269.0
1782759360,29553.9,29565.1,29546.6,29550.9,258.0
1782759420,29551.4,29559.9,29536.3,29558.3,258.0
1782759480,29558.4,29567.0,29555.0,29563.6,255.0
1782759540,29562.6,29586.1,29562.3,29578.1,261.0
1782759600,29578.8,29593.4,29575.0,29590.0,270.0
1782759660,29589.6,29604.8,29585.3,29602.5,265.0
1782759720,29603.0,29605.4,29590.6,29604.8,264.0
1782759780,29604.1,29609.5,29600.5,29605.4,268.0
1782759840,29605.8,29612.3,29598.6,29606.8,262.0
1782759900,29607.5,29617.5,29603.0,29604.8,261.0
1782759960,29604.5,29611.3,29592.9,29599.8,273.0
1782760020,29598.9,29604.5,29590.5,29594.9,264.0
1782760080,29595.3,29604.1,29591.8,29603.0,255.0
1782760140,29602.8,29603.0,29592.8,29599.8,251.0
1782760200,29599.6,29607.6,29588.0,29589.5,255.0
1782760260,29589.4,29601.8,29584.5,29585.8,239.0
1782760320,29586.0,29593.0,29581.5,29589.6,255.0
1782760380,29588.8,29590.8,29574.5,29579.8,263.0
1782760440,29579.9,29589.0,29577.3,29588.5,258.0
1782760500,29589.1,29613.6,29587.6,29610.9,260.0
1782760560,29610.9,29624.3,29610.6,29623.4,266.0
1782760620,29623.3,29626.5,29601.6,29605.8,265.0
1782760680,29605.8,29621.1,29604.9,29614.5,253.0
1782760740,29616.1,29620.6,29610.3,29618.0,240.0
1782760800,29616.9,29628.0,29607.5,29625.8,258.0
1782760860,29626.3,29628.3,29615.3,29616.6,247.0
1782760920,29617.3,29632.5,29613.4,29632.5,259.0
1782760980,29631.3,29637.0,29627.0,29634.5,246.0
1782761040,29634.5,29641.8,29629.0,29641.4,248.0
1782761100,29640.8,29645.8,29621.4,29625.4,256.0
1782761160,29625.3,29626.5,29612.5,29612.9,251.0
1782761220,29612.8,29632.8,29608.9,29625.3,262.0
1782761280,29625.3,29628.9,29617.8,29619.3,243.0
1782761340,29619.1,29622.9,29605.6,29609.5,251.0
1782761400,29609.8,29620.6,29608.5,29611.3,252.0
1782761460,29611.9,29619.3,29606.4,29608.8,266.0
1782761520,29609.0,29610.3,29590.9,29593.8,253.0
1782761580,29594.6,29597.1,29582.5,29584.4,264.0
1782761640,29584.5,29606.5,29583.8,29601.1,256.0
1782761700,29600.9,29621.4,29596.6,29617.6,270.0
1782761760,29618.3,29618.3,29595.5,29602.5,251.0
1782761820,29602.6,29613.5,29602.3,29612.5,264.0
1782761880,29612.1,29612.4,29601.5,29609.5,258.0
1782761940,29609.5,29623.5,29608.6,29621.6,247.0
1782762000,29621.0,29629.5,29616.8,29627.0,252.0
1782762060,29627.3,29636.3,29623.1,29632.5,246.0
1782762120,29632.5,29638.8,29628.1,29637.8,244.0
1782762180,29637.5,29641.5,29632.4,29639.4,241.0
1782762240,29639.6,29649.1,29637.3,29646.0,241.0
1782762300,29645.0,29654.4,29642.9,29652.9,250.0
1782762360,29653.4,29659.4,29633.1,29640.9,257.0
1782762420,29641.0,29644.9,29633.4,29638.5,249.0
1782762480,29638.8,29645.0,29632.0,29633.9,249.0
1782762540,29633.8,29648.1,29633.0,29645.3,244.0
1782762600,29645.5,29655.3,29642.0,29648.0,240.0
1782762660,29647.9,29654.3,29641.3,29649.4,236.0
1782762720,29649.4,29661.5,29639.4,29660.9,234.0
1782762780,29661.3,29668.0,29650.9,29667.8,238.0
1782762840,29667.8,29671.3,29665.8,29667.0,235.0
1782762900,29667.0,29667.0,29653.8,29659.1,236.0
1782762960,29659.4,29661.9,29652.5,29654.8,232.0
1782763020,29656.0,29664.0,29654.8,29658.6,237.0
1782763080,29659.3,29667.8,29655.3,29660.4,228.0
1782763140,29660.8,29661.0,29653.5,29654.8,212.0
1782763200,29656.0,29679.1,29655.3,29672.5,252.0
1782763260,29672.0,29676.8,29668.1,29671.8,233.0
1782763320,29671.0,29683.3,29670.9,29681.6,237.0
1782763380,29681.8,29685.1,29672.5,29684.3,222.0
1782763440,29683.5,29686.4,29678.1,29683.5,227.0
1782763500,29683.5,29686.0,29676.6,29684.6,238.0
1782763560,29685.3,29687.1,29679.5,29686.0,227.0
1782763620,29685.8,29685.8,29672.5,29675.0,221.0
1782763680,29675.8,29681.0,29671.6,29679.6,213.0
1782763740,29679.6,29690.5,29679.3,29688.3,220.0
1782763800,29688.9,29701.6,29687.5,29699.0,227.0
1782763860,29699.3,29707.5,29695.1,29707.1,231.0
1782763920,29707.1,29711.0,29698.6,29706.9,222.0
1782763980,29706.8,29734.9,29706.3,29730.8,256.0
1782764040,29730.6,29739.8,29725.1,29726.9,251.0
1782764100,29727.0,29737.3,29727.0,29732.0,233.0
1782764160,29732.0,29734.3,29718.5,29726.0,244.0
1782764220,29725.8,29735.5,29721.5,29730.0,230.0
1782764280,29730.0,29738.3,29729.1,29730.8,235.0
1782764340,29730.5,29735.4,29725.5,29729.1,224.0
1782764400,29729.3,29741.5,29726.0,29731.9,250.0
1782764460,29732.8,29733.3,29703.3,29703.3,249.0
1782764520,29702.9,29706.5,29694.1,29697.0,241.0
1782764580,29697.8,29701.8,29689.5,29697.3,249.0
1782764640,29697.8,29704.6,29691.9,29696.8,255.0
1782764700,29696.9,29709.8,29691.3,29708.5,245.0
1782764760,29709.8,29722.6,29709.0,29722.3,250.0
1782764820,29722.5,29730.4,29718.8,29725.8,239.0
1782764880,29724.8,29748.6,29722.9,29746.0,248.0
1782764940,29746.5,29752.3,29743.5,29750.5,234.0
1782765000,29750.8,29761.9,29747.8,29756.4,246.0
1782765060,29756.5,29776.5,29756.5,29771.0,260.0
1782765120,29771.1,29772.0,29742.1,29744.8,252.0
1782765180,29745.0,29746.5,29726.0,29734.8,249.0
1782765240,29735.6,29739.1,29730.0,29735.3,237.0
1782765300,29734.8,29746.0,29734.1,29737.3,234.0
1782765360,29737.0,29751.0,29730.3,29749.0,241.0
1782765420,29748.8,29750.9,29737.5,29739.9,215.0
1782765480,29740.1,29743.8,29734.8,29738.3,228.0
1782765540,29738.5,29748.9,29737.0,29746.3,235.0
1782765600,29746.0,29749.4,29736.1,29736.9,227.0
1782765660,29737.0,29747.1,29736.0,29736.3,228.0
1782765720,29737.0,29747.0,29737.0,29742.5,203.0
1782765780,29742.8,29744.5,29736.5,29741.5,203.0
1782765840,29741.6,29746.4,29738.3,29743.5,223.0
1782765900,29743.8,29753.5,29732.3,29752.8,232.0
1782765960,29750.5,29753.3,29745.4,29750.0,237.0
1782766020,29749.8,29762.5,29748.6,29761.3,221.0
1782766080,29761.3,29763.6,29756.3,29757.8,220.0
1782766140,29758.1,29761.8,29754.9,29759.9,224.0
1782766200,29760.0,29761.3,29745.8,29746.8,223.0
1782766260,29746.0,29756.1,29746.0,29754.6,219.0
1782766320,29754.8,29764.0,29753.1,29762.8,216.0
1782766380,29762.8,29767.5,29755.4,29759.3,200.0
1782766440,29759.5,29767.5,29754.9,29756.1,211.0
1782766500,29756.1,29763.4,29754.8,29763.0,213.0
1782766560,29763.0,29767.9,29756.8,29759.0,227.0
1782766620,29759.0,29762.0,29743.9,29748.1,224.0
1782766680,29748.4,29750.6,29729.5,29739.5,256.0
1782766740,29739.8,29749.8,29737.5,29742.8,221.0
1782766800,29742.6,29745.0,29732.5,29735.0,260.0
1782766860,29734.5,29756.8,29732.5,29752.0,238.0
1782766920,29752.3,29754.5,29748.3,29749.0,241.0
1782766980,29748.8,29756.5,29747.3,29754.0,245.0
1782767040,29754.0,29760.0,29747.0,29752.3,225.0
1782767100,29752.3,29762.8,29751.5,29758.3,231.0
1782767160,29758.6,29759.8,29751.1,29756.3,243.0
1782767220,29756.0,29758.3,29750.8,29755.0,215.0
1782767280,29754.5,29755.6,29742.9,29755.6,227.0
1782767340,29755.6,29756.0,29745.0,29749.4,225.0
1782767400,29749.1,29758.9,29746.6,29754.5,220.0
1782767460,29754.8,29756.0,29745.5,29749.8,226.0
1782767520,29749.9,29754.5,29745.8,29754.5,211.0
1782767580,29753.5,29759.5,29752.5,29758.9,221.0
1782767640,29758.9,29761.5,29756.4,29759.8,215.0
1782767700,29759.5,29762.9,29755.0,29760.5,218.0
1782767760,29761.1,29761.6,29748.6,29749.5,218.0
1782767820,29749.5,29756.4,29747.5,29747.9,219.0
1782767880,29748.3,29757.3,29748.3,29752.9,204.0
1782767940,29752.0,29763.0,29752.0,29757.8,194.0
1782768000,29756.8,29756.9,29735.1,29752.8,249.0
1782768060,29753.4,29753.9,29740.1,29750.1,235.0
1782768120,29750.5,29761.3,29748.6,29755.3,192.0
1782768180,29755.4,29757.3,29745.8,29748.0,218.0
1782768240,29747.9,29749.8,29739.5,29742.8,217.0
1782768300,29742.5,29742.5,29733.6,29734.5,221.0
1782768360,29736.0,29740.0,29734.0,29736.5,229.0
1782768420,29737.5,29743.0,29731.1,29738.5,240.0
1782768480,29739.5,29739.5,29729.0,29730.3,221.0
1782768540,29730.0,29735.8,29725.8,29731.3,237.0
1782768600,29731.3,29740.8,29728.0,29735.4,251.0
1782768660,29735.4,29747.8,29734.5,29740.8,230.0
1782768720,29741.0,29755.8,29741.0,29754.8,223.0
1782768780,29754.5,29758.3,29750.8,29758.1,227.0
1782768840,29758.1,29764.5,29755.9,29761.8,219.0
1782768900,29761.9,29782.5,29761.9,29766.5,250.0
1782768960,29766.8,29776.6,29764.5,29774.8,214.0
1782769020,29775.0,29777.6,29764.0,29766.0,242.0
1782769080,29766.8,29773.5,29757.8,29771.5,239.0
1782769140,29771.0,29778.0,29770.0,29777.6,201.0
1782769200,29778.0,29786.6,29776.5,29783.9,210.0
1782769260,29783.8,29787.0,29777.3,29782.4,201.0
1782769320,29783.5,29785.9,29777.0,29785.3,236.0
1782769380,29785.5,29788.1,29780.4,29785.6,213.0
1782769440,29785.8,29795.5,29783.6,29792.5,218.0
1782769500,29792.9,29804.3,29792.5,29801.3,221.0
1782769560,29802.1,29807.6,29796.6,29796.6,227.0
1782769620,29796.6,29798.8,29788.4,29790.9,231.0
1782769680,29791.6,29797.0,29785.8,29794.6,216.0
1782769740,29794.8,29795.5,29788.1,29789.3,213.0
1782769800,29789.3,29791.0,29777.8,29780.5,227.0
1782769860,29781.8,29785.9,29772.1,29782.8,224.0
1782769920,29782.5,29784.6,29770.8,29773.5,224.0
1782769980,29774.5,29785.5,29773.6,29784.3,220.0
1782770040,29784.0,29787.4,29777.6,29784.4,206.0
1782770100,29784.4,29786.8,29773.1,29777.5,232.0
1782770160,29776.9,29781.4,29774.3,29776.0,215.0
1782770220,29776.3,29778.5,29767.4,29771.5,238.0
1782770280,29771.5,29774.6,29765.8,29773.3,219.0
1782770340,29773.3,29773.8,29765.3,29771.3,231.0
1782770400,29771.5,29775.5,29756.3,29765.3,249.0
1782770460,29766.0,29783.3,29762.0,29769.3,242.0
1782770520,29769.1,29772.1,29747.5,29756.8,250.0
1782770580,29756.6,29756.8,29746.1,29750.8,244.0
1782770640,29750.4,29755.8,29742.8,29744.1,233.0
1782770700,29743.3,29750.3,29736.5,29748.1,248.0
1782770760,29747.3,29758.3,29740.8,29758.0,233.0
1782770820,29758.5,29776.0,29758.3,29773.1,244.0
1782770880,29772.5,29772.6,29764.3,29767.3,212.0
1782770940,29767.3,29772.3,29760.0,29761.5,227.0
1782771000,29761.8,29765.5,29754.0,29761.0,235.0
1782771060,29761.1,29768.3,29757.0,29758.5,230.0
1782771120,29758.4,29763.3,29751.3,29753.0,228.0
1782771180,29752.6,29759.3,29750.0,29750.9,235.0
1782771240,29750.9,29755.3,29747.5,29753.0,234.0
1782771300,29752.8,29758.8,29745.8,29752.8,235.0
1782771360,29752.4,29767.3,29752.4,29766.0,235.0
1782771420,29766.3,29767.0,29756.9,29761.0,227.0
1782771480,29760.5,29772.5,29759.0,29766.1,232.0
1782771540,29766.0,29767.0,29761.1,29761.8,224.0
1782771600,29761.9,29781.3,29761.6,29780.0,226.0
1782771660,29780.0,29784.0,29771.1,29778.5,240.0
1782771720,29778.8,29789.4,29778.5,29788.4,226.0
1782771780,29788.4,29797.1,29787.1,29795.9,250.0
1782771840,29795.3,29795.9,29785.0,29785.4,221.0
1782771900,29785.8,29789.6,29773.1,29776.0,228.0
1782771960,29776.3,29778.5,29767.8,29769.1,245.0
1782772020,29769.1,29774.5,29767.6,29771.8,234.0
1782772080,29771.5,29773.9,29768.3,29771.1,221.0
1782772140,29771.0,29772.6,29764.1,29764.8,231.0
1782772200,29765.0,29768.5,29755.6,29756.6,247.0
1782772260,29756.9,29759.0,29752.4,29755.3,230.0
1782772320,29754.6,29758.6,29751.1,29757.5,227.0
1782772380,29757.0,29758.0,29748.8,29750.3,227.0
1782772440,29750.0,29751.3,29743.6,29747.0,224.0
1782772500,29747.3,29765.8,29746.3,29762.1,235.0
1782772560,29761.8,29764.6,29753.0,29761.5,228.0
1782772620,29761.9,29765.6,29753.8,29760.3,217.0
1782772680,29760.3,29764.4,29758.0,29759.1,208.0
1782772740,29758.9,29770.5,29756.1,29770.1,214.0
1782772800,29771.6,29785.5,29768.1,29778.3,235.0
1782772860,29777.5,29779.0,29769.8,29771.6,235.0
1782772920,29771.3,29771.3,29753.8,29759.5,215.0
1782772980,29760.3,29761.3,29749.0,29754.3,223.0
1782773040,29754.3,29759.5,29747.9,29759.5,232.0
1782773100,29758.5,29769.0,29754.5,29759.3,248.0
1782773160,29759.0,29767.6,29755.5,29760.9,241.0
1782773220,29761.4,29765.1,29754.0,29756.3,232.0
1782773280,29756.3,29761.3,29753.8,29754.5,244.0
1782773340,29753.5,29763.4,29753.4,29761.8,225.0
1782773400,29765.4,29765.4,29720.9,29722.8,259.0
1782773460,29725.4,29730.6,29717.8,29719.6,256.0
1782773520,29724.9,29728.3,29715.9,29716.4,253.0
1782773580,29714.4,29737.1,29714.4,29724.4,248.0
1782773640,29723.8,29736.6,29719.8,29730.5,247.0
1782773700,29735.8,29759.6,29735.8,29745.6,269.0
1782773760,29744.8,29751.5,29739.3,29747.5,259.0
1782773820,29747.8,29757.4,29745.1,29754.5,248.0
1782773880,29754.4,29786.1,29754.4,29781.9,249.0
1782773940,29780.4,29805.6,29777.3,29786.4,275.0
1782774000,29788.4,29788.4,29736.9,29748.6,280.0
1782774060,29748.4,29765.3,29745.9,29762.6,259.0
1782774120,29762.9,29768.1,29751.1,29766.1,242.0
1782774180,29765.9,29784.3,29755.3,29784.3,260.0
1782774240,29783.4,29784.3,29764.3,29769.9,233.0
1782774300,29769.6,29772.4,29758.8,29763.0,196.0
1782774360,29762.6,29764.4,29756.5,29759.5,185.0
1782774420,29760.0,29769.8,29758.5,29769.0,151.0
1782774480,29768.8,29768.8,29763.4,29766.6,158.0
1782774540,29766.6,29773.5,29761.8,29769.6,152.0
1782774600,29769.8,29776.0,29764.3,29765.0,179.0
1782774660,29766.0,29770.5,29759.5,29762.8,179.0
1782774720,29762.8,29767.9,29762.5,29765.8,131.0
1782774780,29765.8,29770.6,29762.5,29765.0,136.0
1782774840,29765.1,29768.5,29761.3,29764.5,160.0
1782774900,29764.5,29766.6,29759.6,29764.3,154.0
1782774960,29764.0,29764.0,29760.4,29761.3,141.0
1782775020,29761.3,29763.8,29756.0,29761.8,143.0
1782775080,29761.3,29761.9,29754.6,29755.6,132.0
1782775140,29755.6,29759.6,29755.4,29758.8,135.0
1782775200,29758.9,29766.0,29758.9,29765.0,108.0
1782775260,29765.0,29769.3,29764.1,29765.0,116.0
1782775320,29764.8,29767.6,29764.6,29767.4,98.0
1782775380,29767.5,29768.4,29763.9,29767.8,110.0
1782775440,29767.4,29775.3,29767.3,29768.6,145.0
1782775500,29768.6,29770.8,29767.4,29768.9,96.0
1782775560,29768.9,29771.8,29767.5,29769.5,102.0
1782775620,29769.5,29769.6,29763.3,29766.4,110.0
1782775680,29766.3,29767.3,29763.4,29763.4,75.0
1782775740,29763.4,29764.5,29758.6,29759.5,99.0
1782775800,29759.4,29760.4,29751.1,29754.9,135.0
1782775860,29755.3,29756.8,29750.8,29752.3,101.0
1782775920,29752.0,29753.4,29750.5,29750.9,79.0
1782775980,29750.8,29753.3,29748.3,29750.4,97.0
1782776040,29750.4,29754.3,29748.8,29753.6,96.0
1782776100,29753.6,29754.9,29747.8,29748.1,117.0
1782776160,29748.0,29749.8,29742.5,29742.5,118.0
1782776220,29742.9,29743.5,29736.0,29741.6,155.0
1782776280,29741.6,29743.6,29738.6,29740.0,99.0
1782776340,29740.0,29742.6,29738.9,29740.6,94.0
1782776400,29740.5,29741.5,29738.5,29739.9,96.0
1782776460,29739.9,29740.0,29734.6,29737.4,102.0
1782776520,29737.4,29742.9,29737.4,29741.6,112.0
1782776580,29741.4,29744.1,29741.0,29742.3,102.0
1782776640,29742.5,29744.0,29740.1,29743.6,102.0
1782776700,29743.4,29744.0,29740.0,29742.5,97.0
1782776760,29743.1,29744.6,29740.1,29740.4,75.0
1782776820,29740.4,29742.3,29738.6,29739.5,91.0
1782776880,29739.5,29741.1,29732.0,29740.3,118.0
1782776940,29740.3,29745.0,29738.8,29741.4,123.0
1782777000,29741.4,29746.6,29738.8,29742.4,122.0
1782777060,29742.4,29744.4,29740.5,29740.9,125.0
1782777120,29740.9,29743.5,29740.1,29740.9,90.0
1782777180,29740.8,29742.6,29740.5,29741.6,73.0
1782777240,29741.6,29745.5,29741.5,29741.6,107.0
1782777300,29741.6,29753.0,29738.8,29750.8,143.0
1782777360,29750.8,29752.4,29743.4,29744.1,119.0
1782777420,29744.1,29745.8,29742.9,29745.8,114.0
1782777480,29745.8,29749.3,29745.4,29747.0,122.0
1782777540,29727.6,29729.3,29713.1,29715.6,137.0
1782781200,29743.5,29749.8,29720.0,29733.8,183.0
1782781260,29735.3,29735.3,29718.6,29720.0,191.0
1782781320,29720.8,29726.9,29714.3,29724.8,154.0
1782781380,29724.0,29747.3,29724.0,29740.3,191.0
1782781440,29740.6,29754.0,29728.5,29730.5,171.0
1782781500,29730.5,29761.4,29727.4,29756.9,189.0
1782781560,29756.9,29756.9,29730.0,29737.8,181.0
1782781620,29737.9,29744.5,29734.5,29739.6,162.0
1782781680,29740.3,29745.3,29732.9,29745.0,118.0
1782781740,29745.0,29765.0,29744.5,29762.5,188.0
1782781800,29762.6,29774.1,29761.0,29767.8,176.0
1782781860,29767.6,29770.1,29764.0,29764.9,140.0
1782781920,29764.9,29764.9,29749.0,29755.4,128.0
1782781980,29755.5,29759.6,29747.6,29753.0,132.0
1782782040,29751.8,29753.4,29749.6,29752.4,119.0
1782782100,29752.8,29758.9,29750.4,29754.4,111.0
1782782160,29754.4,29756.9,29752.6,29755.5,106.0
1782782220,29755.6,29758.1,29752.4,29753.9,93.0
1782782280,29753.9,29754.0,29745.6,29750.0,115.0
1782782340,29749.9,29764.8,29748.8,29764.5,122.0
1782782400,29763.8,29776.8,29763.6,29770.4,147.0
1782782460,29768.9,29772.1,29768.3,29770.9,115.0
1782782520,29770.9,29774.8,29769.1,29773.8,102.0
1782782580,29773.8,29774.8,29770.1,29771.0,114.0
1782782640,29770.9,29771.0,29762.3,29762.9,117.0
1782782700,29762.9,29769.6,29760.6,29763.4,105.0
1782782760,29763.4,29763.4,29752.8,29756.9,101.0
1782782820,29756.9,29757.4,29753.9,29754.9,82.0
1782782880,29755.0,29758.1,29754.3,29755.4,64.0
1782782940,29755.3,29755.4,29747.6,29751.4,105.0
1782783000,29751.4,29758.1,29749.5,29752.9,117.0
1782783060,29752.9,29752.9,29741.3,29743.4,136.0
1782783120,29744.0,29744.0,29737.5,29740.3,138.0
1782783180,29739.9,29740.3,29733.4,29735.8,137.0
1782783240,29735.9,29741.8,29735.6,29738.9,132.0
1782783300,29739.4,29742.8,29737.9,29739.3,95.0
1782783360,29739.1,29740.3,29737.0,29738.5,75.0
1782783420,29738.5,29740.1,29736.8,29738.4,78.0
1782783480,29738.4,29743.9,29738.0,29742.8,78.0
1782783540,29742.6,29743.8,29741.6,29742.6,79.0
1782783600,29742.6,29745.9,29741.0,29744.4,82.0
1782783660,29743.6,29757.1,29739.1,29754.0,129.0
1782783720,29754.0,29765.3,29752.4,29761.1,107.0
1782783780,29761.1,29769.4,29759.4,29767.0,145.0
1782783840,29766.9,29768.0,29760.9,29762.6,137.0
1782783900,29762.6,29765.4,29761.4,29762.8,104.0
1782783960,29762.6,29765.3,29759.0,29762.6,106.0
1782784020,29762.6,29762.6,29757.9,29759.1,95.0
1782784080,29759.0,29759.4,29756.3,29757.0,102.0
1782784140,29756.9,29758.1,29754.8,29756.1,109.0
1782784200,29756.1,29756.1,29750.0,29751.4,95.0
1782784260,29751.4,29751.4,29745.0,29749.0,100.0
1782784320,29749.1,29749.3,29746.1,29746.6,59.0
1782784380,29746.6,29749.5,29744.5,29746.4,83.0
1782784440,29746.4,29757.5,29746.3,29756.9,85.0
1782784500,29757.0,29757.8,29751.9,29751.9,76.0
1782784560,29751.9,29751.9,29747.3,29750.1,93.0
1782784620,29750.0,29751.9,29747.8,29750.8,87.0
1782784680,29750.9,29753.3,29750.9,29751.9,74.0
1782784740,29751.9,29753.9,29751.4,29753.4,70.0
1782784800,29753.4,29755.5,29747.6,29747.9,79.0
1782784860,29747.8,29755.5,29747.8,29752.6,79.0
1782784920,29752.4,29759.6,29752.4,29757.1,93.0
1782784980,29757.1,29759.1,29756.1,29757.8,90.0
1782785040,29757.9,29764.8,29757.9,29763.9,78.0
1782785100,29763.9,29764.0,29759.4,29762.6,89.0
1782785160,29762.6,29765.9,29759.3,29765.4,105.0
1782785220,29765.5,29768.8,29765.5,29766.9,104.0
1782785280,29766.6,29768.4,29764.5,29767.0,89.0
1782785340,29767.0,29778.4,29766.1,29778.3,98.0
1782785400,29778.3,29785.9,29775.4,29781.1,140.0
1782785460,29781.1,29785.3,29780.1,29780.1,119.0
1782785520,29780.3,29780.8,29767.5,29770.0,140.0
1782785580,29769.9,29773.3,29769.5,29769.9,73.0
1782785640,29770.0,29773.8,29769.5,29771.6,95.0
1782785700,29771.6,29775.1,29767.0,29769.8,101.0
1782785760,29769.8,29779.1,29769.5,29777.5,84.0
1782785820,29777.5,29782.1,29777.0,29778.3,94.0
1782785880,29778.4,29784.1,29774.3,29774.6,107.0
1782785940,29774.5,29775.5,29772.4,29773.1,86.0
1782786000,29773.1,29777.5,29772.3,29777.5,76.0
1782786060,29777.4,29781.9,29776.0,29776.4,75.0
1782786120,29776.4,29776.5,29774.9,29775.9,50.0
1782786180,29776.0,29776.0,29765.5,29767.4,104.0
1782786240,29767.4,29770.3,29765.3,29768.8,85.0
1782786300,29768.8,29773.5,29768.5,29773.0,63.0
1782786360,29773.0,29774.9,29771.4,29771.8,55.0
1782786420,29771.9,29781.3,29771.9,29778.6,99.0
1782786480,29778.5,29785.0,29775.4,29783.6,97.0
1782786540,29783.6,29783.8,29777.5,29777.5,86.0
1782786600,29777.5,29783.0,29769.3,29781.6,109.0
1782786660,29781.5,29781.9,29778.4,29781.5,89.0
1782786720,29781.9,29783.6,29780.4,29780.4,122.0
1782786780,29780.3,29790.3,29780.1,29790.0,88.0
1782786840,29789.9,29794.1,29789.4,29793.8,103.0
1782786900,29793.8,29793.8,29790.6,29791.1,66.0
1782786960,29791.1,29791.3,29786.1,29787.3,111.0
1782787020,29787.5,29795.0,29787.5,29789.3,94.0
1782787080,29789.3,29789.9,29785.8,29788.3,98.0
1782787140,29788.3,29789.0,29783.9,29783.9,102.0
1782787200,29783.6,29787.5,29782.0,29787.5,106.0
1782787260,29787.5,29790.5,29785.8,29789.0,110.0
1782787320,29789.0,29790.3,29782.8,29785.0,85.0
1782787380,29784.9,29788.4,29783.3,29783.6,113.0
1782787440,29783.6,29788.4,29782.1,29783.8,120.0
1782787500,29783.8,29786.3,29775.1,29778.6,205.0
1782787560,29778.5,29785.4,29775.4,29781.0,175.0
1782787620,29780.9,29781.8,29776.9,29780.3,151.0
1782787680,29780.1,29780.4,29769.5,29770.9,169.0
1782787740,29771.1,29772.0,29764.5,29770.4,164.0
1782787800,29772.4,29777.5,29766.4,29767.9,134.0
1782787860,29767.9,29768.6,29765.4,29765.8,128.0
1782787920,29766.1,29768.3,29762.4,29767.0,116.0
1782787980,29765.5,29768.0,29759.5,29762.9,127.0
1782788040,29762.9,29772.3,29761.0,29771.4,123.0
1782788100,29771.5,29782.8,29769.3,29780.1,165.0
1782788160,29780.1,29781.3,29776.0,29778.3,127.0
1782788220,29778.3,29788.3,29777.3,29782.1,151.0
1782788280,29782.0,29785.8,29778.6,29780.5,146.0
1782788340,29779.5,29792.0,29775.9,29781.4,157.0
1782788400,29778.0,29778.1,29757.0,29762.9,235.0
1782788460,29763.4,29771.0,29753.4,29759.3,255.0
1782788520,29758.9,29773.5,29757.9,29764.8,242.0
1782788580,29764.8,29774.0,29758.9,29764.0,238.0
1782788640,29764.0,29794.4,29760.9,29792.6,239.0
1782788700,29793.6,29804.4,29788.5,29801.1,240.0
1782788760,29801.5,29821.0,29801.5,29809.5,259.0
1782788820,29810.3,29812.5,29794.8,29810.9,259.0
1782788880,29810.4,29813.0,29793.8,29800.6,246.0
1782788940,29800.6,29806.3,29791.0,29791.0,246.0
1782789000,29791.1,29795.3,29778.0,29790.9,256.0
1782789060,29791.1,29812.0,29789.0,29809.0,264.0
1782789120,29808.6,29826.3,29807.5,29822.5,249.0
1782789180,29822.4,29823.6,29802.6,29808.9,255.0
1782789240,29808.9,29811.8,29804.0,29809.9,235.0
1782789300,29809.9,29815.6,29797.5,29812.4,250.0
1782789360,29811.6,29820.8,29807.1,29815.9,257.0
1782789420,29816.0,29827.4,29814.5,29823.9,228.0
1782789480,29823.9,29823.9,29803.3,29804.5,242.0
1782789540,29805.0,29808.3,29800.0,29802.9,242.0
1782789600,29802.8,29809.3,29791.1,29791.3,227.0
1782789660,29789.8,29799.8,29782.4,29787.0,254.0
1782789720,29787.4,29791.8,29776.4,29786.3,248.0
1782789780,29786.3,29790.5,29773.4,29775.0,247.0
1782789840,29775.0,29787.1,29767.6,29786.9,255.0
1782789900,29786.9,29790.6,29780.0,29783.0,251.0
1782789960,29783.0,29788.8,29775.0,29782.9,236.0
1782790020,29782.9,29783.4,29757.4,29758.1,219.0
1782790080,29758.1,29758.9,29731.9,29732.8,251.0
1782790140,29731.9,29739.6,29729.0,29738.5,241.0
1782790200,29738.5,29744.5,29705.5,29713.1,262.0
1782790260,29714.3,29717.1,29698.8,29703.1,256.0
1782790320,29703.1,29711.5,29680.5,29703.4,269.0
1782790380,29703.8,29713.0,29702.4,29706.8,245.0
1782790440,29706.6,29709.0,29696.9,29707.1,244.0
1782790500,29707.1,29716.4,29696.6,29713.8,259.0
1782790560,29714.6,29718.0,29696.0,29699.9,247.0
1782790620,29699.9,29702.6,29690.9,29699.1,253.0
1782790680,29699.9,29703.5,29689.9,29702.6,258.0
1782790740,29702.6,29709.6,29696.5,29706.4,257.0
1782790800,29706.1,29723.8,29706.1,29712.3,254.0
1782790860,29712.0,29713.6,29695.8,29698.4,233.0
1782790920,29698.4,29698.4,29680.0,29683.9,259.0
1782790980,29683.6,29690.8,29681.1,29684.9,240.0
1782791040,29685.9,29690.4,29680.0,29684.0,239.0
1782791100,29684.3,29692.4,29677.3,29689.1,244.0
1782791160,29688.3,29727.0,29687.6,29721.6,254.0
1782791220,29722.0,29722.0,29708.3,29716.1,246.0
1782791280,29715.1,29735.4,29714.1,29718.6,241.0
1782791340,29719.1,29731.3,29718.1,29730.9,251.0
1782791400,29730.9,29738.8,29718.9,29720.6,268.0
1782791460,29720.9,29741.3,29720.9,29740.9,234.0
1782791520,29741.0,29752.9,29737.0,29749.9,223.0
1782791580,29749.0,29754.0,29741.5,29750.0,219.0
1782791640,29749.3,29752.8,29741.9,29748.6,217.0
1782791700,29748.5,29751.8,29742.9,29749.1,250.0
1782791760,29749.0,29755.9,29740.0,29740.1,234.0
1782791820,29739.8,29748.6,29735.3,29744.1,239.0
1782791880,29744.0,29752.4,29740.3,29750.0,228.0
1782791940,29750.4,29752.4,29742.4,29751.0,230.0
1782792000,29754.3,29760.5,29717.5,29721.3,258.0
1782792060,29721.0,29725.4,29713.9,29718.6,257.0
1782792120,29718.4,29726.0,29709.5,29711.9,256.0
1782792180,29712.0,29720.1,29704.8,29717.4,264.0
1782792240,29717.5,29725.8,29714.5,29720.1,247.0
1782792300,29719.8,29723.5,29712.9,29717.9,257.0
1782792360,29717.9,29721.5,29708.1,29711.3,245.0
1782792420,29711.3,29718.8,29706.6,29712.1,238.0
1782792480,29712.4,29726.9,29702.9,29722.0,228.0
1782792540,29721.4,29722.8,29701.8,29703.5,244.0
1782792600,29703.5,29707.9,29698.9,29701.4,250.0
1782792660,29701.6,29706.8,29697.1,29701.9,237.0
1782792720,29702.4,29715.1,29700.0,29700.4,247.0
1782792780,29700.6,29701.1,29692.5,29697.8,237.0
1782792840,29697.5,29711.8,29696.5,29709.0,245.0
1782792900,29709.0,29718.5,29701.8,29709.5,250.0
1782792960,29708.8,29713.5,29703.1,29711.9,245.0
1782793020,29713.4,29722.0,29704.5,29709.1,250.0
1782793080,29708.3,29725.9,29705.1,29723.1,241.0
1782793140,29723.9,29736.0,29723.9,29734.1,252.0
1782793200,29734.3,29736.0,29727.4,29731.8,254.0
1782793260,29731.3,29735.6,29720.6,29734.9,240.0
1782793320,29734.9,29749.1,29734.8,29748.9,229.0
1782793380,29748.5,29751.5,29739.8,29743.4,214.0
1782793440,29743.4,29754.8,29739.9,29744.1,229.0
1782793500,29744.1,29749.0,29735.6,29739.0,212.0
1782793560,29739.4,29768.3,29739.0,29766.9,236.0
1782793620,29768.8,29774.9,29766.1,29773.0,228.0
1782793680,29773.1,29800.4,29767.3,29789.6,236.0
1782793740,29789.1,29807.1,29786.4,29806.1,212.0
1782793800,29806.9,29811.0,29789.0,29808.1,250.0
1782793860,29808.4,29814.9,29801.5,29806.9,244.0
1782793920,29806.8,29820.0,29800.6,29817.9,235.0
1782793980,29818.0,29818.4,29800.6,29802.1,245.0
1782794040,29801.8,29804.3,29793.1,29797.0,227.0
1782794100,29796.9,29798.1,29781.9,29785.0,240.0
1782794160,29785.0,29790.9,29776.0,29776.8,249.0
1782794220,29776.9,29779.6,29764.3,29765.4,235.0
1782794280,29766.4,29774.6,29755.6,29772.0,228.0
1782794340,29772.6,29777.0,29767.4,29770.9,240.0
1782794400,29769.9,29778.8,29769.6,29775.4,226.0
1782794460,29775.9,29789.9,29775.9,29789.6,240.0
1782794520,29789.8,29795.9,29784.9,29794.0,230.0
1782794580,29794.0,29795.6,29782.6,29788.4,232.0
1782794640,29789.3,29797.1,29787.1,29790.0,221.0
1782794700,29789.9,29797.9,29781.5,29782.3,242.0
1782794760,29782.0,29783.3,29766.3,29767.9,219.0
1782794820,29767.9,29768.6,29756.8,29762.9,224.0
1782794880,29763.1,29775.8,29758.9,29774.3,232.0
1782794940,29774.5,29783.1,29774.3,29776.4,230.0
1782795000,29776.4,29785.0,29769.5,29773.1,228.0
1782795060,29773.1,29782.0,29770.5,29776.0,237.0
1782795120,29776.6,29784.6,29774.3,29782.3,207.0
1782795180,29782.5,29786.3,29780.3,29785.6,207.0
1782795240,29785.6,29789.9,29781.6,29785.1,226.0
1782795300,29785.8,29789.4,29781.8,29785.6,218.0
1782795360,29785.0,29795.5,29784.3,29792.6,204.0
1782795420,29792.5,29796.5,29791.5,29794.3,213.0
1782795480,29794.3,29794.3,29789.6,29790.3,209.0
1782795540,29790.0,29796.0,29787.1,29795.4,222.0
1782795600,29796.8,29797.4,29775.1,29776.5,228.0
1782795660,29775.8,29777.3,29764.6,29767.1,232.0
1782795720,29767.3,29772.5,29764.8,29770.9,226.0
1782795780,29771.0,29771.4,29760.0,29767.3,217.0
1782795840,29767.8,29771.8,29759.3,29762.4,197.0
1782795900,29762.4,29763.1,29752.4,29753.1,182.0
1782795960,29753.3,29766.3,29751.8,29763.1,214.0
1782796020,29763.3,29769.3,29759.3,29759.8,213.0
1782796080,29759.9,29764.1,29757.4,29761.6,202.0
1782796140,29761.3,29772.8,29759.4,29769.3,203.0
1782796200,29769.1,29770.0,29756.9,29759.4,204.0
1782796260,29759.4,29760.1,29746.8,29752.9,218.0
1782796320,29752.9,29762.8,29747.8,29759.9,213.0
1782796380,29759.5,29762.0,29744.0,29744.8,182.0
1782796440,29745.1,29749.8,29742.5,29747.4,201.0
1782796500,29747.4,29752.9,29731.1,29732.3,204.0
1782796560,29732.1,29735.1,29721.9,29722.9,222.0
1782796620,29722.9,29732.9,29719.8,29730.1,220.0
1782796680,29730.5,29740.9,29727.3,29740.5,215.0
1782796740,29740.0,29744.6,29738.8,29740.1,186.0
1782796800,29740.1,29749.4,29739.5,29741.0,194.0
1782796860,29741.1,29755.0,29736.8,29753.9,216.0
1782796920,29753.5,29763.4,29751.0,29762.5,210.0
1782796980,29762.4,29772.0,29760.9,29770.5,199.0
1782797040,29770.8,29775.3,29764.9,29774.0,193.0
1782797100,29773.8,29777.4,29770.3,29774.6,185.0
1782797160,29774.8,29779.1,29772.0,29773.0,210.0
1782797220,29773.0,29773.9,29761.5,29773.0,211.0
1782797280,29772.9,29778.9,29771.0,29774.6,193.0
1782797340,29774.5,29780.4,29769.3,29770.4,205.0
1782797400,29770.3,29774.3,29766.4,29771.0,214.0
1782797460,29770.5,29785.3,29768.3,29782.8,209.0
1782797520,29782.8,29792.9,29778.1,29780.6,194.0
1782797580,29780.6,29780.9,29771.1,29771.1,175.0
1782797640,29771.0,29775.6,29765.6,29771.8,179.0
1782797700,29771.8,29775.4,29768.3,29770.6,200.0
1782797760,29770.5,29773.3,29765.6,29771.4,204.0
1782797820,29771.4,29775.6,29766.1,29775.4,196.0
1782797880,29775.3,29776.3,29769.9,29773.0,196.0
1782797940,29773.0,29776.1,29770.4,29773.1,177.0
1782798000,29773.3,29777.6,29771.3,29771.4,188.0
1782798060,29771.4,29776.6,29767.1,29768.1,199.0
1782798120,29767.6,29772.5,29764.3,29764.4,176.0
1782798180,29764.4,29766.6,29759.6,29761.9,175.0
1782798240,29761.0,29764.1,29758.3,29763.5,162.0
1782798300,29763.5,29766.0,29761.1,29762.3,194.0
1782798360,29762.6,29768.3,29760.5,29765.8,180.0
1782798420,29765.6,29769.4,29762.9,29768.4,168.0
1782798480,29768.9,29775.3,29768.4,29772.8,162.0
1782798540,29772.8,29781.4,29772.3,29777.3,158.0
1782798600,29777.3,29779.1,29775.0,29777.8,170.0
1782798660,29777.9,29783.9,29776.4,29782.8,194.0
1782798720,29782.8,29783.4,29770.4,29772.1,163.0
1782798780,29772.1,29776.8,29771.1,29776.1,141.0
1782798840,29776.1,29778.4,29771.6,29777.6,150.0
1782798900,29777.9,29782.8,29773.9,29775.1,182.0
1782798960,29775.3,29777.3,29769.8,29772.6,175.0
1782799020,29772.8,29777.3,29768.3,29770.4,177.0
1782799080,29769.9,29771.3,29767.4,29768.9,149.0
1782799140,29767.9,29768.3,29758.1,29761.8,204.0
1782799200,29761.5,29764.5,29753.0,29754.6,187.0
1782799260,29755.1,29760.9,29752.9,29755.6,198.0
1782799320,29755.3,29760.6,29753.8,29758.6,194.0
1782799380,29758.8,29762.0,29757.8,29760.4,155.0
1782799440,29760.3,29769.1,29759.9,29764.9,170.0
1782799500,29764.9,29773.5,29762.6,29773.0,163.0
1782799560,29773.1,29781.3,29773.0,29779.0,171.0
1782799620,29778.8,29779.3,29774.9,29776.1,145.0
1782799680,29776.0,29777.0,29772.0,29776.9,165.0
1782799740,29776.9,29783.6,29775.3,29782.5,171.0
1782799800,29782.4,29783.3,29773.1,29773.1,182.0
1782799860,29773.1,29777.3,29771.9,29776.0,170.0
1782799920,29776.0,29782.4,29775.4,29780.5,145.0
1782799980,29779.9,29783.9,29776.5,29783.8,160.0
1782800040,29783.4,29786.6,29772.9,29772.9,167.0
1782800100,29773.0,29784.1,29773.0,29784.1,167.0
1782800160,29783.5,29789.5,29783.3,29789.5,175.0
1782800220,29789.5,29794.4,29788.6,29794.3,147.0
1782800280,29794.3,29797.9,29791.1,29797.8,163.0
1782800340,29797.5,29801.3,29793.8,29794.8,190.0
1782800400,29794.5,29799.3,29791.9,29797.8,178.0
1782800460,29797.6,29798.1,29791.6,29791.8,172.0
1782800520,29792.0,29794.0,29785.0,29793.4,183.0
1782800580,29793.4,29799.5,29792.4,29793.5,163.0
1782800640,29793.5,29793.5,29784.8,29788.1,177.0
1782800700,29787.8,29788.0,29782.3,29784.8,166.0
1782800760,29784.8,29791.8,29783.9,29787.1,162.0
1782800820,29787.4,29798.8,29785.3,29798.8,188.0
1782800880,29799.5,29806.4,29795.5,29804.8,192.0
1782800940,29804.6,29806.8,29802.9,29802.9,172.0
1782801000,29802.9,29816.8,29802.9,29804.6,222.0
1782801060,29804.6,29806.6,29798.1,29801.6,192.0
1782801120,29801.5,29813.3,29801.5,29811.6,167.0
1782801180,29811.6,29815.4,29807.5,29809.8,176.0
1782801240,29809.6,29822.5,29807.5,29819.0,194.0
1782801300,29819.0,29825.4,29815.3,29815.3,178.0
1782801360,29815.0,29847.5,29813.5,29845.5,223.0
1782801420,29845.5,29852.6,29841.8,29849.9,207.0
1782801480,29849.9,29857.0,29847.0,29854.1,172.0
1782801540,29854.3,29859.3,29854.0,29856.4,172.0
1782801600,29856.5,29859.0,29849.4,29857.8,197.0
1782801660,29857.5,29861.6,29854.0,29858.3,204.0
1782801720,29864.9,29871.0,29861.5,29862.8,195.0
1782801780,29862.8,29863.5,29855.5,29860.9,187.0
1782801840,29861.1,29861.5,29856.6,29858.4,190.0
1782801900,29858.5,29861.0,29853.8,29855.9,202.0
1782801960,29855.8,29861.1,29850.3,29854.3,185.0
1782802020,29854.1,29860.0,29851.4,29855.6,181.0
1782802080,29855.8,29861.3,29851.9,29852.8,181.0
1782802140,29851.8,29854.6,29849.6,29854.0,158.0
1782802200,29854.0,29867.5,29853.8,29864.3,197.0
1782802260,29864.3,29871.3,29862.0,29869.4,174.0
1782802320,29869.3,29870.5,29864.4,29864.8,174.0
1782802380,29864.5,29864.5,29852.3,29852.5,154.0
1782802440,29852.3,29854.5,29847.0,29847.4,143.0
1782802500,29847.4,29847.4,29832.9,29837.0,213.0
1782802560,29837.3,29843.3,29837.3,29839.9,183.0
1782802620,29839.8,29844.0,29838.0,29841.8,184.0
1782802680,29841.8,29845.8,29841.3,29844.8,168.0
1782802740,29844.5,29845.1,29836.5,29837.3,168.0
1782802800,29837.9,29847.4,29836.8,29845.9,188.0
1782802860,29845.5,29882.3,29845.4,29874.8,220.0
1782802920,29874.9,29876.9,29869.8,29872.4,194.0
1782802980,29872.9,29880.0,29871.3,29876.9,182.0
1782803040,29876.8,29885.8,29876.3,29885.8,190.0
1782803100,29885.5,29886.5,29880.9,29885.8,208.0
1782803160,29885.8,29890.5,29878.9,29885.1,184.0
1782803220,29885.0,29885.1,29877.6,29880.4,161.0
1782803280,29880.0,29880.4,29875.3,29878.8,171.0
1782803340,29877.8,29877.8,29870.1,29872.6,165.0
1782803400,29872.6,29883.5,29871.4,29874.3,192.0
1782803460,29874.3,29876.0,29872.9,29873.9,154.0
1782803520,29873.8,29877.1,29871.4,29874.5,163.0
1782803580,29874.9,29881.5,29874.5,29876.5,150.0
1782803640,29876.5,29881.0,29873.3,29880.0,145.0
1782803700,29880.0,29882.8,29874.5,29881.9,165.0
1782803760,29881.6,29881.8,29874.9,29878.4,165.0
1782803820,29878.4,29879.5,29872.9,29879.5,170.0
1782803880,29879.5,29880.8,29874.8,29876.0,139.0
1782803940,29876.0,29877.6,29873.1,29876.9,158.0
1782804000,29876.9,29882.9,29876.3,29882.0,148.0
1782804060,29882.0,29894.4,29881.9,29893.9,174.0
1782804120,29893.9,29894.6,29890.6,29893.5,153.0
1782804180,29893.5,29898.9,29890.6,29898.9,160.0
1782804240,29898.9,29898.9,29889.0,29890.4,147.0
1782804300,29890.4,29896.1,29890.0,29895.6,158.0
1782804360,29895.6,29908.0,29895.6,29906.1,180.0
1782804420,29906.1,29908.6,29904.6,29906.1,162.0
1782804480,29906.1,29908.6,29903.4,29908.6,135.0
1782804540,29908.5,29911.1,29903.8,29911.1,157.0
1782804600,29910.6,29912.9,29907.1,29910.8,177.0
1782804660,29910.6,29911.4,29903.6,29909.9,178.0
1782804720,29909.9,29913.4,29907.6,29913.1,171.0
1782804780,29912.1,29912.1,29905.5,29909.9,185.0
1782804840,29910.0,29919.6,29907.9,29917.9,183.0
1782804900,29918.0,29928.8,29917.4,29927.6,188.0
1782804960,29928.0,29933.1,29924.9,29929.0,193.0
1782805020,29928.6,29929.4,29922.6,29926.6,139.0
1782805080,29926.4,29936.1,29926.0,29935.4,174.0
1782805140,29935.4,29936.6,29933.4,29934.5,172.0
1782805200,29933.8,29934.3,29924.9,29927.3,162.0
1782805260,29927.4,29937.3,29927.0,29932.3,154.0
1782805320,29932.3,29936.1,29930.9,29932.9,130.0
1782805380,29932.9,29937.6,29932.1,29936.3,160.0
1782805440,29936.3,29943.9,29934.6,29942.4,172.0
1782805500,29942.1,29950.0,29940.4,29943.6,193.0
1782805560,29943.6,29946.1,29934.6,29935.4,167.0
1782805620,29935.4,29935.6,29925.5,29925.6,169.0
1782805680,29925.8,29932.9,29925.1,29931.8,171.0
1782805740,29931.6,29937.1,29930.5,29935.6,160.0
1782805800,29935.8,29936.9,29924.8,29932.6,158.0
1782805860,29932.4,29939.4,29931.1,29933.0,168.0
1782805920,29932.8,29940.9,29932.8,29936.8,186.0
1782805980,29936.8,29945.1,29936.1,29939.6,179.0
1782806040,29939.6,29940.3,29933.0,29937.8,176.0
1782806100,29938.1,29938.1,29931.0,29936.0,179.0
1782806160,29936.1,29943.5,29933.9,29938.1,155.0
1782806220,29938.3,29940.6,29930.6,29931.3,134.0
1782806280,29930.8,29931.3,29927.3,29928.5,148.0
1782806340,29928.6,29932.9,29927.0,29927.6,168.0
1782806400,29927.6,29939.1,29924.6,29937.4,209.0
1782806460,29937.3,29951.8,29935.9,29942.0,230.0
1782806520,29942.1,29953.4,29942.1,29950.6,218.0
1782806580,29951.0,29957.9,29948.6,29952.8,181.0
1782806640,29952.5,29952.5,29942.0,29944.4,198.0
1782806700,29944.4,29944.4,29937.4,29942.0,195.0
1782806760,29941.5,29946.6,29939.6,29943.1,186.0
1782806820,29943.1,29945.0,29940.0,29942.9,173.0
1782806880,29942.9,29948.1,29942.0,29942.9,173.0
1782806940,29942.9,29944.4,29933.4,29933.5,161.0
1782807000,29933.9,29934.8,29928.3,29932.1,190.0
1782807060,29931.9,29934.4,29926.5,29933.4,205.0
1782807120,29933.4,29937.4,29924.9,29926.0,185.0
1782807180,29925.5,29933.0,29924.3,29932.8,188.0
1782807240,29932.8,29935.9,29931.9,29933.9,154.0
1782807300,29933.5,29935.4,29922.0,29922.4,188.0
1782807360,29922.4,29926.6,29919.0,29923.0,171.0
1782807420,29923.5,29924.4,29912.1,29915.8,194.0
1782807480,29915.9,29920.0,29912.8,29915.3,195.0
1782807540,29915.4,29918.1,29912.8,29915.4,198.0
1782807600,29915.9,29925.1,29913.3,29920.5,192.0
1782807660,29920.5,29928.1,29919.3,29927.0,191.0
1782807720,29926.9,29935.1,29926.3,29934.5,168.0
1782807780,29934.5,29937.1,29930.6,29930.8,142.0
1782807840,29930.6,29934.3,29927.1,29931.9,160.0
1782807900,29932.0,29933.8,29913.0,29913.3,197.0
1782807960,29913.3,29913.8,29903.5,29907.0,200.0
1782808020,29907.0,29907.5,29897.0,29907.1,210.0
1782808080,29907.0,29913.1,29904.6,29906.3,184.0
1782808140,29906.0,29908.3,29897.5,29902.4,196.0
1782808200,29902.8,29905.5,29887.9,29900.4,238.0
1782808260,29900.9,29905.8,29889.4,29891.4,248.0
1782808320,29891.5,29894.8,29878.3,29879.3,223.0
1782808380,29879.1,29881.8,29872.5,29876.3,223.0
1782808440,29876.3,29879.1,29873.6,29876.0,214.0
1782808500,29876.0,29879.9,29862.4,29863.8,220.0
1782808560,29863.5,29865.5,29859.6,29863.3,225.0
1782808620,29862.9,29870.5,29858.0,29868.8,225.0
1782808680,29869.0,29873.0,29865.5,29868.8,191.0
1782808740,29868.6,29880.1,29861.8,29880.0,216.0
1782808800,29879.4,29890.5,29879.1,29890.1,212.0
1782808860,29890.0,29899.4,29889.4,29894.4,225.0
1782808920,29894.4,29903.3,29893.8,29896.0,190.0
1782808980,29896.0,29904.3,29887.9,29889.9,226.0
1782809040,29889.6,29895.6,29881.9,29887.5,203.0
1782809100,29887.3,29895.3,29883.3,29894.6,199.0
1782809160,29894.9,29894.9,29889.3,29893.0,206.0
1782809220,29893.1,29895.9,29887.8,29889.9,143.0
1782809280,29889.4,29898.5,29889.4,29894.0,193.0
1782809340,29894.4,29900.0,29891.8,29899.5,199.0
1782809400,29899.5,29899.8,29887.6,29890.3,172.0
1782809460,29890.1,29894.0,29888.8,29891.8,158.0
1782809520,29891.9,29908.4,29888.0,29905.8,165.0
1782809580,29905.8,29909.8,29903.8,29908.6,174.0
1782809640,29908.6,29909.4,29897.3,29903.9,201.0
1782809700,29902.1,29910.5,29896.6,29901.8,188.0
1782809760,29901.8,29911.8,29901.8,29907.0,176.0
1782809820,29907.0,29908.6,29901.0,29907.5,202.0
1782809880,29907.5,29910.8,29905.0,29907.8,181.0
1782809940,29907.6,29909.3,29902.0,29908.4,165.0
1782810000,29908.4,29913.9,29899.0,29899.6,227.0
1782810060,29899.8,29910.6,29893.0,29904.0,200.0
1782810120,29904.1,29905.3,29894.8,29900.1,226.0
1782810180,29900.4,29909.3,29899.1,29906.4,197.0
1782810240,29906.8,29910.7,29901.6,29908.0,187.0
1782810300,29908.0,29908.0,29893.4,29898.4,207.0
1782810360,29898.5,29902.5,29890.0,29899.7,224.0
1782810420,29899.5,29908.5,29899.1,29903.7,213.0
1782810480,29903.7,29904.5,29894.4,29895.1,180.0
1782810540,29894.9,29897.0,29892.5,29896.9,187.0
1782810600,29896.9,29901.7,29893.9,29896.4,199.0
1782810660,29896.7,29901.1,29892.2,29892.7,187.0
1782810720,29892.4,29896.0,29888.1,29894.4,193.0
1782810780,29894.1,29902.9,29893.6,29901.5,198.0
1782810840,29902.2,29904.7,29889.7,29892.7,204.0
1782810900,29893.1,29893.6,29885.4,29886.1,199.0
1782810960,29885.6,29886.2,29878.5,29885.5,210.0
1782811020,29885.2,29890.6,29882.4,29888.4,186.0
1782811080,29888.4,29888.4,29878.7,29881.6,173.0
1782811140,29881.6,29889.1,29880.4,29884.7,196.0
1782811200,29884.7,29886.6,29878.4,29880.0,194.0
1782811260,29880.1,29887.4,29877.4,29884.5,202.0
1782811320,29884.6,29886.5,29874.6,29875.0,177.0
1782811380,29874.9,29882.4,29871.2,29880.4,181.0
1782811440,29880.2,29882.6,29876.5,29878.4,180.0
1782811500,29878.4,29878.4,29866.0,29869.9,201.0
1782811560,29869.2,29872.4,29860.1,29870.9,212.0
1782811620,29870.7,29877.1,29866.9,29876.4,176.0
1782811680,29878.1,29887.6,29877.6,29887.5,187.0
1782811740,29887.9,29895.2,29884.2,29886.0,213.0
1782811800,29885.9,29889.6,29870.5,29870.9,241.0
1782811860,29870.6,29876.6,29869.1,29873.7,198.0
1782811920,29874.0,29877.1,29859.4,29859.5,208.0
1782811980,29859.4,29859.4,29846.4,29852.6,190.0
1782812040,29852.9,29852.9,29840.2,29847.4,202.0
1782812100,29847.1,29850.6,29840.2,29845.5,214.0
1782812160,29844.9,29860.0,29843.7,29860.0,194.0
1782812220,29859.6,29860.7,29853.2,29853.5,193.0
1782812280,29853.5,29858.4,29849.0,29858.4,132.0
1782812340,29858.5,29863.1,29852.5,29854.0,152.0
1782812400,29853.5,29854.9,29850.4,29854.9,151.0
1782812460,29854.9,29863.5,29850.1,29862.9,164.0
1782812520,29862.6,29863.1,29857.4,29861.6,137.0
1782812580,29861.6,29862.9,29856.0,29856.7,126.0
1782812640,29856.4,29857.1,29845.7,29847.6,172.0
1782812700,29846.9,29852.6,29845.2,29850.9,204.0
1782812760,29850.7,29854.4,29844.2,29852.1,171.0
1782812820,29852.1,29863.7,29850.9,29851.6,171.0
1782812880,29851.6,29860.7,29851.4,29859.1,123.0
1782812940,29859.1,29868.4,29858.6,29868.4,165.0
1782813000,29868.2,29869.0,29862.0,29862.1,122.0
1782813060,29862.1,29868.1,29862.1,29867.4,130.0
1782813120,29867.4,29870.9,29862.9,29863.7,141.0
1782813180,29864.1,29866.7,29862.0,29862.1,142.0
1782813240,29862.1,29864.9,29860.7,29863.6,146.0
1782813300,29863.6,29865.7,29861.1,29861.4,105.0
1782813360,29861.4,29868.7,29860.4,29868.6,115.0
1782813420,29868.5,29873.5,29868.0,29871.4,121.0
1782813480,29871.4,29874.7,29869.2,29869.9,121.0
1782813540,29870.9,29875.2,29866.6,29874.5,150.0
1782813600,29875.2,29875.2,29863.2,29867.4,219.0
1782813660,29867.6,29878.9,29864.1,29877.7,185.0
1782813720,29878.1,29891.0,29878.1,29884.7,209.0
1782813780,29885.1,29889.7,29881.4,29887.6,190.0
1782813840,29886.7,29887.4,29876.2,29877.0,192.0
1782813900,29877.7,29885.2,29875.7,29883.0,192.0
1782813960,29882.6,29890.1,29879.5,29884.9,176.0
1782814020,29884.9,29891.6,29881.7,29889.9,171.0
1782814080,29890.4,29890.5,29870.6,29870.7,181.0
1782814140,29870.6,29870.6,29859.1,29865.9,194.0
1782814200,29865.9,29865.9,29855.6,29855.6,208.0
1782814260,29855.0,29858.9,29851.2,29854.1,190.0
1782814320,29855.5,29860.1,29851.2,29854.9,186.0
1782814380,29855.1,29861.1,29853.0,29857.4,185.0
1782814440,29857.2,29857.2,29849.5,29854.2,187.0
1782814500,29854.1,29860.5,29851.4,29860.5,175.0
1782814560,29860.5,29865.0,29857.7,29864.0,183.0
1782814620,29864.1,29865.2,29860.1,29864.1,150.0
1782814680,29864.0,29864.5,29853.1,29855.6,179.0
1782814740,29855.9,29860.4,29854.2,29856.9,167.0
1782814800,29857.4,29863.9,29852.9,29862.5,169.0
1782814860,29861.9,29864.4,29854.9,29858.4,177.0
1782814920,29858.5,29862.0,29851.4,29857.1,150.0
1782814980,29857.0,29864.7,29853.6,29861.6,185.0
1782815040,29861.7,29872.6,29860.4,29869.5,172.0
1782815100,29869.5,29876.7,29865.9,29871.2,156.0
1782815160,29871.2,29874.5,29865.2,29866.5,144.0
1782815220,29866.6,29866.9,29858.7,29859.7,187.0
1782815280,29859.7,29866.0,29856.4,29864.9,182.0
1782815340,29865.1,29866.0,29858.6,29858.7,144.0
1782815400,29859.0,29872.0,29858.4,29866.6,173.0
1782815460,29867.9,29868.7,29861.0,29863.0,179.0
1782815520,29862.7,29868.5,29857.0,29866.9,169.0
1782815580,29866.6,29867.0,29856.9,29857.4,160.0
1782815640,29857.2,29864.5,29857.0,29860.6,164.0
1782815700,29860.6,29870.2,29860.2,29865.6,166.0
1782815760,29866.1,29870.0,29865.7,29868.0,162.0
1782815820,29867.9,29871.4,29867.4,29868.4,177.0
1782815880,29868.7,29872.5,29863.1,29863.4,158.0
1782815940,29863.4,29866.1,29855.1,29857.1,176.0
1782816000,29857.4,29863.4,29856.6,29860.4,177.0
1782816060,29860.2,29861.7,29854.2,29857.6,169.0
1782816120,29857.5,29858.4,29850.4,29853.4,158.0
1782816180,29853.2,29855.4,29848.9,29850.2,153.0
1782816240,29850.2,29851.1,29844.5,29846.7,160.0
1782816300,29847.1,29848.4,29828.4,29833.5,209.0
1782816360,29833.2,29837.4,29831.1,29837.2,171.0
1782816420,29837.2,29844.9,29836.5,29839.6,174.0
1782816480,29839.9,29843.1,29835.9,29839.1,179.0
1782816540,29840.5,29841.9,29832.9,29837.2,153.0
1782816600,29836.9,29838.2,29812.2,29813.1,198.0
1782816660,29813.4,29819.0,29811.6,29816.9,178.0
1782816720,29816.9,29827.2,29814.9,29825.5,195.0
1782816780,29825.6,29829.6,29822.7,29826.9,136.0
1782816840,29827.0,29833.9,29825.6,29831.0,171.0
1782816900,29831.1,29831.7,29824.0,29825.2,165.0
1782816960,29825.2,29828.9,29821.0,29827.1,159.0
1782817020,29827.1,29834.9,29826.4,29834.4,152.0
1782817080,29834.2,29835.6,29825.0,29829.4,147.0
1782817140,29829.4,29829.7,29823.0,29823.1,153.0
1782817200,29822.5,29850.9,29809.6,29846.6,233.0
1782817260,29847.2,29853.5,29841.4,29850.1,214.0
1782817320,29850.1,29864.1,29847.1,29859.0,230.0
1782817380,29859.1,29865.6,29854.5,29856.7,238.0
1782817440,29856.6,29858.0,29838.0,29845.5,212.0
1782817500,29845.2,29865.5,29844.5,29857.4,217.0
1782817560,29857.0,29859.2,29846.0,29852.4,205.0
1782817620,29852.5,29860.9,29850.1,29860.7,201.0
1782817680,29860.9,29868.2,29857.1,29857.7,213.0
1782817740,29857.5,29857.5,29843.7,29851.4,212.0
1782817800,29851.6,29859.6,29848.5,29858.7,207.0
1782817860,29859.0,29863.4,29857.5,29861.2,170.0
1782817920,29861.4,29865.9,29850.5,29856.5,216.0
1782817980,29856.5,29858.4,29839.4,29841.2,199.0
1782818040,29841.0,29843.7,29830.9,29831.4,191.0
1782818100,29831.1,29832.2,29819.0,29820.5,223.0
1782818160,29820.5,29825.9,29809.9,29824.5,224.0
1782818220,29824.5,29825.7,29816.0,29818.5,202.0
1782818280,29818.5,29827.6,29817.5,29827.1,192.0
1782818340,29826.7,29834.2,29823.9,29833.1,187.0
1782818400,29833.6,29842.9,29832.9,29839.4,176.0
1782818460,29839.4,29853.9,29838.0,29852.2,213.0
1782818520,29852.2,29852.5,29848.5,29849.1,182.0
1782818580,29849.2,29858.2,29847.1,29857.7,206.0
1782818640,29858.0,29860.1,29855.4,29858.6,177.0
1782818700,29858.6,29863.1,29856.6,29860.7,161.0
1782818760,29860.9,29864.9,29858.2,29861.1,151.0
1782818820,29861.2,29864.0,29857.0,29859.1,159.0
1782818880,29859.2,29865.4,29858.1,29863.1,160.0
1782818940,29861.7,29868.9,29858.2,29866.0,138.0
1782819000,29865.5,29875.9,29861.2,29861.2,193.0
1782819060,29861.4,29862.1,29847.9,29849.9,197.0
1782819120,29849.9,29850.9,29836.2,29837.2,193.0
1782819180,29837.4,29838.6,29823.7,29828.0,209.0
1782819240,29828.2,29832.0,29820.2,29821.4,203.0
1782819300,29821.5,29826.9,29814.2,29816.4,209.0
1782819360,29816.5,29821.4,29808.0,29809.5,202.0
1782819420,29809.5,29815.4,29806.2,29810.7,200.0
1782819480,29810.7,29810.7,29798.9,29802.0,200.0
1782819540,29801.9,29803.7,29778.5,29778.5,225.0
1782819600,29778.7,29781.4,29761.4,29776.4,235.0
1782819660,29777.2,29790.0,29774.0,29788.6,203.0
1782819720,29788.6,29793.9,29784.9,29787.1,203.0
1782819780,29786.9,29794.5,29786.4,29791.1,199.0
1782819840,29791.0,29795.5,29782.6,29788.2,208.0
1782819900,29788.2,29792.0,29780.0,29781.6,209.0
1782819960,29781.5,29789.4,29775.2,29788.1,200.0
1782820020,29788.1,29791.5,29784.9,29786.6,172.0
1782820080,29786.5,29788.6,29780.0,29783.6,206.0
1782820140,29783.5,29783.5,29773.0,29778.9,205.0
1782820200,29779.0,29787.7,29772.4,29776.5,210.0
1782820260,29776.5,29776.5,29763.9,29773.2,226.0
1782820320,29773.2,29792.9,29772.2,29789.5,233.0
1782820380,29789.7,29792.4,29786.7,29789.4,175.0
1782820440,29789.5,29806.1,29789.5,29806.1,208.0
1782820500,29806.0,29806.6,29801.9,29803.4,172.0
1782820560,29803.9,29810.9,29802.9,29808.9,203.0
1782820620,29809.5,29809.5,29801.4,29804.6,153.0
1782820680,29804.6,29812.6,29803.1,29811.7,144.0
1782820740,29812.1,29814.9,29810.1,29811.5,147.0
1782820800,29812.6,29823.4,29802.6,29823.4,198.0
1782820860,29823.1,29824.1,29808.6,29811.6,206.0
1782820920,29811.5,29815.1,29806.1,29809.7,187.0
1782820980,29809.7,29821.0,29808.5,29819.7,174.0
1782821040,29819.9,29822.2,29817.9,29821.7,191.0
1782821100,29821.5,29823.7,29813.4,29815.2,169.0
1782821160,29815.0,29820.2,29811.1,29812.0,149.0
1782821220,29812.5,29814.7,29808.9,29813.7,143.0
1782821280,29814.1,29814.1,29806.9,29807.0,147.0
1782821340,29807.2,29808.7,29803.1,29803.6,146.0
1782821400,29803.5,29807.7,29799.7,29805.1,170.0
1782821460,29805.1,29819.4,29804.6,29817.1,163.0
1782821520,29816.9,29818.2,29811.4,29818.2,160.0
1782821580,29818.4,29819.9,29814.7,29816.2,153.0
1782821640,29816.2,29817.1,29811.5,29816.5,137.0
1782821700,29816.5,29827.9,29815.4,29827.9,185.0
1782821760,29828.1,29828.9,29818.9,29819.4,147.0
1782821820,29819.4,29825.2,29816.6,29824.0,137.0
1782821880,29823.7,29825.5,29817.9,29824.4,183.0
1782821940,29824.2,29824.6,29819.5,29822.9,124.0
1782822000,29822.9,29824.9,29817.1,29817.6,152.0
1782822060,29817.6,29822.7,29816.1,29818.5,178.0
1782822120,29818.5,29819.0,29809.7,29810.1,159.0
1782822180,29810.2,29816.0,29807.1,29808.0,180.0
1782822240,29807.9,29810.9,29804.9,29808.2,175.0
1782822300,29808.4,29816.5,29807.9,29815.5,177.0
1782822360,29815.6,29816.9,29811.5,29813.4,154.0
1782822420,29813.4,29817.4,29811.2,29812.4,175.0
1782822480,29812.4,29812.4,29803.6,29807.9,182.0
1782822540,29807.9,29810.2,29800.7,29800.7,180.0
1782822600,29801.0,29804.0,29782.7,29786.4,191.0
1782822660,29786.5,29788.4,29776.2,29781.7,204.0
1782822720,29782.6,29790.2,29779.6,29789.9,187.0
1782822780,29789.9,29791.1,29778.6,29783.1,161.0
1782822840,29783.1,29783.6,29778.2,29782.6,176.0
1782822900,29782.0,29794.5,29781.7,29793.4,179.0
1782822960,29793.7,29796.5,29786.0,29793.4,170.0
1782823020,29793.4,29805.4,29793.1,29802.2,178.0
1782823080,29802.1,29810.5,29802.0,29806.2,145.0
1782823140,29806.2,29812.1,29805.1,29812.1,165.0
1782823200,29812.1,29817.0,29808.9,29815.0,170.0
1782823260,29815.0,29820.0,29814.5,29817.0,174.0
1782823320,29817.0,29819.7,29813.0,29819.6,145.0
1782823380,29819.9,29819.9,29811.6,29816.2,163.0
1782823440,29816.2,29817.1,29811.2,29812.2,151.0
1782823500,29812.2,29820.4,29812.2,29819.0,155.0
1782823560,29818.6,29820.7,29814.9,29819.5,183.0
1782823620,29819.4,29823.9,29819.0,29821.2,149.0
1782823680,29821.4,29823.6,29818.0,29819.0,147.0
1782823740,29819.0,29833.1,29817.6,29832.2,179.0
1782823800,29832.2,29835.1,29822.4,29828.6,197.0
1782823860,29828.6,29834.6,29828.1,29832.1,163.0
1782823920,29832.1,29833.1,29827.2,29830.2,145.0
1782823980,29831.0,29832.5,29826.5,29827.7,161.0
1782824040,29827.7,29829.0,29822.5,29823.4,163.0
1782824100,29823.6,29830.0,29822.2,29823.7,162.0
1782824160,29823.1,29826.1,29821.0,29826.1,136.0
1782824220,29826.1,29830.5,29824.6,29830.5,142.0
1782824280,29830.5,29830.5,29824.9,29826.6,145.0
1782824340,29826.9,29826.9,29819.9,29823.9,188.0
1782824400,29824.2,29836.9,29822.4,29832.6,200.0
1782824460,29832.6,29833.9,29827.0,29827.4,177.0
1782824520,29827.4,29833.0,29825.2,29825.6,161.0
1782824580,29825.6,29825.6,29816.2,29817.1,170.0
1782824640,29817.1,29823.0,29813.5,29820.4,167.0
1782824700,29820.4,29827.9,29818.2,29826.4,177.0
1782824760,29827.1,29830.4,29825.9,29826.9,149.0
1782824820,29826.9,29837.4,29825.0,29835.5,160.0
1782824880,29835.6,29835.6,29828.2,29831.1,155.0
1782824940,29831.0,29832.4,29825.6,29830.4,158.0
1782825000,29830.4,29830.4,29815.1,29816.0,171.0
1782825060,29816.0,29819.9,29811.0,29814.6,203.0
1782825120,29814.9,29828.4,29814.9,29825.4,164.0
1782825180,29825.4,29833.6,29823.6,29833.4,148.0
1782825240,29833.9,29844.1,29829.1,29843.1,190.0
1782825300,29843.0,29850.0,29842.1,29844.6,172.0
1782825360,29844.9,29851.7,29842.4,29851.0,157.0
1782825420,29850.7,29853.4,29844.7,29845.2,173.0
1782825480,29845.1,29852.6,29843.5,29849.5,168.0
1782825540,29849.6,29854.2,29847.7,29850.1,155.0
1782825600,29850.4,29855.9,29841.0,29843.1,183.0
1782825660,29843.2,29850.2,29843.2,29848.0,153.0
1782825720,29847.9,29852.0,29845.7,29847.7,137.0
1782825780,29847.7,29850.4,29842.6,29847.1,133.0
1782825840,29848.1,29849.7,29844.4,29844.5,132.0
1782825900,29844.6,29855.2,29844.6,29852.2,130.0
1782825960,29852.4,29857.0,29849.5,29856.0,142.0
1782826020,29855.6,29859.6,29853.0,29858.5,143.0
1782826080,29858.5,29859.0,29850.0,29850.6,140.0
1782826140,29850.6,29857.5,29848.4,29856.9,134.0
1782826200,29856.9,29858.5,29848.1,29848.4,154.0
1782826260,29848.4,29851.1,29845.6,29849.9,151.0
1782826320,29849.9,29856.2,29846.2,29856.0,158.0
1782826380,29856.0,29856.1,29841.6,29845.6,152.0
1782826440,29845.2,29848.5,29842.9,29843.1,118.0
1782826500,29843.1,29843.4,29835.6,29836.5,131.0
1782826560,29836.4,29838.2,29828.4,29836.1,172.0
1782826620,29836.1,29838.9,29834.2,29835.2,135.0
1782826680,29835.0,29839.4,29830.6,29838.4,162.0
1782826740,29838.4,29842.2,29836.5,29837.6,140.0
1782826800,29837.2,29843.2,29836.1,29842.9,148.0
1782826860,29842.9,29843.4,29836.0,29840.6,159.0
1782826920,29840.7,29849.6,29840.0,29846.5,158.0
1782826980,29846.7,29850.4,29842.1,29844.9,152.0
1782827040,29844.9,29848.6,29840.1,29843.1,137.0
1782827100,29843.1,29843.9,29832.9,29843.0,151.0
1782827160,29843.0,29852.2,29843.0,29849.4,145.0
1782827220,29849.7,29854.2,29849.5,29853.1,154.0
1782827280,29853.1,29863.0,29853.1,29859.9,150.0
1782827340,29860.6,29863.5,29857.1,29858.0,139.0
1782827400,29857.7,29860.5,29853.2,29854.1,130.0
1782827460,29854.1,29862.0,29854.1,29861.4,135.0
1782827520,29861.4,29866.9,29859.1,29861.6,148.0
1782827580,29861.6,29869.9,29860.9,29867.6,154.0
1782827640,29867.5,29869.1,29865.1,29867.0,133.0
1782827700,29867.0,29873.4,29863.0,29870.0,136.0
1782827760,29870.0,29878.5,29867.7,29877.4,137.0
1782827820,29877.4,29879.7,29875.0,29877.2,161.0
1782827880,29876.9,29883.4,29876.5,29881.6,142.0
1782827940,29881.5,29892.2,29880.2,29881.9,162.0
1782828000,29881.9,29888.2,29871.6,29872.2,220.0
1782828060,29872.1,29880.1,29870.6,29879.4,174.0
1782828120,29879.4,29883.4,29874.0,29878.5,182.0
1782828180,29878.4,29879.6,29872.9,29879.2,144.0
1782828240,29878.9,29894.5,29878.9,29892.0,184.0
1782828300,29892.0,29904.9,29892.0,29902.1,210.0
1782828360,29902.4,29911.1,29900.0,29904.9,172.0
1782828420,29904.6,29906.2,29899.4,29903.7,177.0
1782828480,29903.6,29906.6,29893.5,29895.0,157.0
1782828540,29895.1,29903.0,29894.4,29901.1,151.0
1782828600,29901.1,29905.4,29897.6,29899.9,180.0
1782828660,29899.9,29902.4,29895.0,29896.6,165.0
1782828720,29896.6,29900.7,29894.6,29896.1,138.0
1782828780,29896.1,29900.1,29892.5,29899.2,167.0
1782828840,29899.2,29905.5,29897.4,29905.5,170.0
1782828900,29905.4,29910.0,29896.9,29900.9,192.0
1782828960,29900.9,29906.4,29899.2,29902.9,182.0
1782829020,29902.6,29904.6,29898.6,29902.1,173.0
1782829080,29902.4,29903.1,29892.4,29893.6,174.0
1782829140,29893.6,29893.9,29886.9,29890.0,183.0
1782829200,29890.9,29894.4,29882.7,29884.9,188.0
1782829260,29884.7,29887.0,29880.5,29883.5,205.0
1782829320,29883.6,29888.2,29880.4,29886.7,191.0
1782829380,29886.6,29886.6,29875.9,29877.9,174.0
1782829440,29877.9,29878.4,29865.0,29865.9,196.0
1782829500,29865.5,29867.0,29858.9,29859.7,201.0
1782829560,29859.5,29865.1,29857.9,29861.5,196.0
1782829620,29861.5,29869.4,29859.7,29866.1,200.0
1782829680,29866.4,29877.1,29865.6,29874.6,194.0
1782829740,29874.6,29876.0,29868.2,29875.6,186.0
1782829800,29875.4,29883.5,29873.2,29875.4,173.0
1782829860,29875.1,29880.7,29869.1,29871.2,184.0
1782829920,29871.5,29876.1,29869.1,29869.1,173.0
1782829980,29869.1,29871.2,29861.7,29866.5,184.0
1782830040,29865.9,29871.2,29864.2,29870.1,163.0
1782830100,29870.1,29879.7,29870.0,29875.7,155.0
1782830160,29876.1,29877.5,29865.0,29873.5,180.0
1782830220,29874.0,29875.7,29866.6,29867.1,162.0
1782830280,29867.4,29869.1,29863.2,29866.1,138.0
1782830340,29866.7,29869.9,29864.9,29868.6,155.0
1782830400,29867.7,29878.5,29866.0,29876.9,186.0
1782830460,29877.1,29890.9,29876.4,29888.0,199.0
1782830520,29888.0,29891.2,29886.0,29887.0,189.0
1782830580,29887.4,29897.0,29886.4,29891.7,188.0
1782830640,29891.7,29894.5,29886.7,29891.0,180.0
1782830700,29891.0,29899.2,29886.6,29898.0,178.0
1782830760,29897.7,29907.4,29897.7,29905.4,181.0
1782830820,29905.5,29909.0,29901.9,29902.0,176.0
1782830880,29902.0,29903.9,29896.4,29901.2,175.0
1782830940,29901.2,29910.4,29901.2,29907.6,180.0
1782831000,29907.6,29910.7,29902.9,29907.0,191.0
1782831060,29907.0,29916.1,29899.5,29900.4,188.0
1782831120,29901.2,29911.6,29898.9,29908.6,154.0
1782831180,29908.5,29909.6,29904.0,29905.5,132.0
1782831240,29905.6,29905.6,29895.0,29899.7,157.0
1782831300,29899.6,29900.5,29890.9,29890.9,187.0
1782831360,29891.4,29896.0,29890.4,29894.1,148.0
1782831420,29894.1,29898.0,29889.2,29891.7,171.0
1782831480,29891.9,29891.9,29884.6,29885.1,159.0
1782831540,29885.0,29885.6,29877.7,29879.4,171.0
1782831600,29879.9,29884.1,29867.6,29868.7,209.0
1782831660,29869.0,29871.5,29860.0,29862.4,227.0
1782831720,29862.4,29867.1,29852.2,29854.0,208.0
1782831780,29854.1,29855.5,29840.5,29842.0,227.0
1782831840,29841.7,29847.2,29836.7,29843.7,220.0
1782831900,29842.7,29843.6,29831.5,29843.4,211.0
1782831960,29843.6,29846.1,29839.5,29841.1,219.0
1782832020,29841.1,29851.6,29841.0,29844.0,197.0
1782832080,29844.1,29849.2,29842.7,29847.2,174.0
1782832140,29846.9,29848.6,29838.7,29841.7,212.0
1782832200,29842.4,29855.5,29842.4,29855.0,191.0
1782832260,29855.5,29864.1,29853.9,29856.0,216.0
1782832320,29856.0,29857.7,29845.7,29847.0,206.0
1782832380,29847.1,29847.2,29835.4,29838.7,199.0
1782832440,29838.7,29838.7,29826.0,29831.7,198.0
1782832500,29831.6,29834.0,29825.5,29831.4,208.0
1782832560,29829.9,29837.7,29820.9,29826.4,215.0
1782832620,29826.5,29832.2,29823.1,29827.5,215.0
1782832680,29827.4,29835.9,29821.9,29830.1,220.0
1782832740,29829.5,29830.4,29820.5,29825.1,200.0
1782832800,29825.0,29826.7,29813.9,29821.1,202.0
1782832860,29820.4,29823.4,29814.9,29817.9,188.0
1782832920,29818.0,29819.6,29812.5,29813.1,193.0
1782832980,29813.1,29817.4,29804.5,29804.5,205.0
1782833040,29805.0,29808.5,29798.2,29807.2,225.0
1782833100,29807.2,29809.5,29788.1,29789.5,217.0
1782833160,29789.7,29798.9,29782.0,29782.0,227.0
1782833220,29781.6,29801.0,29780.0,29796.7,219.0
1782833280,29796.6,29796.7,29781.0,29784.4,214.0
1782833340,29784.4,29788.4,29778.4,29780.4,206.0
1782833400,29780.1,29789.0,29772.4,29777.5,235.0
1782833460,29777.1,29784.2,29759.6,29761.6,242.0
1782833520,29760.4,29763.4,29746.7,29748.6,255.0
1782833580,29749.0,29762.4,29748.6,29758.6,238.0
1782833640,29758.4,29762.2,29749.4,29758.9,240.0
1782833700,29760.1,29769.4,29759.4,29767.6,220.0
1782833760,29767.5,29775.2,29762.9,29770.7,233.0
1782833820,29770.7,29782.5,29769.5,29776.9,213.0
1782833880,29777.0,29780.7,29772.4,29775.9,215.0
1782833940,29775.4,29788.4,29771.9,29787.9,205.0
1782834000,29788.0,29792.6,29785.9,29787.5,208.0
1782834060,29786.7,29787.1,29779.7,29787.1,222.0
1782834120,29786.9,29797.9,29785.2,29796.2,204.0
1782834180,29796.1,29799.0,29792.4,29792.4,206.0
1782834240,29792.9,29792.9,29784.9,29789.6,189.0
1782834300,29789.6,29795.0,29784.6,29785.4,201.0
1782834360,29785.0,29789.6,29774.9,29788.9,206.0
1782834420,29788.6,29793.2,29779.7,29783.6,194.0
1782834480,29783.6,29785.4,29769.6,29769.9,211.0
1782834540,29769.6,29784.1,29769.1,29783.1,212.0
1782834600,29783.0,29785.9,29775.1,29775.1,201.0
1782834660,29776.1,29785.9,29774.7,29783.9,212.0
1782834720,29782.9,29786.4,29779.9,29782.9,192.0
1782834780,29782.6,29784.7,29779.4,29783.9,200.0
1782834840,29783.4,29784.0,29770.7,29774.2,192.0
1782834900,29774.4,29777.1,29768.1,29769.2,210.0
1782834960,29769.7,29771.7,29753.6,29755.2,236.0
1782835020,29754.2,29768.6,29754.2,29764.6,195.0
1782835080,29764.1,29766.2,29755.7,29757.7,195.0
1782835140,29757.5,29763.2,29750.0,29754.5,205.0
1782835200,29754.6,29764.0,29750.0,29750.5,212.0
1782835260,29750.5,29770.1,29748.1,29768.5,227.0
1782835320,29768.2,29772.7,29753.6,29753.6,238.0
1782835380,29754.1,29760.5,29750.7,29759.4,210.0
1782835440,29760.2,29761.7,29753.9,29756.6,216.0
1782835500,29757.9,29763.1,29748.2,29754.0,214.0
1782835560,29754.0,29771.0,29748.5,29765.4,221.0
1782835620,29765.2,29766.7,29750.6,29750.9,200.0
1782835680,29750.7,29757.0,29750.6,29753.0,202.0
1782835740,29752.7,29767.5,29751.2,29765.0,208.0
1782835800,29765.0,29777.0,29763.1,29776.2,208.0
1782835860,29775.7,29787.0,29774.4,29782.7,213.0
1782835920,29782.5,29783.4,29775.5,29775.7,189.0
1782835980,29776.0,29777.4,29770.6,29775.1,201.0
1782836040,29775.6,29778.7,29764.9,29771.0,222.0
1782836100,29771.0,29778.2,29759.6,29777.6,226.0
1782836160,29777.1,29778.7,29768.7,29771.7,194.0
1782836220,29771.7,29772.5,29764.2,29765.4,198.0
1782836280,29765.1,29775.6,29761.2,29771.9,211.0
1782836340,29771.9,29772.0,29760.0,29765.0,187.0
1782836400,29764.0,29769.1,29759.0,29763.0,196.0
1782836460,29763.0,29765.7,29755.0,29758.0,191.0
1782836520,29758.0,29772.7,29757.7,29760.7,196.0
1782836580,29760.9,29761.5,29750.0,29754.5,203.0
1782836640,29754.5,29755.0,29738.6,29741.7,236.0
1782836700,29754.1,29769.9,29754.1,29766.0,222.0
1782836760,29766.1,29771.6,29761.1,29763.4,220.0
1782836820,29763.4,29781.6,29762.7,29776.9,234.0
1782836880,29773.7,29778.6,29758.4,29777.5,243.0
1782836940,29779.1,29793.4,29775.5,29788.2,253.0
1782837000,29788.1,29832.0,29777.2,29827.9,291.0
1782837060,29828.0,29880.9,29825.5,29871.1,289.0
1782837120,29869.5,29889.2,29835.2,29878.0,273.0
1782837180,29876.8,29908.0,29873.0,29899.1,289.0
1782837240,29901.8,29929.9,29898.0,29920.9,281.0
1782837300,29924.6,29990.9,29899.5,29989.6,289.0
1782837360,29988.0,29993.9,29955.8,29960.0,281.0
1782837420,29960.4,30004.9,29953.4,29998.4,286.0
1782837480,29996.9,29998.9,29938.5,29953.5,281.0
1782837540,29953.9,29959.3,29924.6,29931.5,287.0
1782837600,29930.1,29971.1,29914.3,29943.8,290.0
1782837660,29942.4,29966.9,29930.8,29964.5,281.0
1782837720,29964.4,29982.4,29923.9,29950.4,288.0
1782837780,29950.1,29959.9,29934.4,29938.3,286.0
1782837840,29937.1,29958.5,29899.8,29956.0,287.0
1782837900,29955.5,29991.3,29955.5,29988.0,289.0
1782837960,29987.6,29993.1,29960.3,29987.9,290.0
1782838020,29982.9,29987.5,29954.5,29960.4,280.0
1782838080,29961.5,29984.6,29955.0,29967.0,282.0
1782838140,29968.3,29979.5,29933.0,29954.4,282.0
1782838200,29953.9,29978.3,29943.0,29974.0,279.0
1782838260,29976.4,30032.6,29966.6,30028.8,289.0
1782838320,30026.5,30052.4,30012.8,30047.5,289.0
1782838380,30045.0,30052.5,30024.9,30037.8,283.0
1782838440,30037.4,30051.6,30021.6,30034.6,275.0
1782838500,30034.8,30064.4,30034.8,30058.4,279.0
1782838560,30058.3,30072.0,30050.0,30064.6,268.0
1782838620,30064.0,30066.4,30052.1,30056.6,276.0
1782838680,30055.6,30076.5,30046.5,30075.3,270.0
1782838740,30075.1,30106.5,30072.3,30106.5,268.0
1782838800,30107.4,30111.9,30051.1,30055.5,283.0
1782838860,30057.0,30066.6,30017.4,30059.8,285.0
1782838920,30058.0,30085.5,30050.3,30084.9,283.0
1782838980,30084.6,30126.4,30082.0,30125.1,283.0
1782839040,30121.4,30134.6,30103.6,30133.5,277.0
1782839100,30132.9,30132.9,30097.3,30107.0,285.0
1782839160,30107.8,30111.5,30077.1,30081.4,285.0
1782839220,30080.4,30100.8,30075.9,30084.1,280.0
1782839280,30083.4,30099.3,30079.1,30092.0,271.0
1782839340,30090.0,30091.8,30063.5,30075.4,280.0
1782839400,30077.0,30085.3,30049.1,30070.6,283.0
1782839460,30068.8,30107.6,30064.3,30100.1,280.0
1782839520,30098.6,30099.6,30069.4,30087.9,278.0
1782839580,30087.9,30102.9,30080.6,30095.6,280.0
1782839640,30095.5,30103.3,30084.8,30094.4,283.0
1782839700,30095.4,30109.6,30082.0,30092.4,275.0
1782839760,30092.3,30104.9,30085.9,30088.3,277.0
1782839820,30088.0,30100.9,30075.3,30100.9,276.0
1782839880,30100.3,30115.0,30085.6,30101.6,284.0
1782839940,30101.6,30122.0,30096.6,30106.1,274.0
1782840000,30106.1,30111.6,30091.5,30107.4,280.0
1782840060,30109.6,30123.3,30103.4,30116.6,275.0
1782840120,30115.0,30143.6,30114.6,30142.1,272.0
1782840180,30142.6,30159.8,30137.0,30158.1,276.0
1782840240,30158.5,30163.6,30145.5,30153.0,268.0
1782840300,30153.8,30155.4,30127.8,30132.3,283.0
1782840360,30130.3,30153.9,30128.3,30150.9,264.0
1782840420,30149.5,30161.5,30147.3,30158.6,264.0
1782840480,30158.6,30161.5,30148.4,30158.3,264.0
1782840540,30158.0,30165.8,30145.0,30151.9,257.0
1782840600,30152.0,30177.3,30144.6,30170.4,275.0
1782840660,30171.1,30178.0,30164.3,30171.6,268.0
1782840720,30171.3,30179.4,30162.1,30164.3,265.0
1782840780,30164.4,30178.5,30163.4,30166.3,264.0
1782840840,30166.3,30182.3,30155.5,30181.5,270.0
1782840900,30181.9,30183.1,30155.5,30157.0,268.0
1782840960,30156.8,30156.8,30142.5,30154.9,269.0
1782841020,30154.5,30161.3,30135.0,30148.3,274.0
1782841080,30148.0,30156.6,30132.8,30135.4,274.0
1782841140,30137.0,30150.4,30128.9,30147.0,271.0
1782841200,30147.8,30155.0,30139.3,30144.3,264.0
1782841260,30143.9,30161.8,30126.0,30126.6,269.0
1782841320,30126.5,30130.8,30113.6,30116.1,280.0
1782841380,30116.6,30129.9,30112.3,30127.3,270.0
1782841440,30127.6,30156.3,30127.5,30155.1,261.0
1782841500,30154.4,30154.4,30120.3,30122.0,278.0
1782841560,30123.1,30123.1,30090.9,30093.6,279.0
1782841620,30093.9,30114.6,30089.3,30104.9,273.0
1782841680,30103.4,30121.0,30087.9,30098.1,274.0
1782841740,30099.0,30107.1,30090.6,30093.1,276.0
1782841800,30092.6,30120.3,30092.6,30106.4,277.0
1782841860,30106.6,30118.9,30095.6,30107.8,269.0
1782841920,30107.4,30108.0,30075.0,30079.6,271.0
1782841980,30079.1,30088.3,30070.1,30074.3,275.0
1782842040,30074.6,30080.0,30052.8,30057.5,265.0
1782842100,30059.4,30070.1,30043.5,30064.4,275.0
1782842160,30064.4,30086.6,30045.6,30059.3,272.0
1782842220,30059.1,30068.3,30034.0,30044.1,274.0
1782842280,30043.1,30054.1,30025.8,30048.9,274.0
1782842340,30049.0,30061.5,30044.9,30045.9,270.0
1782842400,30050.5,30078.0,30042.9,30075.4,269.0
1782842460,30076.0,30099.8,30071.5,30098.8,279.0
1782842520,30097.8,30110.9,30084.4,30110.4,270.0
1782842580,30110.6,30112.0,30096.9,30109.0,277.0
1782842640,30109.1,30110.5,30092.0,30108.5,268.0
1782842700,30109.5,30115.3,30100.1,30110.8,276.0
1782842760,30112.0,30122.0,30101.9,30117.3,272.0
1782842820,30116.4,30123.8,30102.3,30123.0,266.0
1782842880,30123.1,30130.1,30121.1,30129.5,263.0
1782842940,30129.3,30132.0,30114.1,30126.8,268.0
1782843000,30126.9,30130.1,30118.5,30118.6,261.0
1782843060,30118.4,30120.1,30103.3,30105.3,273.0
1782843120,30105.1,30128.1,30104.0,30120.6,259.0
1782843180,30120.8,30149.8,30120.8,30149.6,261.0
1782843240,30148.3,30151.0,30135.1,30143.0,251.0
1782843300,30142.9,30148.4,30127.0,30128.9,268.0
1782843360,30128.9,30135.4,30119.4,30132.1,268.0
1782843420,30130.5,30134.1,30125.5,30128.4,276.0
1782843480,30128.4,30135.9,30123.8,30125.0,270.0
1782843540,30124.6,30125.8,30110.8,30122.3,268.0
1782843600,30122.8,30137.1,30116.5,30137.1,253.0
1782843660,30136.3,30139.5,30121.4,30125.4,262.0
1782843720,30125.1,30135.3,30124.3,30131.0,254.0
1782843780,30131.0,30144.0,30131.0,30136.6,257.0
1782843840,30136.3,30143.0,30127.5,30136.4,248.0
1782843900,30136.8,30145.0,30132.5,30145.0,265.0
1782843960,30144.8,30149.3,30133.3,30148.6,250.0
1782844020,30148.3,30149.0,30139.8,30143.1,246.0
1782844080,30143.9,30155.1,30141.8,30153.5,235.0
1782844140,30152.1,30156.8,30148.5,30152.5,242.0
1782844200,30152.6,30158.3,30140.3,30152.0,269.0
1782844260,30152.6,30159.0,30148.3,30153.3,237.0
1782844320,30154.5,30164.9,30153.8,30162.8,235.0
1782844380,30162.0,30165.8,30154.9,30155.5,248.0
1782844440,30155.5,30173.1,30153.3,30172.3,242.0
1782844500,30172.0,30174.9,30151.9,30156.0,243.0
1782844560,30155.8,30159.8,30145.3,30158.0,252.0
1782844620,30158.3,30161.4,30151.3,30156.8,229.0
1782844680,30156.4,30156.4,30144.0,30146.0,242.0
1782844740,30146.4,30154.8,30145.3,30150.3,221.0
1782844800,30150.4,30163.4,30146.3,30146.9,250.0
1782844860,30147.8,30162.3,30136.1,30159.0,250.0
1782844920,30159.3,30164.4,30151.5,30163.3,237.0
1782844980,30163.3,30166.4,30155.8,30164.0,232.0
1782845040,30164.5,30167.0,30153.3,30157.5,229.0
1782845100,30158.5,30176.3,30157.5,30170.8,249.0
1782845160,30170.4,30181.4,30163.9,30172.8,229.0
1782845220,30173.0,30179.4,30166.4,30168.0,240.0
1782845280,30168.3,30171.8,30160.9,30168.5,241.0
1782845340,30169.0,30176.5,30167.3,30173.0,219.0
1782845400,30174.0,30191.5,30170.9,30185.1,249.0
1782845460,30185.5,30187.6,30176.9,30183.8,232.0
1782845520,30184.3,30196.8,30179.3,30191.5,239.0
1782845580,30191.8,30208.4,30191.6,30207.3,241.0
1782845640,30209.0,30209.4,30202.0,30209.4,243.0
1782845700,30209.3,30220.9,30203.0,30220.6,240.0
1782845760,30220.6,30222.4,30213.9,30218.3,231.0
1782845820,30218.1,30223.1,30211.4,30222.0,218.0
1782845880,30221.8,30222.6,30205.9,30207.1,231.0
1782845940,30207.1,30211.0,30200.9,30201.6,232.0
1782846000,30202.8,30211.5,30195.0,30206.9,245.0
1782846060,30207.8,30220.1,30207.1,30217.1,219.0
1782846120,30217.0,30226.3,30213.8,30225.9,221.0
1782846180,30225.5,30229.0,30218.6,30223.9,226.0
1782846240,30224.0,30228.0,30218.0,30224.6,224.0
1782846300,30224.6,30232.5,30221.9,30229.3,229.0
1782846360,30229.6,30237.1,30226.9,30237.1,236.0
1782846420,30237.5,30237.8,30231.3,30232.8,225.0
1782846480,30232.8,30237.4,30229.1,30231.4,214.0
1782846540,30231.3,30232.1,30222.5,30225.8,232.0
1782846600,30225.5,30229.6,30221.9,30229.1,233.0
1782846660,30229.9,30230.9,30216.3,30220.8,227.0
1782846720,30220.5,30229.9,30220.5,30226.5,219.0
1782846780,30226.5,30230.0,30220.4,30223.6,219.0
1782846840,30223.3,30230.4,30221.4,30229.0,224.0
1782846900,30229.5,30235.8,30224.3,30234.8,245.0
1782846960,30235.0,30249.3,30233.3,30248.3,245.0
1782847020,30248.0,30248.5,30241.0,30241.0,234.0
1782847080,30241.4,30241.6,30234.6,30240.5,240.0
1782847140,30240.9,30244.3,30237.6,30242.8,241.0
1782847200,30242.5,30245.9,30239.1,30242.5,229.0
1782847260,30242.3,30242.5,30236.8,30237.0,220.0
1782847320,30237.3,30241.6,30236.4,30240.8,223.0
1782847380,30241.0,30242.4,30229.6,30230.6,238.0
1782847440,30229.5,30240.0,30228.8,30238.9,227.0
1782847500,30238.9,30238.9,30228.4,30233.3,230.0
1782847560,30234.4,30244.0,30234.0,30242.8,223.0
1782847620,30242.5,30249.9,30242.1,30245.4,219.0
1782847680,30245.4,30247.0,30237.8,30238.0,212.0
1782847740,30237.4,30240.4,30232.4,30236.1,230.0
1782847800,30236.1,30239.0,30228.6,30237.9,229.0
1782847860,30238.3,30243.0,30233.1,30235.3,220.0
1782847920,30235.5,30235.6,30225.0,30225.3,226.0
1782847980,30225.4,30230.5,30223.9,30226.6,243.0
1782848040,30226.1,30230.4,30219.4,30228.1,250.0
1782848100,30227.8,30234.6,30226.8,30229.1,236.0
1782848160,30230.1,30239.9,30230.1,30239.9,219.0
1782848220,30239.6,30241.4,30233.5,30236.4,215.0
1782848280,30236.0,30237.1,30231.4,30234.1,231.0
1782848340,30234.1,30241.9,30232.6,30241.3,209.0
1782848400,30241.0,30244.1,30235.3,30236.8,222.0
1782848460,30236.6,30242.0,30234.9,30239.0,211.0
1782848520,30239.0,30252.6,30239.0,30251.4,223.0
1782848580,30251.6,30254.3,30244.0,30244.4,240.0
1782848640,30244.4,30253.3,30243.0,30253.3,222.0
1782848700,30253.6,30264.0,30251.1,30262.4,218.0
1782848760,30263.1,30267.6,30260.3,30267.6,230.0
1782848820,30267.6,30269.4,30263.6,30264.3,209.0
1782848880,30264.4,30276.9,30263.4,30274.4,232.0
1782848940,30274.5,30279.8,30273.9,30279.4,197.0
1782849000,30279.4,30281.5,30272.0,30279.3,242.0
1782849060,30279.3,30279.3,30273.9,30275.1,225.0
1782849120,30275.1,30280.0,30273.9,30276.9,204.0
1782849180,30276.8,30284.8,30276.6,30284.4,211.0
1782849240,30284.4,30287.8,30282.3,30284.9,215.0
1782849300,30285.1,30287.9,30276.1,30276.4,219.0
1782849360,30276.1,30276.5,30272.3,30272.6,215.0
1782849420,30272.9,30273.5,30269.4,30272.4,217.0
1782849480,30272.4,30273.0,30263.1,30266.3,221.0
1782849540,30266.1,30270.9,30262.5,30269.5,229.0
1782849600,30269.5,30275.9,30268.8,30272.6,226.0
1782849660,30273.5,30276.4,30267.9,30275.6,226.0
1782849720,30275.4,30284.1,30274.8,30283.4,200.0
1782849780,30283.6,30297.9,30283.6,30297.4,202.0
1782849840,30297.8,30299.1,30291.9,30292.4,194.0
1782849900,30292.4,30293.9,30286.6,30293.9,199.0
1782849960,30293.9,30296.3,30291.9,30292.5,188.0
1782850020,30291.9,30299.1,30291.4,30297.1,209.0
1782850080,30297.1,30302.1,30292.8,30300.8,201.0
1782850140,30300.9,30304.1,30295.6,30296.6,214.0
1782850200,30297.4,30297.5,30290.4,30295.6,216.0
1782850260,30295.6,30297.4,30291.4,30294.3,205.0
1782850320,30294.4,30295.1,30288.8,30291.9,228.0
1782850380,30292.3,30294.9,30283.6,30283.6,209.0
1782850440,30284.4,30284.6,30276.4,30276.4,228.0
1782850500,30276.9,30278.6,30271.9,30274.4,224.0
1782850560,30275.1,30285.6,30273.5,30285.5,221.0
1782850620,30285.4,30286.6,30278.0,30278.8,204.0
1782850680,30278.8,30283.1,30276.1,30280.3,213.0
1782850740,30280.3,30284.5,30279.4,30284.5,211.0
1782850800,30284.4,30294.9,30284.3,30294.5,206.0
1782850860,30294.5,30294.6,30284.1,30284.5,208.0
1782850920,30284.1,30288.6,30278.4,30284.9,223.0
1782850980,30285.1,30285.1,30277.4,30281.9,213.0
1782851040,30281.9,30283.5,30275.4,30281.5,216.0
1782851100,30281.3,30284.6,30279.6,30280.4,214.0
1782851160,30280.1,30283.0,30278.1,30279.3,212.0
1782851220,30279.6,30280.5,30270.0,30271.0,216.0
1782851280,30270.6,30275.4,30266.6,30270.5,222.0
1782851340,30270.8,30272.9,30267.6,30271.9,231.0
1782851400,30272.0,30274.0,30262.3,30268.0,245.0
1782851460,30267.9,30270.8,30261.4,30262.3,222.0
1782851520,30262.3,30267.0,30257.9,30262.1,240.0
1782851580,30262.1,30271.1,30260.8,30270.5,233.0
1782851640,30270.3,30273.5,30267.4,30272.0,196.0
1782851700,30272.3,30280.6,30272.3,30277.0,213.0
1782851760,30276.9,30277.1,30265.0,30267.4,216.0
1782851820,30267.0,30269.3,30265.6,30267.5,221.0
1782851880,30267.9,30272.6,30260.8,30265.9,233.0
1782851940,30266.4,30272.1,30260.5,30263.0,225.0
1782852000,30263.3,30273.4,30261.0,30272.8,226.0
1782852060,30272.5,30275.4,30265.8,30274.9,215.0
1782852120,30274.8,30286.5,30273.9,30282.8,212.0
1782852180,30282.0,30283.1,30279.6,30281.6,204.0
1782852240,30281.3,30285.4,30277.0,30284.5,212.0
1782852300,30284.5,30287.0,30273.9,30274.3,211.0
1782852360,30274.0,30277.0,30269.0,30273.5,222.0
1782852420,30273.5,30274.3,30266.8,30268.6,223.0
1782852480,30268.5,30272.0,30265.4,30268.6,218.0
1782852540,30268.6,30270.5,30264.3,30266.1,216.0
1782852600,30266.4,30266.8,30257.5,30262.3,229.0
1782852660,30262.0,30273.4,30260.0,30266.4,218.0
1782852720,30266.5,30270.4,30258.8,30264.6,215.0
1782852780,30264.5,30275.1,30263.0,30271.4,212.0
1782852840,30271.1,30271.6,30265.0,30269.8,210.0
1782852900,30269.8,30272.8,30262.9,30265.9,210.0
1782852960,30266.1,30272.5,30264.5,30266.8,210.0
1782853020,30266.5,30272.6,30265.8,30269.3,200.0
1782853080,30269.4,30269.5,30262.0,30268.6,219.0
1782853140,30268.9,30269.5,30263.5,30265.8,207.0
1782853200,30266.3,30270.3,30260.6,30262.5,232.0
1782853260,30263.0,30267.3,30259.3,30266.0,250.0
1782853320,30266.0,30279.0,30264.9,30276.6,238.0
1782853380,30276.4,30280.8,30272.4,30275.4,223.0
1782853440,30275.3,30281.3,30263.6,30270.8,231.0
1782853500,30270.6,30274.9,30260.1,30261.8,217.0
1782853560,30263.5,30264.6,30240.8,30249.0,252.0
1782853620,30249.4,30275.5,30249.3,30273.6,239.0
1782853680,30273.8,30278.9,30269.4,30274.8,236.0
1782853740,30275.0,30277.0,30271.5,30273.0,217.0
1782853800,30272.0,30277.3,30272.0,30274.0,219.0
1782853860,30273.8,30276.1,30268.4,30274.4,221.0
1782853920,30274.5,30274.5,30265.4,30266.9,214.0
1782853980,30266.9,30274.8,30266.4,30273.8,220.0
1782854040,30272.6,30274.4,30267.1,30267.1,205.0
1782854100,30267.4,30270.3,30261.9,30265.3,237.0
1782854160,30265.4,30271.9,30264.6,30269.5,216.0
1782854220,30269.3,30270.1,30264.0,30268.8,210.0
1782854280,30268.8,30278.0,30267.1,30277.8,224.0
1782854340,30277.8,30284.5,30276.9,30283.1,216.0
1782854400,30283.4,30286.4,30281.0,30284.5,212.0
1782854460,30284.9,30289.4,30279.1,30288.6,228.0
1782854520,30288.5,30288.5,30277.4,30277.4,221.0
1782854580,30276.6,30281.3,30276.6,30279.5,214.0
1782854640,30279.5,30280.4,30272.8,30272.9,208.0
1782854700,30272.9,30279.4,30270.5,30277.5,235.0
1782854760,30277.5,30278.6,30270.1,30272.9,205.0
1782854820,30273.0,30274.0,30270.3,30272.3,194.0
1782854880,30271.5,30277.6,30270.5,30274.0,209.0
1782854940,30273.8,30276.0,30272.8,30275.4,185.0
1782855000,30276.0,30277.4,30264.9,30266.1,233.0
1782855060,30266.4,30270.6,30265.8,30267.8,219.0
1782855120,30267.8,30279.1,30267.6,30271.1,229.0
1782855180,30271.3,30273.1,30265.3,30272.9,231.0
1782855240,30273.1,30274.3,30269.0,30271.1,221.0
1782855300,30271.0,30279.4,30270.0,30278.0,216.0
1782855360,30277.6,30280.5,30272.1,30272.5,212.0
1782855420,30272.8,30278.1,30270.6,30277.5,214.0
1782855480,30277.6,30277.6,30268.9,30269.8,219.0
1782855540,30269.3,30272.9,30269.3,30272.1,211.0
1782855600,30271.6,30281.4,30270.0,30280.9,207.0
1782855660,30280.4,30287.8,30280.4,30287.4,216.0
1782855720,30287.1,30289.6,30282.5,30287.8,203.0
1782855780,30287.8,30298.5,30287.8,30297.3,214.0
1782855840,30297.1,30298.9,30293.1,30295.9,212.0
1782855900,30295.8,30296.3,30288.8,30289.5,195.0
1782855960,30290.1,30294.6,30286.9,30292.1,173.0
1782856020,30292.1,30298.0,30291.3,30294.1,208.0
1782856080,30294.6,30303.1,30292.8,30303.1,224.0
1782856140,30303.0,30308.9,30301.6,30307.9,213.0
1782856200,30308.6,30316.1,30306.4,30315.4,204.0
1782856260,30315.1,30316.6,30302.9,30307.5,211.0
1782856320,30307.4,30310.4,30305.1,30306.9,192.0
1782856380,30306.5,30309.0,30302.6,30305.1,185.0
1782856440,30304.6,30304.6,30285.0,30288.6,211.0
1782856500,30288.6,30294.3,30287.6,30293.0,235.0
1782856560,30293.0,30302.3,30291.8,30300.4,207.0
1782856620,30300.4,30303.4,30295.3,30297.0,192.0
1782856680,30297.0,30300.6,30295.3,30297.9,212.0
1782856740,30298.3,30300.5,30293.1,30295.6,207.0
1782856800,30294.6,30306.4,30294.3,30305.6,226.0
1782856860,30305.6,30311.4,30305.4,30305.9,236.0
1782856920,30306.6,30311.1,30305.9,30308.9,202.0
1782856980,30309.1,30312.4,30302.5,30304.8,212.0
1782857040,30304.8,30308.1,30304.5,30306.1,214.0
1782857100,30306.3,30308.9,30297.3,30298.0,212.0
1782857160,30298.0,30307.4,30293.8,30301.5,238.0
1782857220,30301.3,30309.5,30298.5,30306.8,210.0
1782857280,30306.8,30317.1,30306.0,30316.9,206.0
1782857340,30316.9,30322.9,30316.1,30320.6,222.0
1782857400,30320.1,30322.3,30313.8,30322.3,230.0
1782857460,30321.9,30331.1,30320.8,30326.9,219.0
1782857520,30326.9,30330.9,30326.8,30330.0,215.0
1782857580,30330.3,30334.4,30330.1,30331.9,203.0
1782857640,30332.0,30334.0,30327.9,30332.3,212.0
1782857700,30332.5,30334.0,30328.6,30332.4,201.0
1782857760,30332.1,30333.0,30326.5,30329.4,199.0
1782857820,30329.4,30334.5,30328.5,30332.6,222.0
1782857880,30333.1,30341.1,30329.9,30330.0,220.0
1782857940,30330.1,30331.8,30318.9,30321.9,225.0
1782858000,30321.8,30325.1,30317.3,30320.3,241.0
1782858060,30319.9,30326.8,30318.8,30319.9,235.0
1782858120,30319.4,30329.0,30316.9,30326.0,232.0
1782858180,30327.0,30328.3,30320.8,30326.5,208.0
1782858240,30326.5,30329.1,30318.3,30318.9,222.0
1782858300,30318.0,30325.6,30317.1,30324.1,229.0
1782858360,30324.5,30325.6,30309.8,30318.5,215.0
1782858420,30318.4,30324.4,30315.6,30320.8,213.0
1782858480,30322.0,30322.4,30316.3,30316.5,200.0
1782858540,30316.4,30321.4,30314.3,30316.6,227.0
1782858600,30317.5,30321.5,30308.5,30312.8,253.0
1782858660,30313.3,30320.1,30311.6,30314.0,250.0
1782858720,30314.1,30318.5,30311.9,30315.8,234.0
1782858780,30315.9,30324.6,30315.0,30323.3,219.0
1782858840,30322.4,30322.9,30311.1,30311.4,235.0
1782858900,30311.0,30314.0,30303.9,30304.4,226.0
1782858960,30301.4,30307.6,30292.0,30300.1,241.0
1782859020,30300.1,30301.3,30291.9,30292.0,223.0
1782859080,30291.8,30299.8,30290.9,30294.6,232.0
1782859140,30294.6,30303.4,30292.6,30302.8,243.0
1782859200,30301.3,30320.5,30301.3,30308.8,251.0
1782859260,30308.4,30313.3,30305.0,30308.0,234.0
1782859320,30307.3,30321.3,30306.8,30314.8,219.0
1782859380,30314.8,30316.0,30302.6,30305.5,236.0
1782859440,30305.6,30321.9,30305.6,30319.4,233.0
1782859500,30320.0,30330.9,30308.3,30309.0,241.0
1782859560,30309.6,30317.1,30307.8,30314.8,218.0
1782859620,30314.4,30316.3,30306.5,30307.5,220.0
1782859680,30307.8,30312.8,30304.0,30308.9,236.0
1782859740,30308.0,30313.8,30306.8,30307.5,220.0
1782859800,30301.3,30303.8,30283.8,30284.9,251.0
1782859860,30284.6,30296.0,30282.0,30292.3,251.0
1782859920,30292.1,30305.0,30291.8,30297.3,260.0
1782859980,30297.3,30324.6,30292.8,30324.1,241.0
1782860040,30323.5,30333.9,30312.0,30313.5,255.0
1782860100,30314.0,30328.8,30314.0,30317.9,267.0
1782860160,30317.6,30326.0,30312.8,30320.0,257.0
1782860220,30321.1,30331.8,30319.0,30326.4,253.0
1782860280,30326.4,30334.1,30299.4,30299.4,263.0
1782860340,30299.6,30310.6,30254.8,30263.6,282.0
1782860400,30254.8,30271.1,30247.6,30264.5,287.0
1782860460,30262.5,30275.4,30259.9,30266.3,259.0
1782860520,30266.9,30278.6,30264.6,30268.0,243.0
1782860580,30268.3,30275.0,30264.0,30267.0,250.0
1782860640,30268.0,30275.5,30262.0,30273.1,232.0
1782860700,30273.3,30284.8,30267.4,30270.1,218.0
1782860760,30268.8,30276.8,30264.5,30274.9,202.0
1782860820,30274.9,30283.0,30274.1,30281.3,212.0
1782860880,30281.0,30282.3,30272.1,30274.1,216.0
1782860940,30274.5,30278.8,30272.5,30274.8,189.0
1782861000,30274.1,30274.1,30265.8,30268.5,213.0
1782861060,30269.0,30270.3,30246.3,30251.0,229.0
1782861120,30251.1,30258.3,30250.3,30251.8,225.0
1782861180,30251.5,30253.4,30245.8,30246.5,223.0
1782861240,30248.0,30254.3,30245.3,30247.5,212.0
1782861300,30247.4,30254.1,30243.9,30251.8,200.0
1782861360,30252.3,30252.3,30237.4,30239.4,197.0
1782861420,30239.6,30247.0,30238.5,30241.1,177.0
1782861480,30241.0,30254.5,30241.0,30249.8,191.0
1782861540,30249.8,30250.3,30243.6,30244.3,179.0
1782861600,30244.1,30244.1,30237.8,30242.8,169.0
1782861660,30242.6,30243.0,30237.5,30240.5,168.0
1782861720,30240.8,30246.1,30236.0,30245.3,172.0
1782861780,30245.3,30249.0,30243.6,30246.3,137.0
1782861840,30246.0,30248.8,30245.8,30246.5,120.0
1782861900,30246.5,30247.5,30244.5,30245.8,115.0
1782861960,30245.8,30247.5,30244.8,30246.5,110.0
1782862020,30247.3,30248.5,30245.0,30246.9,115.0
1782862080,30246.8,30248.9,30243.6,30246.8,135.0
1782862140,30246.5,30247.8,30243.5,30245.5,101.0
1782862200,30245.5,30251.6,30244.8,30249.8,120.0
1782862260,30249.8,30249.8,30240.6,30244.6,141.0
1782862320,30245.6,30245.6,30242.6,30243.9,116.0
1782862380,30243.9,30246.0,30242.3,30244.5,89.0
1782862440,30244.5,30245.0,30242.1,30242.3,92.0
1782862500,30242.1,30243.6,30240.5,30241.3,106.0
1782862560,30240.6,30241.0,30234.5,30235.6,113.0
1782862620,30235.6,30236.3,30233.1,30235.8,124.0
1782862680,30235.8,30243.0,30235.8,30240.8,117.0
1782862740,30240.5,30240.5,30236.1,30237.0,88.0
1782862800,30237.0,30237.0,30233.8,30235.3,101.0
1782862860,30235.1,30237.3,30233.9,30233.9,82.0
1782862920,30233.9,30236.1,30233.4,30234.8,112.0
1782862980,30234.8,30236.9,30234.3,30236.1,78.0
1782863040,30236.3,30238.6,30234.3,30237.5,104.0
1782863100,30237.5,30237.6,30235.6,30236.0,117.0
1782863160,30235.1,30235.8,30231.6,30235.1,104.0
1782863220,30235.1,30237.6,30232.6,30233.3,122.0
1782863280,30233.3,30233.5,30230.6,30232.5,128.0
1782863340,30232.5,30234.3,30230.6,30232.5,109.0
1782863400,30232.0,30236.0,30229.9,30230.5,115.0
1782863460,30230.0,30230.8,30226.1,30228.5,119.0
1782863520,30228.5,30231.5,30227.8,30230.3,83.0
1782863580,30230.3,30236.8,30230.0,30234.8,101.0
1782863640,30234.8,30234.8,30230.4,30232.6,81.0
1782863700,30232.6,30234.9,30229.9,30234.6,113.0
1782863760,30234.6,30236.6,30231.5,30236.4,113.0
1782863820,30236.4,30238.4,30235.3,30235.6,120.0
1782863880,30235.6,30238.4,30234.3,30237.1,104.0
1782867600,30245.1,30268.4,30245.1,30268.4,205.0
1782867660,30266.9,30268.4,30245.3,30249.7,199.0
1782867720,30250.3,30260.6,30246.6,30260.6,169.0
1782867780,30260.6,30262.8,30250.2,30250.7,151.0
1782867840,30250.7,30260.9,30250.4,30256.3,111.0
1782867900,30256.7,30267.4,30256.7,30265.9,146.0
1782867960,30265.7,30267.8,30264.6,30265.8,120.0
1782868020,30265.8,30269.6,30264.3,30267.4,125.0
1782868080,30267.6,30271.6,30266.9,30270.3,112.0
1782868140,30269.7,30271.3,30259.7,30263.4,138.0
1782868200,30263.6,30264.7,30243.3,30251.2,157.0
1782868260,30251.3,30258.2,30249.9,30255.2,148.0
1782868320,30255.3,30257.6,30253.7,30257.3,116.0
1782868380,30257.4,30258.9,30251.9,30258.1,95.0
1782868440,30258.1,30261.6,30257.1,30258.1,104.0
1782868500,30258.1,30262.3,30257.8,30260.3,89.0
1782868560,30260.4,30266.4,30258.7,30264.7,103.0
1782868620,30264.6,30272.9,30264.4,30272.9,138.0
1782868680,30272.4,30278.6,30272.3,30275.3,145.0
1782868740,30274.2,30275.6,30267.1,30273.9,138.0
1782868800,30271.9,30278.7,30270.1,30274.9,151.0
1782868860,30274.9,30277.7,30270.4,30271.8,117.0
1782868920,30271.8,30274.3,30270.8,30274.1,95.0
1782868980,30274.1,30275.6,30271.3,30271.8,84.0
1782869040,30271.8,30274.4,30271.7,30272.6,83.0
1782869100,30272.4,30275.1,30269.8,30274.9,100.0
1782869160,30274.9,30275.9,30270.8,30274.8,77.0
1782869220,30274.8,30278.1,30273.9,30276.7,101.0
1782869280,30276.6,30276.7,30273.1,30274.2,76.0
1782869340,30274.2,30277.7,30273.9,30276.3,99.0
1782869400,30276.3,30276.3,30269.6,30272.8,99.0
1782869460,30272.8,30273.6,30267.2,30268.1,102.0
1782869520,30268.1,30270.1,30261.8,30266.9,105.0
1782869580,30266.9,30268.3,30261.1,30264.7,108.0
1782869640,30264.8,30265.6,30256.7,30258.8,96.0
1782869700,30258.8,30258.8,30252.9,30254.4,88.0
1782869760,30254.6,30258.7,30254.4,30257.6,102.0
1782869820,30257.7,30258.4,30253.1,30255.2,90.0
1782869880,30255.2,30258.7,30254.9,30257.9,92.0
1782869940,30257.9,30262.8,30257.6,30258.9,75.0
1782870000,30258.9,30262.8,30258.4,30261.7,74.0
1782870060,30262.1,30263.6,30259.9,30260.2,76.0
1782870120,30260.2,30261.7,30259.4,30259.7,59.0
1782870180,30259.8,30262.4,30258.2,30261.4,78.0
1782870240,30261.4,30261.4,30258.4,30259.8,81.0
1782870300,30259.8,30259.8,30251.2,30251.6,84.0
1782870360,30251.6,30254.9,30250.4,30254.8,108.0
1782870420,30254.9,30254.9,30248.6,30249.8,98.0
1782870480,30249.8,30253.3,30248.8,30251.7,111.0
1782870540,30251.7,30255.9,30249.3,30255.8,96.0
1782870600,30255.8,30256.3,30246.1,30249.3,140.0
1782870660,30249.3,30249.7,30245.7,30246.8,104.0
1782870720,30246.8,30248.9,30244.9,30247.4,101.0
1782870780,30247.4,30247.4,30241.8,30245.3,121.0
1782870840,30245.3,30248.1,30244.4,30245.7,103.0
1782870900,30245.8,30246.3,30244.9,30245.9,73.0
1782870960,30246.2,30253.6,30245.9,30253.6,126.0
1782871020,30253.2,30256.2,30251.1,30253.9,88.0
1782871080,30253.9,30253.9,30247.4,30249.4,81.0
1782871140,30249.4,30253.9,30248.8,30253.9,86.0
1782871200,30253.9,30262.3,30253.3,30255.8,133.0
1782871260,30254.9,30259.6,30254.9,30255.7,98.0
1782871320,30255.7,30269.2,30255.1,30266.6,122.0
1782871380,30266.6,30267.7,30262.1,30262.1,131.0
1782871440,30262.1,30263.9,30258.8,30262.7,85.0
1782871500,30262.7,30265.8,30260.1,30264.1,109.0
1782871560,30264.1,30268.2,30262.4,30262.4,97.0
1782871620,30262.4,30270.7,30260.1,30270.7,88.0
1782871680,30270.7,30280.7,30270.7,30275.2,114.0
1782871740,30275.2,30281.4,30272.7,30278.2,100.0
1782871800,30278.1,30279.1,30274.7,30275.1,109.0
1782871860,30275.2,30275.2,30271.8,30271.8,73.0
1782871920,30271.8,30273.6,30269.9,30270.6,70.0
1782871980,30270.6,30271.4,30262.1,30263.1,85.0
1782872040,30263.1,30268.7,30263.1,30266.7,93.0
1782872100,30266.7,30267.2,30261.9,30262.2,94.0
1782872160,30261.9,30270.2,30261.3,30270.2,88.0
1782872220,30270.2,30271.9,30269.2,30269.9,86.0
1782872280,30269.8,30275.1,30267.1,30274.4,112.0
1782872340,30274.4,30277.1,30273.1,30273.1,89.0
1782872400,30273.1,30273.7,30269.4,30272.4,98.0
1782872460,30272.4,30277.8,30272.4,30272.8,69.0
1782872520,30272.8,30276.8,30272.1,30275.3,96.0
1782872580,30275.2,30278.1,30273.9,30277.8,71.0
1782872640,30277.8,30278.8,30274.9,30275.3,79.0
1782872700,30275.3,30279.1,30274.6,30278.8,75.0
1782872760,30278.7,30278.8,30276.3,30278.4,69.0
1782872820,30278.4,30282.8,30278.4,30279.3,94.0
1782872880,30279.4,30279.8,30275.6,30277.7,78.0
1782872940,30277.7,30277.8,30267.2,30269.3,103.0
1782873000,30269.3,30275.2,30266.1,30272.4,110.0
1782873060,30272.4,30273.3,30269.7,30271.2,83.0
1782873120,30271.2,30273.8,30271.1,30273.6,63.0
1782873180,30273.6,30274.4,30271.1,30274.3,53.0
1782873240,30274.2,30286.1,30273.8,30284.9,122.0
1782873300,30284.8,30285.4,30279.9,30282.3,120.0
1782873360,30282.3,30282.3,30279.1,30280.2,109.0
1782873420,30280.1,30280.8,30276.6,30279.7,96.0
1782873480,30279.7,30279.7,30269.3,30272.9,100.0
1782873540,30272.1,30279.8,30271.7,30279.8,117.0
1782873600,30279.8,30283.3,30275.6,30276.7,100.0
1782873660,30276.7,30276.9,30271.2,30273.4,99.0
1782873720,30273.4,30274.6,30271.7,30274.2,66.0
1782873780,30274.2,30281.6,30273.7,30281.6,81.0
1782873840,30281.4,30281.4,30271.6,30272.7,113.0
1782873900,30272.8,30286.4,30272.6,30278.2,199.0
1782873960,30278.2,30280.2,30270.2,30279.2,172.0
1782874020,30278.9,30280.6,30275.4,30276.8,135.0
1782874080,30276.7,30276.9,30268.9,30269.1,135.0
1782874140,30269.1,30279.4,30267.4,30278.4,176.0
1782874200,30278.6,30279.9,30264.2,30279.2,186.0
1782874260,30279.2,30280.9,30274.4,30276.2,140.0
1782874320,30276.2,30276.2,30264.8,30264.8,139.0
1782874380,30265.7,30268.4,30263.2,30266.6,154.0
1782874440,30266.7,30267.2,30262.7,30264.4,106.0
1782874500,30264.7,30267.6,30264.2,30265.7,131.0
1782874560,30265.6,30269.6,30265.4,30267.3,131.0
1782874620,30267.3,30268.9,30260.3,30263.4,136.0
1782874680,30263.6,30277.1,30263.6,30274.9,169.0
1782874740,30274.9,30281.7,30274.9,30276.8,158.0
1782874800,30277.6,30294.8,30276.7,30288.6,243.0
1782874860,30288.7,30292.9,30277.1,30281.9,229.0
1782874920,30281.9,30291.3,30270.9,30270.9,234.0
1782874980,30271.1,30283.3,30265.9,30280.3,242.0
1782875040,30280.8,30280.8,30274.3,30278.2,200.0
1782875100,30278.4,30280.8,30260.2,30268.3,216.0
1782875160,30269.4,30283.4,30261.7,30262.2,243.0
1782875220,30262.2,30268.4,30261.8,30268.4,223.0
1782875280,30268.7,30277.7,30265.3,30275.4,235.0
1782875340,30275.6,30281.1,30270.3,30274.4,220.0
1782875400,30276.1,30287.9,30268.1,30287.2,238.0
1782875460,30287.6,30287.6,30270.8,30271.8,221.0
1782875520,30271.8,30278.9,30269.8,30273.6,216.0
1782875580,30273.8,30283.4,30270.3,30280.1,216.0
1782875640,30279.9,30280.7,30268.4,30271.7,220.0
1782875700,30271.7,30279.9,30263.3,30266.3,246.0
1782875760,30265.9,30277.4,30264.7,30276.3,221.0
1782875820,30276.3,30282.4,30272.6,30272.7,218.0
1782875880,30272.2,30272.4,30267.2,30271.2,188.0
1782875940,30270.9,30273.4,30263.1,30263.4,211.0
1782876000,30263.3,30273.6,30263.3,30272.6,221.0
1782876060,30272.8,30275.4,30260.1,30260.9,218.0
1782876120,30260.4,30262.3,30254.8,30257.6,212.0
1782876180,30257.9,30261.3,30252.9,30256.7,221.0
1782876240,30256.9,30265.4,30254.3,30259.1,200.0
1782876300,30259.6,30260.2,30251.3,30258.1,205.0
1782876360,30257.6,30260.2,30254.2,30254.9,191.0
1782876420,30254.7,30268.7,30254.6,30266.7,191.0
1782876480,30266.7,30278.9,30266.2,30278.9,186.0
1782876540,30280.1,30283.8,30275.4,30279.9,207.0
1782876600,30280.1,30285.8,30275.7,30282.9,208.0
1782876660,30282.4,30286.6,30278.3,30285.2,211.0
1782876720,30285.3,30287.4,30277.8,30287.1,210.0
1782876780,30286.6,30292.4,30284.3,30290.9,214.0
1782876840,30290.7,30292.2,30283.9,30285.1,190.0
1782876900,30285.6,30286.3,30270.9,30273.7,198.0
1782876960,30273.7,30283.8,30273.3,30280.4,210.0
1782877020,30280.4,30286.8,30278.6,30284.4,189.0
1782877080,30284.4,30289.3,30283.1,30284.9,179.0
1782877140,30285.8,30288.3,30281.7,30285.9,161.0
1782877200,30285.8,30291.3,30285.8,30288.3,159.0
1782877260,30288.2,30288.4,30282.1,30282.2,187.0
1782877320,30282.1,30285.6,30279.9,30284.4,177.0
1782877380,30283.7,30285.2,30281.8,30283.8,151.0
1782877440,30283.7,30284.2,30278.8,30282.1,153.0
1782877500,30282.1,30286.2,30277.6,30280.4,210.0
1782877560,30280.3,30287.1,30279.4,30281.9,191.0
1782877620,30281.9,30282.8,30276.8,30279.9,176.0
1782877680,30280.2,30281.8,30276.7,30279.6,191.0
1782877740,30279.6,30288.7,30279.4,30287.4,198.0
1782877800,30287.4,30287.8,30282.4,30285.4,192.0
1782877860,30285.2,30289.7,30284.2,30287.6,193.0
1782877920,30287.6,30289.8,30282.3,30288.4,183.0
1782877980,30288.4,30289.6,30282.1,30282.9,176.0
1782878040,30282.8,30282.9,30273.4,30274.2,180.0
1782878100,30274.2,30280.6,30273.8,30277.6,191.0
1782878160,30278.1,30279.7,30272.1,30277.6,175.0
1782878220,30277.7,30279.2,30275.1,30278.6,200.0
1782878280,30278.7,30278.7,30270.1,30271.1,189.0
1782878340,30270.9,30271.1,30266.9,30267.3,204.0
1782878400,30267.2,30270.9,30263.1,30265.4,246.0
1782878460,30265.8,30271.1,30262.8,30270.4,229.0
1782878520,30270.7,30272.6,30263.9,30267.2,237.0
1782878580,30266.8,30267.8,30260.6,30264.8,202.0
1782878640,30264.6,30264.8,30253.4,30253.7,205.0
1782878700,30253.9,30259.8,30251.1,30256.9,215.0
1782878760,30257.2,30261.1,30252.1,30252.6,227.0
1782878820,30252.8,30258.6,30251.8,30255.1,214.0
1782878880,30254.4,30254.8,30244.6,30245.8,198.0
1782878940,30246.1,30249.1,30241.7,30245.6,222.0
1782879000,30245.6,30245.9,30229.7,30235.2,218.0
1782879060,30234.4,30236.9,30231.1,30234.2,202.0
1782879120,30233.6,30239.1,30222.9,30223.8,214.0
1782879180,30223.9,30232.1,30216.7,30232.1,240.0
1782879240,30232.2,30243.3,30229.8,30241.4,236.0
1782879300,30241.8,30249.9,30238.7,30239.9,227.0
1782879360,30240.6,30240.6,30213.1,30217.6,227.0
1782879420,30217.4,30228.7,30210.8,30215.9,239.0
1782879480,30215.4,30225.8,30214.4,30219.4,234.0
1782879540,30219.6,30229.6,30218.4,30227.6,247.0
1782879600,30227.8,30232.2,30219.4,30230.7,241.0
1782879660,30231.8,30236.3,30225.8,30229.9,235.0
1782879720,30229.4,30241.2,30225.6,30237.4,234.0
1782879780,30237.1,30240.9,30236.2,30238.3,224.0
1782879840,30239.1,30241.3,30227.7,30228.8,228.0
1782879900,30228.8,30234.8,30223.1,30223.1,232.0
1782879960,30222.8,30234.8,30222.1,30232.9,243.0
1782880020,30232.8,30234.1,30225.9,30228.9,241.0
1782880080,30228.9,30234.2,30224.9,30233.1,231.0
1782880140,30233.2,30238.4,30229.6,30229.6,217.0
1782880200,30229.6,30246.9,30228.6,30233.1,244.0
1782880260,30232.7,30233.9,30214.6,30216.4,246.0
1782880320,30216.3,30231.1,30216.3,30227.4,234.0
1782880380,30227.8,30227.8,30216.7,30218.7,204.0
1782880440,30219.4,30224.6,30214.8,30220.2,208.0
1782880500,30219.9,30224.1,30217.2,30222.8,214.0
1782880560,30222.1,30222.9,30212.2,30219.9,231.0
1782880620,30219.9,30222.9,30211.7,30220.1,198.0
1782880680,30220.1,30229.4,30219.3,30224.4,222.0
1782880740,30224.8,30228.2,30222.3,30222.4,225.0
1782880800,30222.4,30227.7,30214.1,30222.2,223.0
1782880860,30222.2,30223.9,30217.8,30222.7,218.0
1782880920,30222.8,30225.2,30219.7,30220.3,191.0
1782880980,30220.1,30223.9,30218.7,30223.4,191.0
1782881040,30221.8,30222.4,30215.7,30217.8,191.0
1782881100,30217.8,30226.3,30212.8,30217.3,205.0
1782881160,30217.7,30222.7,30214.8,30218.1,198.0
1782881220,30217.6,30221.7,30214.2,30214.6,209.0
1782881280,30214.8,30215.6,30199.8,30204.1,223.0
1782881340,30203.8,30208.1,30200.1,30207.6,199.0
1782881400,30207.2,30208.1,30200.1,30200.9,207.0
1782881460,30200.8,30204.2,30199.3,30201.2,214.0
1782881520,30200.7,30204.4,30195.8,30202.8,214.0
1782881580,30202.7,30210.3,30201.3,30206.2,208.0
1782881640,30205.3,30206.4,30199.9,30206.4,188.0
1782881700,30205.7,30218.1,30204.9,30215.7,186.0
1782881760,30215.4,30221.8,30215.4,30217.6,201.0
1782881820,30217.3,30217.3,30202.3,30202.3,213.0
1782881880,30202.7,30204.1,30197.4,30202.6,212.0
1782881940,30202.8,30205.7,30195.4,30196.6,191.0
1782882000,30196.6,30199.2,30188.6,30191.1,220.0
1782882060,30191.1,30191.7,30178.1,30178.3,196.0
1782882120,30179.4,30181.8,30172.4,30176.6,220.0
1782882180,30176.2,30180.9,30172.2,30178.9,215.0
1782882240,30178.7,30181.9,30172.6,30174.3,204.0
1782882300,30173.7,30173.7,30158.6,30158.6,210.0
1782882360,30158.8,30159.7,30150.3,30150.8,222.0
1782882420,30150.8,30157.3,30149.8,30153.2,217.0
1782882480,30153.2,30153.9,30145.4,30148.2,231.0
1782882540,30148.4,30150.7,30139.6,30149.9,226.0
1782882600,30147.7,30150.6,30137.7,30140.2,234.0
1782882660,30141.1,30147.2,30138.7,30139.3,229.0
1782882720,30139.3,30147.1,30135.2,30145.9,234.0
1782882780,30146.1,30156.3,30136.4,30139.8,232.0
1782882840,30140.2,30140.2,30129.8,30136.4,230.0
1782882900,30134.7,30140.7,30111.6,30136.9,247.0
1782882960,30136.1,30145.2,30135.9,30142.6,220.0
1782883020,30142.8,30148.7,30140.4,30148.1,201.0
1782883080,30148.1,30151.9,30142.6,30144.9,208.0
1782883140,30145.6,30149.1,30139.2,30147.9,220.0
1782883200,30148.3,30148.9,30137.9,30146.4,185.0
1782883260,30146.6,30159.2,30145.3,30157.9,198.0
1782883320,30156.9,30160.8,30156.1,30158.4,166.0
1782883380,30158.3,30158.4,30152.7,30156.9,199.0
1782883440,30156.9,30158.9,30151.8,30153.7,167.0
1782883500,30153.7,30155.7,30147.3,30148.6,207.0
1782883560,30148.6,30166.1,30148.1,30163.9,219.0
1782883620,30163.6,30163.6,30153.2,30154.1,185.0
1782883680,30154.1,30160.8,30151.2,30156.7,190.0
1782883740,30156.6,30165.2,30153.4,30165.1,175.0
1782883800,30164.9,30167.6,30162.3,30165.3,197.0
1782883860,30165.2,30170.8,30153.9,30153.9,193.0
1782883920,30153.9,30159.4,30152.2,30157.3,207.0
1782883980,30157.3,30166.8,30153.4,30164.6,179.0
1782884040,30164.6,30166.4,30152.7,30152.8,190.0
1782884100,30152.8,30161.7,30152.2,30160.9,180.0
1782884160,30160.9,30165.3,30160.7,30160.9,174.0
1782884220,30160.9,30162.7,30157.2,30159.7,171.0
1782884280,30159.6,30165.7,30157.2,30164.9,169.0
1782884340,30165.4,30166.7,30163.3,30164.2,163.0
1782884400,30164.1,30165.6,30160.9,30164.4,160.0
1782884460,30164.4,30172.1,30164.4,30171.8,167.0
1782884520,30171.8,30177.2,30171.3,30177.2,162.0
1782884580,30177.1,30188.9,30177.1,30184.2,185.0
1782884640,30183.9,30184.7,30180.7,30183.8,192.0
1782884700,30183.9,30185.6,30179.3,30180.3,187.0
1782884760,30180.3,30181.8,30174.3,30178.6,157.0
1782884820,30178.1,30179.4,30172.3,30178.2,196.0
1782884880,30178.3,30184.9,30176.6,30178.9,185.0
1782884940,30178.9,30180.9,30175.6,30178.7,153.0
1782885000,30178.6,30179.9,30174.9,30176.9,162.0
1782885060,30176.8,30179.3,30172.3,30173.8,174.0
1782885120,30173.9,30176.1,30169.4,30172.6,185.0
1782885180,30173.8,30175.6,30168.9,30175.3,191.0
1782885240,30175.4,30182.7,30175.4,30182.4,170.0
1782885300,30181.8,30183.7,30178.3,30183.1,142.0
1782885360,30183.4,30184.4,30178.2,30179.3,149.0
1782885420,30179.2,30185.6,30178.7,30180.3,150.0
1782885480,30180.1,30182.1,30177.6,30182.1,148.0
1782885540,30182.1,30185.7,30181.1,30181.4,172.0
1782885600,30183.7,30187.7,30179.1,30181.4,155.0
1782885660,30181.3,30185.7,30175.9,30179.8,177.0
1782885720,30179.9,30189.6,30178.6,30185.4,159.0
1782885780,30185.8,30190.3,30184.3,30187.4,156.0
1782885840,30188.1,30188.4,30180.8,30184.1,177.0
1782885900,30184.2,30191.2,30181.1,30189.6,186.0
1782885960,30189.6,30193.3,30187.7,30192.6,156.0
1782886020,30192.6,30199.1,30192.6,30197.9,165.0
1782886080,30197.9,30198.9,30192.6,30195.1,163.0
1782886140,30195.1,30198.1,30192.9,30197.1,151.0
1782886200,30196.9,30199.9,30194.6,30198.2,182.0
1782886260,30198.2,30204.1,30198.1,30203.9,148.0
1782886320,30204.1,30205.9,30201.8,30203.4,153.0
1782886380,30203.4,30207.3,30202.7,30206.2,137.0
1782886440,30206.2,30208.9,30203.7,30206.1,159.0
1782886500,30205.9,30207.1,30202.4,30205.4,169.0
1782886560,30205.6,30209.2,30194.7,30194.8,176.0
1782886620,30194.8,30196.6,30186.9,30187.2,160.0
1782886680,30186.4,30190.4,30179.4,30189.9,185.0
1782886740,30189.9,30195.2,30187.1,30190.6,187.0
1782886800,30191.6,30191.6,30184.7,30189.1,181.0
1782886860,30188.8,30190.3,30181.2,30181.8,187.0
1782886920,30181.9,30183.4,30178.3,30179.4,193.0
1782886980,30179.3,30184.4,30178.7,30180.8,172.0
1782887040,30180.8,30182.1,30176.1,30179.1,170.0
1782887100,30178.9,30181.7,30173.6,30180.4,170.0
1782887160,30180.3,30188.3,30179.9,30180.2,181.0
1782887220,30180.2,30180.9,30176.8,30180.4,172.0
1782887280,30180.6,30185.8,30180.6,30181.8,180.0
1782887340,30181.7,30184.2,30179.2,30181.4,150.0
1782887400,30181.4,30189.1,30179.8,30187.1,221.0
1782887460,30187.2,30188.3,30175.4,30179.3,202.0
1782887520,30179.3,30182.9,30175.6,30182.1,205.0
1782887580,30182.3,30190.4,30181.6,30186.9,196.0
1782887640,30186.9,30187.9,30183.1,30185.9,190.0
1782887700,30185.8,30199.6,30185.6,30199.1,205.0
1782887760,30199.2,30205.2,30196.2,30202.9,165.0
1782887820,30203.2,30208.3,30200.6,30200.8,188.0
1782887880,30200.4,30209.1,30198.1,30201.9,176.0
1782887940,30201.7,30209.1,30201.2,30206.6,198.0
1782888000,30206.3,30210.7,30203.6,30207.6,209.0
1782888060,30207.6,30210.9,30200.4,30201.9,172.0
1782888120,30201.7,30201.7,30191.6,30193.3,190.0
1782888180,30193.3,30197.8,30190.9,30196.3,178.0
1782888240,30195.8,30196.6,30189.3,30192.6,187.0
1782888300,30191.8,30199.8,30191.7,30197.3,192.0
1782888360,30197.3,30208.1,30197.3,30207.8,176.0
1782888420,30207.7,30212.8,30207.3,30208.8,181.0
1782888480,30209.1,30210.4,30206.8,30208.1,157.0
1782888540,30208.2,30213.2,30207.6,30211.9,135.0
1782888600,30212.2,30216.6,30210.9,30215.7,164.0
1782888660,30215.7,30217.9,30213.3,30217.4,147.0
1782888720,30217.3,30220.8,30216.2,30217.2,156.0
1782888780,30217.1,30218.2,30214.2,30214.2,136.0
1782888840,30214.4,30216.9,30212.6,30212.6,125.0
1782888900,30212.7,30213.3,30205.7,30209.8,155.0
1782888960,30209.7,30212.9,30207.9,30212.4,153.0
1782889020,30212.4,30213.1,30209.6,30212.6,154.0
1782889080,30212.6,30212.6,30209.6,30209.8,165.0
1782889140,30209.8,30212.7,30208.6,30210.3,146.0
1782889200,30211.4,30211.4,30197.6,30198.3,180.0
1782889260,30198.2,30198.4,30190.9,30192.4,189.0
1782889320,30192.4,30193.6,30186.3,30187.2,192.0
1782889380,30187.2,30191.2,30185.9,30190.1,169.0
1782889440,30190.1,30196.7,30189.8,30195.9,191.0
1782889500,30195.6,30199.4,30194.9,30197.3,175.0
1782889560,30197.4,30199.3,30192.2,30192.4,191.0
1782889620,30192.7,30201.9,30191.1,30197.3,168.0
1782889680,30197.2,30198.6,30194.3,30194.7,191.0
1782889740,30195.1,30196.9,30192.3,30194.9,185.0
1782889800,30194.9,30198.2,30191.3,30191.8,187.0
1782889860,30192.4,30193.9,30189.2,30189.9,147.0
1782889920,30190.6,30192.1,30187.6,30188.8,152.0
1782889980,30188.8,30190.8,30184.3,30184.6,161.0
1782890040,30184.7,30185.1,30177.9,30180.7,176.0
1782890100,30180.7,30183.2,30175.7,30181.8,200.0
1782890160,30181.9,30185.1,30180.1,30183.3,185.0
1782890220,30183.3,30183.3,30175.3,30180.8,196.0
1782890280,30181.2,30183.1,30178.2,30178.3,162.0
1782890340,30177.9,30181.4,30177.2,30179.4,141.0
1782890400,30179.4,30183.4,30172.8,30182.4,162.0
1782890460,30182.2,30182.6,30177.3,30180.9,166.0
1782890520,30180.8,30189.2,30180.6,30186.6,181.0
1782890580,30186.6,30192.8,30185.1,30187.9,185.0
1782890640,30187.8,30194.7,30184.9,30186.2,149.0
1782890700,30186.4,30187.8,30181.9,30185.8,163.0
1782890760,30185.4,30190.4,30184.6,30189.9,150.0
1782890820,30190.1,30196.7,30188.4,30194.2,149.0
1782890880,30194.2,30197.4,30191.2,30194.7,146.0
1782890940,30195.2,30197.8,30194.9,30195.3,153.0
1782891000,30195.3,30199.1,30192.8,30194.9,191.0
1782891060,30194.8,30199.4,30194.4,30195.8,175.0
1782891120,30196.2,30200.1,30193.1,30199.3,156.0
1782891180,30199.1,30199.8,30193.2,30196.7,153.0
1782891240,30196.2,30199.8,30195.4,30197.7,144.0
1782891300,30197.7,30197.7,30187.6,30187.7,161.0
1782891360,30187.1,30187.8,30176.9,30185.7,165.0
1782891420,30185.7,30188.2,30180.9,30182.7,152.0
1782891480,30182.8,30189.8,30182.8,30187.9,169.0
1782891540,30187.8,30189.4,30181.7,30183.7,160.0
1782891600,30183.4,30200.1,30181.1,30199.1,178.0
1782891660,30199.2,30202.7,30198.4,30198.8,147.0
1782891720,30198.8,30204.1,30197.8,30202.8,139.0
1782891780,30202.8,30203.6,30200.3,30200.3,128.0
1782891840,30200.3,30201.3,30195.1,30197.2,191.0
1782891900,30197.2,30208.9,30197.2,30207.8,187.0
1782891960,30207.8,30211.1,30206.1,30207.3,173.0
1782892020,30207.3,30210.8,30204.6,30207.9,140.0
1782892080,30208.1,30212.8,30208.1,30211.6,139.0
1782892140,30211.6,30211.7,30207.4,30209.8,158.0
1782892200,30209.9,30212.8,30207.6,30211.6,147.0
1782892260,30211.6,30218.2,30209.1,30215.2,172.0
1782892320,30214.9,30215.2,30209.4,30211.3,140.0
1782892380,30211.2,30213.2,30209.9,30211.6,134.0
1782892440,30211.7,30214.6,30210.9,30213.8,97.0
1782892500,30213.7,30215.8,30207.6,30208.1,137.0
1782892560,30208.1,30208.1,30200.2,30203.3,164.0
1782892620,30203.3,30203.3,30192.2,30193.1,151.0
1782892680,30192.9,30195.3,30189.7,30194.1,144.0
1782892740,30193.9,30193.9,30186.1,30187.6,173.0
1782892800,30188.6,30190.2,30185.3,30188.6,190.0
1782892860,30188.4,30192.9,30181.2,30181.7,184.0
1782892920,30181.7,30185.2,30179.4,30179.9,185.0
1782892980,30179.9,30186.3,30179.9,30185.1,191.0
1782893040,30184.9,30189.2,30183.2,30188.9,173.0
1782893100,30188.9,30195.4,30188.7,30194.8,175.0
1782893160,30194.8,30199.2,30194.6,30196.3,145.0
1782893220,30196.2,30204.7,30195.2,30203.4,156.0
1782893280,30203.4,30206.6,30201.9,30203.9,145.0
1782893340,30203.7,30203.7,30193.4,30193.4,150.0
1782893400,30193.7,30193.7,30183.9,30188.6,176.0
1782893460,30188.6,30189.8,30183.1,30186.2,169.0
1782893520,30186.1,30188.8,30183.4,30185.2,160.0
1782893580,30185.7,30190.8,30185.4,30187.4,162.0
1782893640,30187.4,30189.6,30186.1,30188.7,153.0
1782893700,30188.4,30192.7,30187.1,30187.4,179.0
1782893760,30187.2,30194.1,30184.4,30191.9,164.0
1782893820,30191.9,30194.2,30189.1,30192.9,141.0
1782893880,30192.8,30194.2,30184.2,30187.9,170.0
1782893940,30188.2,30193.7,30186.7,30191.3,142.0
1782894000,30191.3,30192.1,30181.3,30182.8,142.0
1782894060,30181.9,30184.3,30178.6,30179.8,176.0
1782894120,30179.8,30180.3,30174.1,30177.3,176.0
1782894180,30177.2,30179.8,30172.9,30178.4,180.0
1782894240,30178.4,30186.8,30178.4,30184.3,165.0
1782894300,30184.3,30185.1,30178.7,30180.9,169.0
1782894360,30180.7,30183.3,30175.6,30176.6,191.0
1782894420,30176.7,30181.8,30175.6,30180.4,159.0
1782894480,30180.2,30183.2,30178.6,30181.9,172.0
1782894540,30181.9,30184.3,30173.2,30180.1,177.0
1782894600,30180.1,30182.2,30176.4,30180.1,206.0
1782894660,30180.1,30185.6,30177.7,30178.4,181.0
1782894720,30178.4,30189.2,30177.7,30185.9,184.0
1782894780,30185.9,30188.8,30182.6,30185.2,192.0
1782894840,30184.6,30184.6,30172.3,30178.4,200.0
1782894900,30178.6,30181.1,30175.9,30175.9,191.0
1782894960,30175.9,30178.4,30170.1,30175.1,195.0
1782895020,30175.1,30175.1,30167.8,30169.7,185.0
1782895080,30169.7,30175.1,30166.3,30172.9,192.0
1782895140,30172.8,30179.6,30172.1,30179.3,206.0
1782895200,30179.3,30191.2,30179.3,30190.3,185.0
1782895260,30190.3,30193.7,30189.4,30193.1,172.0
1782895320,30193.3,30195.2,30188.1,30189.8,203.0
1782895380,30189.7,30190.7,30184.1,30184.3,171.0
1782895440,30184.7,30184.8,30174.1,30179.7,191.0
1782895500,30179.6,30181.7,30174.1,30177.3,187.0
1782895560,30177.4,30185.4,30171.6,30185.1,196.0
1782895620,30185.2,30189.1,30179.4,30180.2,166.0
1782895680,30180.2,30183.9,30176.7,30178.4,178.0
1782895740,30178.4,30179.9,30169.1,30169.8,176.0
1782895800,30168.9,30175.4,30166.9,30174.9,166.0
1782895860,30174.7,30184.2,30174.7,30181.1,153.0
1782895920,30181.1,30183.3,30174.2,30177.2,194.0
1782895980,30177.3,30180.9,30174.7,30175.1,144.0
1782896040,30175.1,30175.9,30171.7,30174.8,161.0
1782896100,30174.4,30175.4,30171.7,30175.4,158.0
1782896160,30175.3,30181.7,30173.2,30179.8,178.0
1782896220,30179.9,30181.7,30177.6,30180.4,158.0
1782896280,30180.4,30181.9,30172.7,30173.9,151.0
1782896340,30173.9,30174.7,30171.2,30173.1,154.0
1782896400,30173.2,30187.6,30172.6,30183.4,206.0
1782896460,30183.1,30183.1,30167.6,30167.8,190.0
1782896520,30167.8,30168.8,30159.4,30163.4,207.0
1782896580,30163.8,30166.7,30153.9,30156.2,216.0
1782896640,30157.4,30166.3,30157.2,30160.0,168.0
1782896700,30160.0,30168.8,30158.5,30165.8,202.0
1782896760,30165.4,30165.8,30160.0,30163.2,174.0
1782896820,30163.2,30163.4,30154.9,30155.5,171.0
1782896880,30155.4,30163.9,30153.8,30156.7,182.0
1782896940,30156.5,30163.9,30154.8,30159.7,197.0
1782897000,30159.7,30166.8,30154.3,30164.8,190.0
1782897060,30164.9,30170.2,30163.5,30168.3,193.0
1782897120,30168.3,30168.3,30152.8,30157.0,198.0
1782897180,30156.4,30158.3,30149.9,30149.9,162.0
1782897240,30150.2,30152.9,30148.7,30151.3,168.0
1782897300,30152.0,30160.3,30145.2,30147.0,175.0
1782897360,30146.2,30152.2,30141.9,30149.4,173.0
1782897420,30149.7,30151.9,30140.0,30140.0,201.0
1782897480,30139.4,30142.2,30137.0,30139.8,159.0
1782897540,30139.8,30141.0,30135.0,30135.5,160.0
1782897600,30135.7,30141.2,30135.3,30137.8,169.0
1782897660,30137.8,30137.8,30133.0,30134.8,173.0
1782897720,30134.9,30136.0,30131.0,30131.7,152.0
1782897780,30131.3,30132.8,30129.2,30130.7,153.0
1782897840,30130.7,30130.7,30124.3,30125.2,155.0
1782897900,30125.2,30125.5,30113.5,30113.8,210.0
1782897960,30113.8,30119.2,30108.4,30118.9,188.0
1782898020,30118.9,30131.5,30114.9,30131.2,169.0
1782898080,30130.7,30137.7,30127.3,30136.9,162.0
1782898140,30136.9,30141.2,30134.3,30138.9,192.0
1782898200,30141.3,30149.9,30140.4,30149.2,205.0
1782898260,30149.0,30151.9,30143.5,30146.8,190.0
1782898320,30146.7,30150.4,30142.2,30142.9,185.0
1782898380,30143.3,30149.5,30139.3,30140.2,183.0
1782898440,30139.9,30144.5,30136.4,30138.0,168.0
1782898500,30138.3,30138.8,30132.3,30133.8,181.0
1782898560,30133.4,30141.8,30132.5,30139.9,180.0
1782898620,30140.2,30140.9,30133.4,30138.0,170.0
1782898680,30138.2,30140.3,30132.2,30135.4,174.0
1782898740,30135.7,30142.3,30134.4,30137.0,175.0
1782898800,30137.0,30137.9,30131.0,30134.0,135.0
1782898860,30134.0,30134.9,30129.7,30130.9,158.0
1782898920,30130.9,30133.7,30127.8,30129.2,161.0
1782898980,30128.9,30139.3,30127.7,30136.3,169.0
1782899040,30136.4,30150.8,30135.7,30150.7,171.0
1782899100,30150.4,30151.2,30145.4,30149.5,161.0
1782899160,30149.5,30154.0,30148.2,30152.8,149.0
1782899220,30152.0,30160.9,30151.0,30160.9,137.0
1782899280,30161.0,30161.9,30158.4,30159.7,146.0
1782899340,30159.7,30163.3,30157.0,30157.5,135.0
1782899400,30157.5,30159.7,30151.9,30152.9,135.0
1782899460,30152.9,30154.0,30144.0,30145.4,139.0
1782899520,30145.4,30150.3,30143.9,30149.9,118.0
1782899580,30149.9,30152.2,30145.7,30146.2,118.0
1782899640,30145.7,30145.7,30140.2,30140.8,124.0
1782899700,30140.7,30141.8,30130.5,30130.7,151.0
1782899760,30130.7,30132.9,30124.2,30127.5,160.0
1782899820,30127.4,30132.3,30125.9,30131.0,146.0
1782899880,30131.7,30134.8,30128.3,30133.4,155.0
1782899940,30133.4,30136.3,30129.7,30135.0,149.0
1782900000,30135.2,30138.2,30120.5,30121.2,228.0
1782900060,30121.2,30122.2,30111.8,30112.0,198.0
1782900120,30112.2,30115.7,30107.7,30111.5,182.0
1782900180,30111.9,30113.2,30102.2,30105.2,177.0
1782900240,30105.2,30120.2,30103.5,30114.2,214.0
1782900300,30113.7,30117.2,30107.3,30111.0,195.0
1782900360,30111.0,30111.8,30092.3,30094.8,200.0
1782900420,30094.7,30096.4,30091.3,30091.4,190.0
1782900480,30091.9,30101.2,30089.7,30096.7,198.0
1782900540,30097.3,30102.9,30095.4,30097.2,194.0
1782900600,30097.5,30097.5,30083.9,30087.0,193.0
1782900660,30085.8,30087.7,30079.8,30082.4,172.0
1782900720,30082.9,30097.7,30082.7,30087.0,173.0
1782900780,30086.9,30087.8,30073.2,30074.9,199.0
1782900840,30075.5,30080.8,30072.3,30077.3,192.0
1782900900,30077.0,30081.7,30068.7,30068.8,200.0
1782900960,30069.2,30078.7,30067.5,30069.9,199.0
1782901020,30069.9,30077.0,30058.7,30058.7,205.0
1782901080,30058.9,30059.5,30043.3,30055.0,238.0
1782901140,30054.9,30066.8,30052.0,30065.7,205.0
1782901200,30065.2,30068.2,30046.0,30048.0,205.0
1782901260,30047.5,30079.8,30047.5,30079.2,190.0
1782901320,30079.5,30088.4,30077.0,30083.9,198.0
1782901380,30082.4,30095.7,30079.4,30095.4,225.0
1782901440,30095.3,30095.4,30086.2,30092.4,196.0
1782901500,30092.2,30099.2,30087.8,30094.2,196.0
1782901560,30094.9,30096.7,30088.3,30095.8,169.0
1782901620,30096.0,30101.7,30096.0,30100.4,172.0
1782901680,30100.0,30100.9,30094.2,30095.2,163.0
1782901740,30095.2,30096.9,30088.4,30093.2,149.0
1782901800,30093.2,30098.3,30088.0,30091.7,187.0
1782901860,30091.7,30102.3,30091.7,30099.0,159.0
1782901920,30098.7,30099.4,30093.9,30095.2,161.0
1782901980,30095.4,30102.4,30093.8,30101.7,159.0
1782902040,30102.2,30106.9,30101.8,30102.9,168.0
1782902100,30102.8,30105.7,30093.2,30095.7,155.0
1782902160,30095.8,30100.8,30095.8,30098.2,130.0
1782902220,30098.2,30102.8,30097.2,30099.5,114.0
1782902280,30099.5,30103.5,30093.9,30095.0,136.0
1782902340,30095.0,30109.4,30094.3,30108.8,174.0
1782902400,30108.8,30109.5,30100.9,30101.9,160.0
1782902460,30101.9,30109.8,30101.9,30108.8,132.0
1782902520,30108.8,30108.8,30102.4,30102.8,140.0
1782902580,30102.9,30106.8,30099.8,30103.4,158.0
1782902640,30103.4,30103.9,30097.9,30099.8,152.0
1782902700,30099.7,30105.3,30097.8,30103.0,138.0
1782902760,30102.9,30102.9,30092.3,30096.8,142.0
1782902820,30096.9,30105.0,30096.3,30104.0,129.0
1782902880,30103.5,30112.3,30101.7,30111.0,171.0
1782902940,30111.0,30119.9,30105.5,30118.3,163.0
1782903000,30119.4,30123.2,30107.8,30112.5,170.0
1782903060,30111.2,30113.7,30103.3,30103.5,137.0
1782903120,30103.4,30107.4,30103.0,30106.3,148.0
1782903180,30105.8,30120.0,30103.8,30119.3,148.0
1782903240,30119.3,30121.2,30114.9,30118.2,143.0
1782903300,30118.2,30122.8,30118.2,30120.3,168.0
1782903360,30120.2,30122.0,30116.7,30117.5,165.0
1782903420,30117.7,30125.8,30115.3,30125.8,158.0
1782903480,30126.0,30126.7,30116.5,30117.7,159.0
1782903540,30117.7,30118.4,30114.9,30117.8,128.0
1782903600,30117.8,30118.2,30101.3,30101.9,210.0
1782903660,30099.7,30106.3,30096.9,30100.7,210.0
1782903720,30100.5,30102.8,30091.9,30093.0,195.0
1782903780,30093.4,30095.2,30083.7,30085.9,209.0
1782903840,30086.8,30097.0,30082.3,30083.5,214.0
1782903900,30083.3,30093.2,30077.4,30090.5,203.0
1782903960,30090.5,30091.7,30083.3,30089.9,180.0
1782904020,30089.9,30100.5,30084.9,30100.5,193.0
1782904080,30100.7,30109.0,30099.8,30107.3,172.0
1782904140,30107.3,30107.3,30095.2,30096.5,173.0
1782904200,30096.0,30103.3,30095.5,30096.9,158.0
1782904260,30096.9,30100.9,30089.0,30090.9,166.0
1782904320,30090.9,30102.3,30089.2,30101.0,159.0
1782904380,30100.7,30105.8,30099.2,30102.9,123.0
1782904440,30102.8,30106.3,30099.8,30100.7,176.0
1782904500,30100.5,30108.0,30094.2,30105.3,180.0
1782904560,30105.4,30105.7,30098.0,30098.7,160.0
1782904620,30098.8,30106.7,30095.7,30104.8,165.0
1782904680,30104.8,30106.4,30101.0,30104.4,155.0
1782904740,30104.5,30110.8,30097.3,30098.2,165.0
1782904800,30099.7,30104.3,30087.5,30093.3,191.0
1782904860,30093.4,30098.7,30092.5,30093.0,196.0
1782904920,30092.7,30092.7,30085.2,30086.4,175.0
1782904980,30086.4,30088.5,30077.5,30087.2,155.0
1782905040,30087.3,30092.2,30084.3,30087.7,170.0
1782905100,30087.2,30095.5,30086.7,30094.7,182.0
1782905160,30095.4,30095.4,30084.4,30087.0,154.0
1782905220,30087.2,30089.4,30082.9,30084.9,173.0
1782905280,30085.7,30085.7,30071.2,30071.2,173.0
1782905340,30071.2,30075.5,30067.8,30074.8,171.0
1782905400,30074.3,30080.9,30064.4,30066.3,197.0
1782905460,30065.8,30073.8,30064.9,30073.5,206.0
1782905520,30073.0,30076.4,30064.9,30067.5,200.0
1782905580,30067.5,30069.8,30061.5,30065.9,189.0
1782905640,30066.2,30087.5,30066.0,30082.5,193.0
1782905700,30083.4,30086.8,30082.2,30085.2,172.0
1782905760,30085.0,30086.4,30076.4,30081.2,170.0
1782905820,30081.2,30084.4,30076.5,30080.5,154.0
1782905880,30079.3,30079.9,30074.3,30075.9,160.0
1782905940,30075.9,30090.9,30075.4,30090.2,148.0
1782906000,30090.2,30091.2,30084.9,30085.8,156.0
1782906060,30086.4,30091.8,30086.0,30090.4,145.0
1782906120,30090.2,30104.8,30090.2,30103.2,162.0
1782906180,30103.2,30107.2,30099.8,30107.2,140.0
1782906240,30107.2,30108.7,30102.4,30102.5,140.0
1782906300,30102.4,30103.3,30097.4,30103.0,145.0
1782906360,30102.8,30102.8,30092.0,30094.5,177.0
1782906420,30094.7,30100.3,30089.2,30097.0,152.0
1782906480,30097.0,30098.2,30092.3,30092.8,147.0
1782906540,30092.7,30097.3,30092.5,30094.3,163.0
1782906600,30094.5,30096.0,30091.2,30095.8,167.0
1782906660,30095.8,30106.3,30095.5,30106.3,176.0
1782906720,30107.2,30111.3,30106.3,30109.0,145.0
1782906780,30110.4,30115.7,30109.3,30114.4,154.0
1782906840,30114.3,30119.4,30114.3,30116.9,160.0
1782906900,30117.2,30120.8,30111.7,30113.2,147.0
1782906960,30113.3,30113.8,30108.3,30111.9,128.0
1782907020,30111.7,30114.9,30109.0,30109.9,122.0
1782907080,30109.9,30114.5,30109.9,30113.2,144.0
1782907140,30113.0,30121.0,30112.3,30120.9,134.0
1782907200,30120.9,30121.4,30106.7,30108.2,190.0
1782907260,30109.2,30111.8,30104.0,30106.5,194.0
1782907320,30106.9,30111.3,30104.3,30105.8,164.0
1782907380,30105.4,30106.2,30098.8,30102.4,194.0
1782907440,30102.4,30103.4,30090.7,30094.3,199.0
1782907500,30094.7,30100.8,30093.3,30093.5,188.0
1782907560,30093.8,30104.3,30092.9,30103.0,168.0
1782907620,30102.8,30102.8,30097.7,30098.9,170.0
1782907680,30098.5,30105.7,30096.2,30097.8,175.0
1782907740,30097.8,30098.2,30091.2,30093.8,176.0
1782907800,30093.8,30094.8,30082.3,30082.8,194.0
1782907860,30082.8,30093.0,30082.8,30093.0,174.0
1782907920,30093.2,30104.0,30091.8,30102.7,165.0
1782907980,30102.5,30103.7,30096.7,30098.5,137.0
1782908040,30098.4,30101.7,30092.4,30094.4,133.0
1782908100,30094.4,30099.0,30092.7,30096.9,133.0
1782908160,30097.0,30098.0,30094.2,30097.2,138.0
1782908220,30097.4,30102.9,30097.2,30101.2,154.0
1782908280,30101.3,30104.9,30095.3,30103.5,122.0
1782908340,30103.4,30104.3,30098.0,30101.3,141.0
1782908400,30101.7,30105.4,30099.4,30102.2,132.0
1782908460,30102.2,30102.7,30096.8,30102.2,144.0
1782908520,30101.9,30105.5,30099.9,30103.4,150.0
1782908580,30103.2,30105.5,30098.3,30105.2,127.0
1782908640,30105.4,30106.9,30098.8,30099.4,141.0
1782908700,30099.2,30099.2,30087.5,30090.9,179.0
1782908760,30091.5,30096.2,30089.2,30095.5,139.0
1782908820,30095.7,30097.0,30091.2,30092.2,135.0
1782908880,30092.3,30094.7,30091.0,30091.0,127.0
1782908940,30091.5,30098.0,30089.3,30097.2,138.0
1782909000,30096.9,30097.8,30091.0,30093.2,154.0
1782909060,30093.3,30099.8,30093.3,30096.3,142.0
1782909120,30096.3,30103.7,30095.3,30100.9,165.0
1782909180,30100.9,30105.2,30100.2,30104.8,139.0
1782909240,30104.9,30108.3,30104.2,30106.7,129.0
1782909300,30106.7,30108.4,30103.3,30103.5,135.0
1782909360,30103.5,30108.4,30100.2,30106.9,140.0
1782909420,30106.2,30106.3,30099.7,30104.2,124.0
1782909480,30103.8,30104.0,30098.9,30101.5,135.0
1782909540,30101.4,30103.2,30098.9,30102.3,134.0
1782909600,30102.3,30107.5,30101.3,30101.4,134.0
1782909660,30100.9,30104.9,30098.3,30100.7,130.0
1782909720,30100.0,30102.9,30097.8,30098.0,135.0
1782909780,30098.0,30103.2,30097.8,30102.2,120.0
1782909840,30102.2,30102.8,30096.4,30102.8,131.0
1782909900,30102.8,30113.7,30102.8,30109.5,136.0
1782909960,30109.8,30113.8,30107.0,30111.9,138.0
1782910020,30111.8,30116.0,30110.8,30113.4,140.0
1782910080,30112.9,30115.7,30110.9,30113.3,125.0
1782910140,30113.0,30116.0,30111.0,30114.7,158.0
1782910200,30114.7,30116.0,30112.0,30114.7,149.0
1782910260,30114.8,30117.8,30111.4,30117.8,132.0
1782910320,30117.7,30118.2,30109.7,30114.3,129.0
1782910380,30114.4,30123.5,30114.4,30121.3,155.0
1782910440,30120.9,30125.2,30117.4,30121.2,167.0
1782910500,30121.0,30123.8,30119.8,30123.8,145.0
1782910560,30123.8,30126.5,30121.3,30122.7,140.0
1782910620,30122.7,30128.0,30121.9,30126.9,126.0
1782910680,30126.9,30127.2,30124.5,30125.8,129.0
1782910740,30125.7,30129.5,30125.7,30127.8,126.0
1782910800,30127.8,30133.2,30126.4,30127.7,164.0
1782910860,30127.4,30128.9,30122.3,30128.8,168.0
1782910920,30128.0,30131.2,30125.3,30126.3,168.0
1782910980,30126.3,30126.7,30121.8,30123.7,121.0
1782911040,30123.8,30128.0,30118.0,30121.7,135.0
1782911100,30121.7,30123.7,30117.7,30123.0,147.0
1782911160,30122.4,30123.0,30112.0,30112.5,168.0
1782911220,30113.0,30116.0,30112.0,30112.8,127.0
1782911280,30113.0,30116.3,30110.5,30116.0,129.0
1782911340,30116.0,30118.3,30111.9,30115.0,142.0
1782911400,30115.0,30115.0,30095.7,30098.5,169.0
1782911460,30098.7,30105.4,30095.5,30105.2,171.0
1782911520,30105.5,30112.0,30105.5,30111.0,139.0
1782911580,30111.2,30112.7,30106.3,30106.5,146.0
1782911640,30106.5,30106.5,30100.3,30105.0,136.0
1782911700,30106.0,30113.0,30104.0,30112.8,148.0
1782911760,30112.8,30118.2,30111.0,30118.2,136.0
1782911820,30117.0,30121.8,30114.5,30121.8,144.0
1782911880,30122.5,30124.3,30118.5,30122.9,135.0
1782911940,30123.0,30124.3,30120.3,30122.8,134.0
1782912000,30124.5,30138.5,30124.4,30136.9,169.0
1782912060,30136.9,30139.3,30135.4,30135.8,117.0
1782912120,30135.8,30136.7,30131.8,30133.4,130.0
1782912180,30133.5,30136.3,30131.9,30133.9,127.0
1782912240,30133.9,30134.4,30129.5,30131.2,112.0
1782912300,30131.3,30132.4,30128.8,30131.2,142.0
1782912360,30131.0,30133.8,30127.9,30130.7,134.0
1782912420,30129.2,30139.4,30124.4,30136.3,144.0
1782912480,30135.9,30139.8,30135.4,30137.8,113.0
1782912540,30137.8,30139.5,30135.8,30138.7,124.0
1782912600,30138.7,30139.7,30134.7,30135.7,140.0
1782912660,30135.7,30138.4,30129.9,30129.9,133.0
1782912720,30129.9,30132.9,30129.4,30131.9,121.0
1782912780,30131.9,30134.8,30131.2,30134.5,113.0
1782912840,30134.7,30138.0,30129.8,30137.3,114.0
1782912900,30137.4,30140.4,30132.7,30134.7,140.0
1782912960,30134.5,30138.8,30134.5,30137.2,136.0
1782913020,30137.0,30143.9,30134.7,30141.8,130.0
1782913080,30141.4,30141.4,30135.4,30136.2,133.0
1782913140,30136.2,30137.5,30132.9,30137.4,139.0
1782913200,30137.4,30141.2,30135.4,30138.9,148.0
1782913260,30138.9,30138.9,30129.4,30130.4,140.0
1782913320,30130.4,30131.9,30125.4,30128.2,123.0
1782913380,30128.2,30128.7,30108.0,30124.9,186.0
1782913440,30124.9,30131.3,30124.5,30131.2,111.0
1782913500,30131.2,30133.4,30129.5,30131.7,103.0
1782913560,30131.8,30132.7,30129.2,30131.0,126.0
1782913620,30131.0,30133.9,30127.8,30131.7,134.0
1782913680,30131.7,30133.5,30129.0,30130.8,141.0
1782913740,30130.5,30140.5,30129.8,30139.4,99.0
1782913800,30139.3,30142.4,30138.7,30139.7,119.0
1782913860,30139.7,30146.2,30139.2,30144.9,110.0
1782913920,30144.9,30150.2,30144.9,30148.4,159.0
1782913980,30148.3,30149.0,30146.0,30146.0,124.0
1782914040,30145.8,30148.9,30142.8,30148.3,129.0
1782914100,30148.3,30152.9,30148.0,30152.2,126.0
1782914160,30152.2,30154.4,30151.8,30153.3,116.0
1782914220,30153.3,30157.4,30152.5,30156.0,134.0
1782914280,30156.0,30157.7,30149.5,30149.5,109.0
1782914340,30149.4,30150.9,30145.4,30150.9,142.0
1782914400,30151.2,30165.4,30151.0,30159.7,200.0
1782914460,30160.0,30161.0,30153.7,30157.9,171.0
1782914520,30158.2,30159.9,30155.9,30159.4,160.0
1782914580,30159.4,30168.8,30157.4,30166.3,166.0
1782914640,30166.0,30171.2,30164.3,30168.7,170.0
1782914700,30168.7,30179.0,30167.7,30172.9,164.0
1782914760,30172.2,30176.2,30170.0,30174.4,177.0
1782914820,30174.4,30175.5,30170.8,30172.5,136.0
1782914880,30172.5,30176.8,30164.2,30164.7,165.0
1782914940,30164.2,30166.9,30159.9,30165.2,151.0
1782915000,30164.9,30167.3,30160.2,30165.9,143.0
1782915060,30165.7,30176.9,30164.9,30171.2,160.0
1782915120,30171.2,30172.9,30157.9,30160.5,139.0
1782915180,30160.9,30162.2,30154.9,30156.2,174.0
1782915240,30156.4,30158.2,30153.2,30157.0,159.0
1782915300,30157.0,30160.4,30154.3,30156.5,166.0
1782915360,30156.5,30162.0,30155.9,30162.0,146.0
1782915420,30162.2,30162.3,30158.2,30159.9,160.0
1782915480,30159.9,30163.0,30156.7,30159.9,134.0
1782915540,30159.9,30160.4,30150.3,30151.2,129.0
1782915600,30149.3,30153.9,30145.3,30149.7,157.0
1782915660,30149.2,30152.9,30146.7,30148.9,151.0
1782915720,30148.9,30154.4,30145.2,30145.4,162.0
1782915780,30145.2,30147.4,30141.0,30141.5,167.0
1782915840,30141.5,30148.7,30140.4,30146.4,152.0
1782915900,30146.2,30152.9,30143.9,30151.4,164.0
1782915960,30151.4,30157.5,30150.4,30154.8,160.0
1782916020,30154.7,30157.9,30152.2,30154.3,152.0
1782916080,30154.3,30154.8,30149.2,30152.4,152.0
1782916140,30152.4,30154.8,30140.7,30143.4,165.0
1782916200,30143.3,30145.8,30139.4,30144.3,177.0
1782916260,30144.4,30144.5,30136.7,30142.2,152.0
1782916320,30140.8,30142.8,30137.2,30140.5,161.0
1782916380,30140.5,30145.4,30139.5,30142.9,149.0
1782916440,30142.8,30142.8,30131.3,30132.7,178.0
1782916500,30131.4,30137.3,30131.0,30137.2,174.0
1782916560,30137.2,30139.5,30131.2,30132.4,169.0
1782916620,30132.7,30134.5,30127.0,30130.9,153.0
1782916680,30130.9,30132.2,30122.2,30122.7,171.0
1782916740,30122.7,30127.4,30119.7,30126.8,175.0
1782916800,30126.7,30130.2,30118.9,30130.2,197.0
1782916860,30129.9,30132.0,30118.0,30120.4,182.0
1782916920,30120.4,30126.2,30118.4,30125.0,183.0
1782916980,30125.2,30128.3,30120.8,30127.4,160.0
1782917040,30127.4,30141.3,30127.4,30139.9,177.0
1782917100,30139.5,30140.7,30132.7,30134.0,172.0
1782917160,30134.0,30137.0,30130.3,30137.0,158.0
1782917220,30136.9,30137.4,30133.5,30134.3,134.0
1782917280,30133.9,30137.5,30116.2,30116.5,179.0
1782917340,30117.0,30119.9,30113.5,30116.0,178.0
1782917400,30116.2,30117.9,30109.2,30109.2,175.0
1782917460,30109.2,30116.9,30107.8,30114.4,171.0
1782917520,30114.2,30115.7,30107.2,30114.2,193.0
1782917580,30113.9,30118.2,30112.2,30116.3,169.0
1782917640,30116.2,30119.0,30100.9,30103.3,173.0
1782917700,30102.2,30105.5,30099.4,30103.3,183.0
1782917760,30104.4,30105.3,30098.7,30105.2,181.0
1782917820,30104.9,30110.0,30104.2,30109.4,183.0
1782917880,30109.5,30110.0,30103.2,30108.3,160.0
1782917940,30107.3,30111.3,30103.9,30106.2,173.0
1782918000,30105.0,30117.3,30104.9,30104.9,196.0
1782918060,30104.7,30105.3,30096.8,30101.4,204.0
1782918120,30101.5,30101.9,30085.2,30087.0,210.0
1782918180,30087.4,30090.2,30084.2,30090.0,188.0
1782918240,30089.9,30090.7,30083.8,30085.0,182.0
1782918300,30084.8,30091.7,30081.9,30091.3,209.0
1782918360,30091.8,30092.5,30081.0,30081.5,170.0
1782918420,30081.7,30089.9,30076.2,30081.3,193.0
1782918480,30081.2,30094.0,30080.5,30092.3,183.0
1782918540,30092.2,30100.7,30090.4,30099.7,181.0
1782918600,30099.7,30109.5,30099.7,30107.5,206.0
1782918660,30107.5,30110.9,30102.3,30102.8,214.0
1782918720,30102.8,30106.7,30093.4,30106.5,191.0
1782918780,30105.9,30111.2,30104.9,30108.9,164.0
1782918840,30108.8,30111.3,30101.4,30102.7,151.0
1782918900,30102.7,30119.8,30102.7,30119.7,209.0
1782918960,30119.7,30127.4,30118.5,30119.3,202.0
1782919020,30119.3,30122.3,30114.8,30119.5,164.0
1782919080,30119.4,30119.4,30110.7,30118.3,183.0
1782919140,30117.7,30124.5,30116.8,30122.9,191.0
1782919200,30122.2,30125.5,30115.7,30117.8,194.0
1782919260,30118.0,30125.7,30117.9,30120.5,190.0
1782919320,30120.5,30121.2,30113.2,30120.9,202.0
1782919380,30120.4,30129.5,30120.4,30128.8,157.0
1782919440,30128.9,30131.3,30123.8,30130.9,171.0
1782919500,30130.9,30130.9,30119.4,30121.4,189.0
1782919560,30121.0,30124.7,30116.4,30120.3,182.0
1782919620,30119.8,30123.7,30109.5,30109.7,178.0
1782919680,30112.0,30119.5,30107.5,30118.9,196.0
1782919740,30119.0,30120.7,30111.0,30112.8,148.0
1782919800,30110.5,30110.8,30087.4,30092.8,223.0
1782919860,30093.0,30102.4,30092.7,30100.4,188.0
1782919920,30100.3,30109.4,30094.7,30101.5,208.0
1782919980,30101.5,30136.4,30097.8,30128.3,206.0
1782920040,30128.2,30137.7,30043.4,30047.9,275.0
1782920100,30042.4,30063.0,30033.5,30046.8,276.0
1782920160,30048.0,30053.3,30025.2,30036.5,269.0
1782920220,30036.7,30040.3,30021.4,30024.4,261.0
1782920280,30021.7,30042.5,30019.9,30032.0,262.0
1782920340,30030.9,30030.9,30006.7,30006.7,256.0
1782920400,30006.9,30017.3,29994.2,30012.7,280.0
1782920460,30012.3,30035.5,30009.0,30035.0,264.0
1782920520,30034.8,30038.2,29987.5,29991.5,263.0
1782920580,29991.3,30017.3,29988.3,30014.5,252.0
1782920640,30013.3,30026.8,30001.8,30016.0,249.0
1782920700,30015.0,30025.4,29997.7,30020.5,257.0
1782920760,30020.5,30024.7,30008.0,30008.3,246.0
1782920820,30008.5,30012.9,29993.0,29996.9,251.0
1782920880,29998.2,30006.3,29989.7,30004.4,254.0
1782920940,30004.4,30007.7,29984.8,29996.2,260.0
1782921000,29996.3,30023.2,29989.8,30021.8,260.0
1782921060,30021.9,30030.0,30008.4,30027.5,246.0
1782921120,30028.5,30028.5,30001.7,30003.9,247.0
1782921180,30004.4,30006.3,29988.4,29993.4,230.0
1782921240,29992.3,29998.9,29977.3,29990.2,261.0
1782921300,29990.9,30002.8,29978.9,29996.2,271.0
1782921360,29995.8,30018.5,29983.9,30017.3,261.0
1782921420,30017.5,30028.0,30009.3,30009.5,254.0
1782921480,30009.8,30025.8,30000.7,30024.8,246.0
1782921540,30024.4,30028.2,30009.7,30010.9,249.0
1782921600,30011.5,30026.5,30009.8,30016.2,257.0
1782921660,30016.0,30044.8,30013.3,30034.9,249.0
1782921720,30034.9,30040.8,30025.4,30039.5,255.0
1782921780,30039.3,30048.9,30024.0,30025.7,261.0
1782921840,30026.2,30042.3,30026.2,30032.8,254.0
1782921900,30032.5,30036.8,30017.9,30020.8,247.0
1782921960,30020.9,30023.2,29999.5,30004.0,255.0
1782922020,30002.4,30013.7,30000.7,30013.2,253.0
1782922080,30013.2,30014.5,29996.7,29997.0,238.0
1782922140,29997.0,30012.0,29994.5,30006.5,250.0
1782922200,30007.0,30010.2,29996.2,30008.0,259.0
1782922260,30007.7,30016.3,29990.4,30007.2,268.0
1782922320,30008.3,30009.5,29992.4,29996.4,248.0
1782922380,29996.4,30008.0,29988.4,30005.4,254.0
1782922440,30005.9,30005.9,29988.9,29999.3,253.0
1782922500,29998.9,30009.8,29990.9,30000.0,263.0
1782922560,30000.3,30008.8,29992.0,30005.7,232.0
1782922620,30005.7,30050.2,30002.9,30048.3,257.0
1782922680,30048.2,30057.7,30040.4,30041.3,268.0
1782922740,30041.0,30041.3,30025.0,30026.0,247.0
1782922800,30027.5,30036.5,30024.3,30035.0,252.0
1782922860,30035.0,30037.5,30023.0,30033.3,254.0
1782922920,30033.4,30034.4,30020.4,30033.7,245.0
1782922980,30034.0,30040.5,30024.4,30027.5,246.0
1782923040,30026.3,30037.2,30023.0,30033.0,233.0
1782923100,30032.2,30032.2,29990.2,29995.2,256.0
1782923160,29995.2,30001.7,29986.4,29998.2,267.0
1782923220,29998.5,30009.4,29993.5,29998.0,264.0
1782923280,30001.3,30001.3,29971.4,29972.9,276.0
1782923340,29974.4,30000.4,29957.0,29980.9,277.0
1782923400,29980.2,30001.8,29914.5,29984.0,296.0
1782923460,29980.7,29980.7,29901.2,29958.4,293.0
1782923520,29959.2,29995.7,29910.4,29919.7,277.0
1782923580,29919.7,29922.2,29863.3,29863.3,285.0
1782923640,29865.8,29894.2,29851.3,29861.3,287.0
1782923700,29859.8,29879.1,29832.7,29847.7,289.0
1782923760,29845.6,29884.3,29842.1,29860.1,296.0
1782923820,29863.3,29904.4,29857.6,29862.1,289.0
1782923880,29864.6,29881.7,29838.8,29860.9,287.0
1782923940,29862.8,29884.4,29841.1,29858.7,287.0
1782924000,29854.8,29905.1,29843.6,29889.8,289.0
1782924060,29889.6,29927.7,29865.4,29905.4,287.0
1782924120,29905.1,29921.2,29882.6,29915.4,285.0
1782924180,29921.7,29923.9,29883.2,29891.3,292.0
1782924240,29889.1,29911.7,29879.6,29884.7,289.0
1782924300,29876.9,29914.2,29856.6,29907.7,288.0
1782924360,29907.7,29951.1,29903.3,29943.8,285.0
1782924420,29941.6,29956.9,29925.9,29948.1,288.0
1782924480,29947.6,29969.4,29945.2,29945.2,289.0
1782924540,29944.8,29953.6,29918.3,29948.4,282.0
1782924600,29949.1,29976.3,29933.3,29974.9,291.0
1782924660,29973.8,29995.9,29964.2,29986.6,283.0
1782924720,29983.6,29988.3,29966.2,29982.8,277.0
1782924780,29982.7,30002.9,29975.1,29975.9,282.0
1782924840,29978.1,29984.1,29960.1,29976.1,281.0
1782924900,29975.9,29993.9,29965.2,29983.8,274.0
1782924960,29982.8,29994.8,29965.3,29973.1,281.0
1782925020,29972.3,29987.4,29961.8,29985.1,279.0
1782925080,29985.3,30002.6,29975.3,29993.6,279.0
1782925140,29994.2,30026.7,29987.4,30025.4,276.0
1782925200,30027.7,30048.1,30021.2,30038.6,278.0
1782925260,30038.2,30045.2,29997.2,30009.2,286.0
1782925320,30009.7,30024.8,29996.4,30001.3,274.0
1782925380,30001.2,30022.4,29988.9,30022.4,285.0
1782925440,30022.2,30032.3,30005.1,30007.8,280.0
1782925500,30008.7,30033.9,30001.2,30027.4,279.0
1782925560,30027.6,30047.8,30025.1,30042.8,270.0
1782925620,30040.8,30057.3,30028.9,30049.7,268.0
1782925680,30050.3,30059.8,30034.6,30038.3,268.0
1782925740,30039.1,30043.3,30028.3,30040.7,274.0
1782925800,30039.1,30053.4,30036.6,30049.8,268.0
1782925860,30049.9,30065.3,30045.8,30058.3,273.0
1782925920,30057.1,30070.6,30053.6,30059.8,266.0
1782925980,30059.8,30063.1,30031.6,30058.7,275.0
1782926040,30059.4,30066.3,30024.7,30030.9,283.0
1782926100,30030.9,30042.9,30017.8,30018.1,276.0
1782926160,30018.8,30027.1,29995.7,30025.6,277.0
1782926220,30023.8,30050.2,30014.2,30049.6,279.0
1782926280,30049.8,30056.2,30032.4,30037.2,271.0
1782926340,30037.6,30054.8,30028.3,30046.1,273.0
1782926400,30043.9,30045.3,30018.6,30021.6,280.0
1782926460,30022.8,30044.2,30016.8,30039.9,271.0
1782926520,30038.9,30048.3,30031.6,30037.9,282.0
1782926580,30039.2,30057.3,30038.6,30042.7,273.0
1782926640,30042.7,30048.4,30033.1,30037.3,272.0
1782926700,30037.6,30047.8,30030.1,30037.8,270.0
1782926760,30039.3,30055.1,30038.4,30043.6,270.0
1782926820,30043.4,30050.9,30033.3,30042.8,261.0
1782926880,30041.6,30043.4,30015.1,30023.7,273.0
1782926940,30023.7,30030.9,30020.1,30029.3,263.0
1782927000,30029.2,30032.1,29998.7,30003.8,278.0
1782927060,30003.8,30008.8,29983.2,29993.1,281.0
1782927120,29995.3,30004.8,29963.7,29980.1,277.0
1782927180,29979.3,29990.8,29966.8,29970.6,278.0
1782927240,29970.6,29988.3,29965.6,29980.2,277.0
1782927300,29976.8,29984.6,29952.2,29957.6,276.0
1782927360,29956.8,29974.2,29948.6,29973.3,282.0
1782927420,29972.6,30004.4,29972.6,29997.1,270.0
1782927480,29996.1,30003.7,29979.4,29993.8,275.0
1782927540,29993.9,30008.1,29991.1,30008.1,275.0
1782927600,30007.6,30015.1,29991.2,29994.3,279.0
1782927660,29994.4,29994.4,29962.6,29966.7,283.0
1782927720,29967.7,29972.1,29955.7,29962.3,273.0
1782927780,29963.2,29977.7,29962.7,29962.7,273.0
1782927840,29963.7,29981.6,29948.4,29949.7,272.0
1782927900,29947.7,29947.7,29895.6,29897.8,289.0
1782927960,29899.2,29910.4,29881.4,29907.8,284.0
1782928020,29908.7,29932.9,29903.3,29913.1,283.0
1782928080,29911.8,29922.4,29901.2,29917.2,266.0
1782928140,29918.2,29938.4,29918.2,29938.1,271.0
1782928200,29937.7,29964.6,29933.6,29964.6,284.0
1782928260,29964.6,29985.9,29954.4,29976.4,278.0
1782928320,29977.6,29977.6,29955.6,29962.6,276.0
1782928380,29962.6,29976.7,29962.3,29973.1,274.0
1782928440,29973.1,29975.7,29955.4,29958.7,261.0
1782928500,29959.4,29964.1,29937.6,29942.7,273.0
1782928560,29943.3,29949.9,29923.8,29932.2,273.0
1782928620,29931.3,29932.9,29909.1,29912.1,276.0
1782928680,29912.3,29919.3,29889.4,29891.3,278.0
1782928740,29890.8,29937.2,29888.2,29936.9,272.0
1782928800,29937.3,29955.7,29930.3,29946.7,261.0
1782928860,29946.8,29963.8,29938.4,29963.8,274.0
1782928920,29963.2,29977.4,29953.9,29976.7,278.0
1782928980,29976.8,30001.9,29975.3,29995.2,269.0
1782929040,29995.3,30014.9,29994.1,30004.8,272.0
1782929100,30004.9,30014.2,29989.9,30003.9,274.0
1782929160,30003.3,30005.2,29983.6,29984.6,271.0
1782929220,29985.4,30003.8,29985.4,29986.7,270.0
1782929280,29985.3,29985.6,29962.1,29963.1,275.0
1782929340,29964.2,29970.1,29947.3,29969.8,275.0
1782929400,29970.8,29975.6,29948.7,29971.2,274.0
1782929460,29971.4,29976.6,29952.3,29968.6,279.0
1782929520,29969.6,29993.6,29958.7,29992.2,268.0
1782929580,29992.1,30001.6,29989.1,29996.2,259.0
1782929640,29995.8,30008.4,29992.2,30005.3,254.0
1782929700,30005.9,30029.2,30005.9,30028.1,279.0
1782929760,30028.4,30028.6,30010.3,30011.1,275.0
1782929820,30010.8,30040.4,30009.9,30038.9,260.0
1782929880,30038.7,30046.4,30037.6,30043.9,267.0
1782929940,30044.6,30058.4,30032.4,30042.6,269.0
1782930000,30042.8,30074.7,30042.8,30063.8,264.0
1782930060,30063.7,30073.8,30052.9,30054.8,272.0
1782930120,30055.6,30077.3,30051.8,30072.3,266.0
1782930180,30071.7,30075.7,30065.1,30068.2,277.0
1782930240,30067.8,30069.7,30043.7,30046.6,264.0
1782930300,30046.6,30055.7,30039.2,30055.7,276.0
1782930360,30056.2,30068.9,30045.2,30061.6,271.0
1782930420,30060.9,30077.2,30060.2,30071.2,262.0
1782930480,30071.3,30088.2,30071.3,30080.4,231.0
1782930540,30080.6,30088.7,30078.3,30086.4,260.0
1782930600,30087.6,30092.6,30072.7,30079.2,269.0
1782930660,30078.4,30097.3,30074.1,30095.8,253.0
1782930720,30095.8,30098.6,30071.7,30073.1,260.0
1782930780,30073.7,30083.4,30070.8,30075.1,262.0
1782930840,30075.9,30079.9,30059.4,30061.8,275.0
1782930900,30062.1,30071.3,30046.8,30050.9,269.0
1782930960,30050.4,30051.8,30029.7,30047.8,267.0
1782931020,30048.7,30060.7,30036.7,30038.7,269.0
1782931080,30038.7,30053.2,30038.7,30047.4,265.0
1782931140,30048.2,30054.4,30042.1,30042.4,259.0
1782931200,30041.6,30049.7,30028.7,30030.7,258.0
1782931260,30031.4,30047.4,30022.9,30047.4,269.0
1782931320,30047.8,30061.9,30047.7,30054.1,254.0
1782931380,30054.7,30054.9,30028.3,30029.8,252.0
1782931440,30030.2,30038.8,30026.7,30034.7,255.0
1782931500,30034.9,30040.4,30023.4,30028.4,268.0
1782931560,30028.6,30034.4,30017.9,30029.2,263.0
1782931620,30029.9,30031.6,30015.6,30017.2,265.0
1782931680,30017.4,30030.7,30013.2,30018.6,248.0
1782931740,30017.8,30017.8,29990.4,29995.2,270.0
1782931800,29995.9,30011.4,29995.7,30001.4,275.0
1782931860,30001.6,30003.9,29983.7,29989.9,262.0
1782931920,29989.4,30007.9,29987.7,30002.1,251.0
1782931980,30001.7,30015.7,29996.2,30008.7,252.0
1782932040,30008.2,30008.4,29981.1,29981.4,260.0
1782932100,29982.6,29990.6,29976.2,29976.6,256.0
1782932160,29976.8,29987.3,29972.4,29986.9,257.0
1782932220,29986.7,29997.6,29979.7,29996.3,246.0
1782932280,29996.6,30011.7,29994.4,30000.9,256.0
1782932340,30001.8,30009.9,29998.6,29998.9,247.0
1782932400,29998.4,30007.6,29989.6,29999.8,271.0
1782932460,29999.4,30002.9,29993.1,29994.8,267.0
1782932520,29995.3,30018.7,29992.4,30010.7,268.0
1782932580,30010.1,30020.3,29999.2,30000.3,262.0
1782932640,30000.3,30005.8,29979.2,29987.3,267.0
1782932700,29987.9,29989.3,29976.8,29985.1,270.0
1782932760,29984.9,30001.3,29984.7,29996.9,264.0
1782932820,29996.7,30011.2,29996.6,29999.3,259.0
1782932880,29997.6,30005.7,29993.1,29997.1,255.0
1782932940,29997.4,29998.4,29979.6,29983.3,261.0
1782933000,29983.7,29989.6,29968.4,29989.4,271.0
1782933060,29989.3,30000.2,29985.8,30000.1,266.0
1782933120,30000.1,30004.8,29996.2,30001.7,260.0
1782933180,30000.8,30003.1,29985.4,29986.3,256.0
1782933240,29987.2,29990.6,29978.2,29985.9,252.0
1782933300,29985.7,29989.3,29970.4,29971.3,253.0
1782933360,29971.7,29981.4,29962.3,29981.2,255.0
1782933420,29980.9,29990.1,29977.2,29984.1,250.0
1782933480,29983.6,29988.4,29971.9,29983.3,264.0
1782933540,29983.4,30003.4,29976.1,29999.8,271.0
1782933600,30000.3,30003.4,29991.8,30001.3,246.0
1782933660,30001.6,30007.1,29995.2,30002.3,259.0
1782933720,30002.4,30009.1,29995.7,30005.6,255.0
1782933780,30005.7,30020.9,30004.6,30020.9,251.0
1782933840,30020.9,30024.9,30009.9,30011.2,247.0
1782933900,30011.8,30017.9,30000.6,30000.6,243.0
1782933960,30000.8,30014.9,30000.8,30012.6,252.0
1782934020,30012.4,30013.3,30000.3,30008.2,248.0
1782934080,30007.8,30011.7,29994.4,29996.6,231.0
1782934140,29996.8,30000.8,29987.8,29987.9,246.0
1782934200,29988.6,29994.4,29981.6,29986.7,256.0
1782934260,29986.6,29997.6,29985.7,29993.1,249.0
1782934320,29993.9,29999.3,29987.2,29996.7,248.0
1782934380,29997.1,30006.3,29992.9,30004.4,226.0
1782934440,30004.4,30004.4,29991.2,30000.6,240.0
1782934500,30000.4,30000.4,29984.2,29987.2,229.0
1782934560,29987.3,29990.2,29982.4,29987.4,255.0
1782934620,29987.7,29993.6,29980.9,29986.7,239.0
1782934680,29986.9,29988.8,29978.7,29985.9,235.0
1782934740,29985.9,29986.4,29963.7,29964.6,230.0
1782934800,29963.7,29972.3,29959.2,29963.4,259.0
1782934860,29965.1,29969.9,29949.8,29955.2,252.0
1782934920,29955.6,29957.8,29946.2,29954.7,240.0
1782934980,29954.3,29959.7,29946.3,29952.1,226.0
1782935040,29950.7,29967.7,29949.2,29967.4,224.0
1782935100,29967.3,29967.3,29948.4,29948.6,246.0
1782935160,29948.7,29963.9,29948.7,29962.3,244.0
1782935220,29962.4,29984.7,29962.3,29975.8,240.0
1782935280,29975.7,29975.7,29968.7,29972.3,238.0
1782935340,29972.6,29975.7,29959.2,29961.2,248.0
1782935400,29961.4,29972.8,29958.4,29971.9,234.0
1782935460,29971.9,29972.7,29950.9,29958.3,232.0
1782935520,29957.6,29962.4,29944.9,29947.2,242.0
1782935580,29946.9,29960.7,29944.6,29944.6,254.0
1782935640,29945.7,29959.2,29942.2,29958.4,250.0
1782935700,29959.4,29963.3,29944.6,29945.9,258.0
1782935760,29944.9,29949.8,29934.4,29946.4,247.0
1782935820,29946.2,29951.9,29936.9,29944.9,246.0
1782935880,29943.2,29947.3,29934.7,29937.9,242.0
1782935940,29938.2,29942.7,29918.9,29933.3,255.0
1782936000,29933.9,29960.9,29933.2,29955.8,268.0
1782936060,29955.7,29959.4,29946.2,29954.3,260.0
1782936120,29953.4,29954.1,29931.1,29938.7,255.0
1782936180,29938.4,29944.2,29915.7,29919.1,259.0
1782936240,29920.2,29928.2,29915.4,29925.2,253.0
1782936300,29924.8,29924.8,29905.3,29910.7,259.0
1782936360,29910.3,29912.4,29898.1,29910.6,264.0
1782936420,29911.2,29932.7,29911.1,29928.7,256.0
1782936480,29929.1,29935.7,29922.7,29924.1,259.0
1782936540,29924.9,29936.9,29923.2,29929.3,238.0
1782936600,29928.7,29928.7,29914.2,29915.6,249.0
1782936660,29915.8,29923.9,29910.4,29921.4,260.0
1782936720,29921.8,29938.2,29921.3,29937.1,249.0
1782936780,29937.7,29945.8,29929.9,29939.1,249.0
1782936840,29938.9,29943.9,29936.8,29941.7,237.0
1782936900,29941.6,29951.7,29936.2,29939.1,250.0
1782936960,29939.2,29947.7,29936.9,29942.9,264.0
1782937020,29942.9,29953.2,29935.1,29936.3,255.0
1782937080,29936.9,29946.4,29934.2,29937.6,235.0
1782937140,29937.4,29957.9,29936.3,29956.7,227.0
1782937200,29956.4,29969.6,29953.8,29963.2,239.0
1782937260,29964.1,29966.1,29958.6,29961.4,243.0
1782937320,29961.4,29973.2,29959.2,29969.4,246.0
1782937380,29969.4,29973.9,29966.2,29972.9,214.0
1782937440,29972.2,29979.2,29968.2,29974.9,234.0
1782937500,29974.4,29983.7,29967.9,29969.2,246.0
1782937560,29968.7,29972.4,29962.6,29969.4,205.0
1782937620,29969.4,29974.7,29966.6,29966.7,236.0
1782937680,29966.1,29970.2,29953.3,29954.9,239.0
1782937740,29955.7,29957.1,29948.7,29953.4,227.0
1782937800,29952.7,29966.6,29952.7,29962.2,225.0
1782937860,29962.4,29964.4,29954.1,29960.3,223.0
1782937920,29960.3,29963.6,29930.8,29938.2,241.0
1782937980,29938.3,29945.2,29931.2,29938.9,235.0
1782938040,29937.2,29946.3,29932.7,29943.2,221.0
1782938100,29943.2,29946.7,29929.2,29938.4,229.0
1782938160,29937.7,29940.3,29933.9,29938.3,248.0
1782938220,29938.1,29952.7,29938.1,29951.2,239.0
1782938280,29951.4,29954.2,29944.9,29949.2,218.0
1782938340,29949.2,29953.3,29941.7,29949.2,239.0
1782938400,29949.9,29957.2,29941.1,29953.1,223.0
1782938460,29951.4,29951.4,29938.7,29944.4,236.0
1782938520,29944.9,29947.2,29933.9,29933.9,219.0
1782938580,29934.2,29941.9,29929.3,29941.7,226.0
1782938640,29941.2,29943.7,29929.8,29932.4,218.0
1782938700,29932.2,29939.2,29923.6,29936.8,232.0
1782938760,29936.3,29939.8,29923.3,29927.1,235.0
1782938820,29927.2,29930.2,29918.7,29919.4,236.0
1782938880,29919.2,29924.1,29912.2,29924.1,241.0
1782938940,29923.7,29927.1,29915.4,29925.4,246.0
1782939000,29925.4,29945.7,29925.4,29943.8,243.0
1782939060,29943.8,29950.9,29937.4,29937.7,237.0
1782939120,29937.2,29938.7,29924.4,29934.8,247.0
1782939180,29934.7,29946.9,29934.2,29943.3,255.0
1782939240,29942.9,29943.7,29932.2,29937.2,219.0
1782939300,29937.8,29938.7,29917.4,29934.9,243.0
1782939360,29934.7,29935.9,29921.9,29933.4,245.0
1782939420,29933.2,29933.2,29915.9,29919.9,245.0
1782939480,29920.6,29925.2,29913.2,29914.4,248.0
1782939540,29913.2,29914.8,29901.6,29906.7,244.0
1782939600,29908.8,29921.6,29903.2,29915.4,262.0
1782939660,29913.7,29920.1,29908.9,29917.1,249.0
1782939720,29916.1,29925.4,29909.7,29921.4,252.0
1782939780,29922.2,29928.9,29915.2,29922.3,247.0
1782939840,29922.7,29931.1,29918.1,29929.7,242.0
1782939900,29929.9,29930.7,29921.9,29925.2,237.0
1782939960,29924.9,29931.2,29912.4,29921.4,245.0
1782940020,29921.8,29929.7,29917.4,29919.4,224.0
1782940080,29919.2,29928.4,29918.6,29927.9,224.0
1782940140,29927.9,29930.2,29924.3,29927.8,229.0
1782940200,29928.2,29933.7,29918.9,29920.6,228.0
1782940260,29920.4,29921.7,29898.9,29899.4,241.0
1782940320,29899.2,29906.2,29898.6,29902.3,222.0
1782940380,29902.7,29910.7,29902.4,29907.6,235.0
1782940440,29907.6,29907.8,29898.4,29899.7,220.0
1782940500,29899.9,29900.4,29886.4,29892.3,264.0
1782940560,29891.8,29892.9,29881.8,29886.4,246.0
1782940620,29886.7,29895.9,29884.1,29887.7,234.0
1782940680,29887.7,29894.9,29885.2,29891.4,231.0
1782940740,29890.3,29909.7,29889.2,29907.7,231.0
1782940800,29907.9,29916.2,29904.2,29907.6,244.0
1782940860,29907.8,29915.6,29902.9,29913.9,229.0
1782940920,29914.4,29915.8,29905.8,29907.8,227.0
1782940980,29907.6,29908.2,29900.4,29903.2,221.0
1782941040,29902.4,29919.9,29901.2,29919.2,218.0
1782941100,29919.2,29925.8,29917.1,29919.4,226.0
1782941160,29918.7,29923.7,29914.6,29915.6,222.0
1782941220,29915.7,29922.4,29911.4,29912.9,218.0
1782941280,29913.2,29913.4,29905.4,29909.9,213.0
1782941340,29909.8,29911.2,29902.7,29902.9,209.0
1782941400,29902.9,29904.9,29888.6,29893.1,248.0
1782941460,29893.6,29899.2,29887.8,29896.6,237.0
1782941520,29896.7,29902.4,29895.7,29897.3,213.0
1782941580,29896.7,29905.2,29896.2,29903.4,217.0
1782941640,29903.6,29909.2,29901.2,29905.1,221.0
1782941700,29904.7,29918.6,29903.7,29913.7,227.0
1782941760,29913.9,29916.9,29899.9,29903.9,210.0
1782941820,29903.9,29909.7,29897.4,29897.9,224.0
1782941880,29897.7,29900.4,29892.9,29894.8,220.0
1782941940,29894.7,29901.9,29894.7,29899.1,236.0
1782942000,29898.9,29902.3,29892.2,29893.2,200.0
1782942060,29893.7,29893.9,29886.1,29886.7,217.0
1782942120,29886.4,29891.8,29885.9,29890.4,206.0
1782942180,29890.4,29892.4,29878.2,29887.8,223.0
1782942240,29887.4,29889.8,29880.6,29889.4,212.0
1782942300,29889.2,29889.2,29878.7,29880.4,203.0
1782942360,29880.2,29881.7,29871.4,29873.7,234.0
1782942420,29873.7,29874.4,29858.2,29859.6,229.0
1782942480,29859.4,29865.7,29853.1,29864.7,245.0
1782942540,29863.1,29870.1,29861.4,29866.2,227.0
1782942600,29866.8,29869.8,29862.9,29865.9,226.0
1782942660,29865.9,29878.6,29864.9,29872.3,209.0
1782942720,29872.2,29872.2,29861.3,29861.9,217.0
1782942780,29862.1,29863.2,29849.7,29857.9,244.0
1782942840,29859.2,29860.9,29845.9,29846.7,216.0
1782942900,29846.7,29857.4,29843.9,29846.7,255.0
1782942960,29847.2,29856.8,29843.7,29854.4,234.0
1782943020,29854.4,29869.2,29851.9,29867.4,238.0
1782943080,29868.6,29877.2,29867.4,29872.7,237.0
1782943140,29872.7,29879.4,29872.6,29876.2,216.0
1782943200,29876.7,29896.2,29872.3,29882.7,261.0
1782943260,29881.6,29886.4,29875.9,29885.6,248.0
1782943320,29885.7,29910.4,29884.7,29907.4,248.0
1782943380,29907.7,29910.9,29899.2,29907.4,235.0
1782943440,29907.4,29922.9,29907.4,29922.2,233.0
1782943500,29921.8,29938.7,29917.4,29937.7,248.0
1782943560,29937.9,29944.9,29929.4,29944.4,252.0
1782943620,29943.9,29945.4,29931.2,29936.6,231.0
1782943680,29937.2,29945.9,29935.8,29945.4,240.0
1782943740,29946.2,29959.2,29946.1,29955.8,241.0
1782943800,29957.3,29957.7,29944.1,29952.9,238.0
1782943860,29952.9,29957.9,29934.1,29935.1,245.0
1782943920,29935.6,29938.9,29926.3,29929.9,238.0
1782943980,29929.7,29938.4,29929.7,29935.6,242.0
1782944040,29935.2,29942.2,29928.4,29930.9,244.0
1782944100,29930.4,29935.4,29923.7,29927.9,240.0
1782944160,29927.9,29941.9,29927.9,29937.9,239.0
1782944220,29937.9,29940.2,29924.2,29929.1,234.0
1782944280,29929.2,29929.9,29913.3,29919.3,233.0
1782944340,29919.2,29939.6,29917.9,29938.2,248.0
1782944400,29938.6,29944.9,29934.4,29938.4,237.0
1782944460,29938.6,29945.3,29938.6,29941.4,224.0
1782944520,29941.4,29948.9,29938.2,29945.2,243.0
1782944580,29944.4,29948.4,29940.9,29946.3,216.0
1782944640,29946.3,29954.6,29945.2,29950.7,218.0
1782944700,29950.4,29952.3,29917.1,29923.4,264.0
1782944760,29923.4,29926.6,29915.3,29918.7,255.0
1782944820,29918.9,29925.7,29917.3,29923.6,238.0
1782944880,29923.6,29933.9,29917.9,29933.9,228.0
1782944940,29933.9,29939.8,29933.7,29933.9,241.0
1782945000,29934.7,29975.2,29934.7,29969.9,258.0
1782945060,29967.2,29967.2,29941.2,29954.4,260.0
1782945120,29954.1,29959.4,29948.2,29955.7,250.0
1782945180,29955.3,29961.6,29950.4,29960.4,258.0
1782945240,29960.9,29962.8,29949.3,29957.3,249.0
1782945300,29957.2,29957.2,29927.6,29933.8,260.0
1782945360,29933.3,29934.3,29919.6,29923.4,259.0
1782945420,29924.4,29926.6,29915.7,29919.1,249.0
1782945480,29918.2,29919.1,29907.2,29909.7,248.0
1782945540,29909.4,29917.9,29908.2,29910.7,246.0
1782945600,29909.9,29913.4,29888.2,29890.2,251.0
1782945660,29890.6,29896.2,29882.7,29884.6,264.0
1782945720,29884.4,29887.8,29880.4,29885.4,260.0
1782945780,29885.6,29894.9,29881.7,29891.4,239.0
1782945840,29891.1,29900.2,29879.3,29886.9,247.0
1782945900,29887.2,29888.7,29873.9,29878.7,261.0
1782945960,29879.1,29887.1,29873.1,29877.7,250.0
1782946020,29878.2,29880.8,29872.6,29877.7,247.0
1782946080,29877.7,29883.4,29869.9,29871.7,246.0
1782946140,29871.8,29877.7,29866.4,29876.3,236.0
1782946200,29892.6,29904.7,29874.8,29887.3,262.0
1782946260,29886.7,29886.7,29858.9,29859.6,257.0
1782946320,29860.2,29861.4,29848.7,29856.1,266.0
1782946380,29856.6,29876.1,29849.3,29869.6,254.0
1782946440,29869.3,29877.4,29839.4,29862.7,280.0
1782946500,29860.7,29861.9,29844.6,29851.3,272.0
1782946560,29852.9,29860.9,29848.7,29851.6,265.0
1782946620,29850.4,29850.4,29798.7,29811.3,272.0
1782946680,29812.4,29827.1,29810.4,29825.1,255.0
1782946740,29823.9,29850.7,29823.9,29824.9,285.0
1782946800,29823.7,29829.2,29786.8,29792.2,279.0
1782946860,29788.7,29788.7,29767.6,29771.6,268.0
1782946920,29770.8,29780.8,29765.2,29770.1,269.0
1782946980,29770.1,29776.8,29753.3,29766.6,270.0
1782947040,29767.2,29777.6,29756.4,29773.8,258.0
1782947100,29774.6,29777.6,29759.8,29766.4,234.0
1782947160,29766.4,29790.2,29763.9,29786.4,240.0
1782947220,29786.2,29795.8,29779.4,29794.6,234.0
1782947280,29794.1,29799.1,29790.4,29794.2,230.0
1782947340,29793.6,29796.1,29783.6,29786.1,221.0
1782947400,29785.9,29801.1,29784.3,29799.1,213.0
1782947460,29799.8,29809.6,29795.2,29796.3,215.0
1782947520,29796.2,29798.2,29785.3,29796.8,214.0
1782947580,29796.8,29809.2,29796.4,29799.3,221.0
1782947640,29801.6,29812.8,29799.3,29804.7,222.0
1782947700,29803.7,29803.7,29791.1,29796.2,212.0
1782947760,29796.2,29798.4,29784.9,29786.2,181.0
1782947820,29786.7,29792.8,29781.7,29782.3,168.0
1782947880,29781.8,29789.2,29777.4,29780.6,195.0
1782947940,29781.2,29785.3,29776.1,29777.7,163.0
1782948000,29777.4,29781.6,29774.9,29776.2,168.0
1782948060,29776.6,29779.3,29770.7,29774.6,146.0
1782948120,29775.2,29789.9,29772.1,29787.1,177.0
1782948180,29786.9,29791.7,29785.9,29789.2,133.0
1782948240,29789.4,29800.1,29789.3,29799.6,153.0
1782948300,29800.3,29808.6,29798.9,29804.9,151.0
1782948360,29805.2,29806.2,29801.1,29801.7,142.0
1782948420,29800.1,29804.9,29792.1,29804.9,146.0
1782948480,29804.9,29805.2,29788.4,29793.1,131.0
1782948540,29793.1,29798.4,29788.3,29796.3,124.0
1782948600,29796.3,29796.4,29790.9,29791.9,113.0
1782948660,29791.9,29797.8,29784.7,29795.9,138.0
1782948720,29795.9,29800.9,29791.6,29792.1,158.0
1782948780,29791.9,29792.3,29786.7,29789.3,148.0
1782948840,29789.4,29789.7,29778.1,29780.6,152.0
1782948900,29779.8,29780.6,29769.7,29770.9,178.0
1782948960,29770.9,29773.2,29763.9,29773.2,181.0
1782949020,29772.9,29783.6,29772.4,29782.8,180.0
1782949080,29782.6,29783.3,29777.9,29780.6,181.0
1782949140,29780.2,29791.4,29778.2,29791.3,172.0
1782949200,29791.3,29793.8,29785.6,29788.2,188.0
1782949260,29787.7,29794.8,29787.7,29789.1,148.0
1782949320,29789.1,29795.7,29785.8,29794.1,147.0
1782949380,29794.1,29795.4,29790.4,29794.7,154.0
1782949440,29794.7,29797.1,29792.9,29795.8,137.0
1782949500,29798.2,29802.7,29794.8,29795.4,157.0
1782949560,29795.6,29798.7,29794.7,29795.9,118.0
1782949620,29795.9,29799.1,29794.6,29799.1,106.0
1782949680,29799.1,29801.8,29796.6,29801.8,110.0
1782949740,29801.4,29805.4,29798.6,29798.9,120.0
1782949800,29798.9,29799.9,29792.2,29798.8,152.0
1782949860,29798.8,29801.4,29794.2,29794.8,126.0
1782949920,29794.8,29800.2,29790.4,29791.1,120.0
1782949980,29790.3,29793.9,29786.1,29786.8,139.0
1782950040,29786.9,29789.9,29784.7,29789.9,121.0
1782950100,29789.9,29796.9,29787.1,29796.8,137.0
1782950160,29796.9,29796.9,29792.9,29792.9,126.0
1782950220,29792.9,29797.9,29791.6,29796.7,157.0
1782950280,29796.4,29809.9,29790.6,29809.9,174.0
1782954000,29841.0,29851.8,29825.2,29829.2,191.0
1782954060,29829.2,29845.6,29821.2,29844.1,197.0
1782954120,29844.1,29855.2,29831.5,29832.5,170.0
1782954180,29832.5,29839.8,29818.7,29825.7,151.0
1782954240,29825.7,29825.7,29812.5,29819.2,147.0
1782954300,29819.3,29825.5,29812.2,29816.8,162.0
1782954360,29816.8,29826.3,29816.8,29824.3,110.0
1782954420,29824.3,29831.3,29824.1,29830.7,120.0
1782954480,29830.3,29846.0,29830.3,29838.7,162.0
1782954540,29838.8,29839.3,29823.3,29827.3,127.0
1782954600,29827.3,29827.8,29820.1,29821.1,107.0
1782954660,29821.5,29821.6,29814.7,29815.3,93.0
1782954720,29815.2,29817.3,29813.1,29814.8,96.0
1782954780,29814.8,29814.8,29804.2,29806.3,117.0
1782954840,29806.3,29810.2,29801.0,29801.0,127.0
1782954900,29800.5,29808.3,29800.5,29806.7,85.0
1782954960,29806.3,29808.5,29803.6,29805.7,82.0
1782955020,29805.7,29806.7,29799.3,29805.6,117.0
1782955080,29805.6,29810.5,29805.6,29809.0,108.0
1782955140,29809.1,29815.1,29806.1,29814.7,106.0
1782955200,29814.6,29831.2,29814.3,29831.2,149.0
1782955260,29831.2,29844.3,29831.2,29840.5,147.0
1782955320,29840.5,29841.3,29837.5,29840.5,115.0
1782955380,29840.3,29840.5,29836.3,29837.2,99.0
1782955440,29837.1,29840.7,29835.0,29840.7,107.0
1782955500,29840.5,29845.3,29837.5,29843.3,108.0
1782955560,29844.3,29845.2,29840.1,29843.3,107.0
1782955620,29843.2,29844.8,29840.0,29843.0,108.0
1782955680,29843.0,29846.2,29840.2,29844.8,100.0
1782955740,29844.8,29849.1,29840.8,29842.5,84.0
1782955800,29842.5,29849.8,29840.8,29847.2,87.0
1782955860,29847.2,29847.2,29839.5,29839.7,81.0
1782955920,29839.6,29847.1,29839.6,29845.0,91.0
1782955980,29850.2,29858.3,29849.5,29858.3,104.0
1782956040,29858.3,29859.7,29853.0,29856.0,107.0
1782956100,29856.0,29857.6,29853.1,29856.8,85.0
1782956160,29857.1,29859.1,29849.1,29850.7,122.0
1782956220,29851.6,29855.2,29849.7,29851.3,86.0
1782956280,29851.3,29853.0,29848.7,29850.6,83.0
1782956340,29850.5,29854.8,29849.6,29854.6,74.0
1782956400,29854.6,29856.7,29852.6,29854.1,93.0
1782956460,29854.1,29856.7,29853.0,29853.1,75.0
1782956520,29853.2,29855.1,29851.1,29853.3,81.0
1782956580,29853.3,29857.1,29853.3,29855.1,58.0
1782956640,29855.3,29855.6,29849.3,29851.3,83.0
1782956700,29851.3,29853.5,29849.3,29850.6,66.0
1782956760,29850.6,29850.6,29837.5,29837.5,124.0
1782956820,29837.5,29839.5,29834.6,29835.0,105.0
1782956880,29835.0,29838.1,29834.7,29835.1,83.0
1782956940,29835.2,29838.2,29835.1,29837.6,57.0
1782957000,29837.3,29838.8,29828.8,29832.7,87.0
1782957060,29832.6,29837.7,29831.2,29836.3,90.0
1782957120,29836.3,29840.3,29836.1,29840.2,82.0
1782957180,29840.3,29841.1,29837.3,29840.6,62.0
1782957240,29840.6,29841.6,29831.6,29832.6,63.0
1782957300,29832.6,29839.7,29831.5,29839.7,82.0
1782957360,29839.7,29857.1,29839.7,29857.0,121.0
1782957420,29857.0,29859.2,29854.1,29857.7,136.0
1782957480,29857.7,29859.5,29856.1,29857.3,106.0
1782957540,29857.3,29860.1,29854.0,29854.7,89.0
1782957600,29854.7,29857.2,29843.1,29843.1,86.0
1782957660,29842.8,29851.8,29840.0,29848.2,146.0
1782957720,29848.1,29849.7,29838.8,29849.7,97.0
1782957780,29849.7,29849.7,29840.1,29846.7,90.0
1782957840,29846.8,29847.5,29840.2,29840.8,92.0
1782957900,29840.8,29840.8,29832.2,29836.2,96.0
1782957960,29836.2,29837.3,29832.8,29837.3,102.0
1782958020,29837.3,29840.0,29833.2,29833.7,58.0
1782958080,29833.2,29835.0,29830.1,29835.0,78.0
1782958140,29834.8,29839.5,29823.7,29827.6,96.0
1782958200,29828.6,29834.1,29828.1,29830.6,87.0
1782958260,29830.6,29832.7,29825.7,29827.0,69.0
1782958320,29827.0,29829.2,29824.2,29826.2,75.0
1782958380,29827.3,29830.0,29811.5,29814.7,122.0
1782958440,29814.7,29815.5,29808.6,29811.0,111.0
1782958500,29810.7,29815.0,29804.1,29811.0,111.0
1782958560,29810.7,29811.8,29807.8,29809.1,93.0
1782958620,29809.1,29812.7,29806.0,29808.8,101.0
1782958680,29808.8,29810.3,29802.0,29802.5,87.0
1782958740,29802.5,29806.7,29802.0,29806.7,76.0
1782958800,29806.7,29807.6,29804.0,29807.6,56.0
1782958860,29807.6,29811.0,29801.7,29809.8,86.0
1782958920,29810.0,29815.7,29810.0,29814.0,88.0
1782958980,29814.0,29815.2,29812.6,29814.8,77.0
1782959040,29814.8,29815.7,29804.3,29804.5,66.0
1782959100,29805.0,29813.6,29805.0,29811.6,76.0
1782959160,29811.6,29815.1,29811.3,29813.0,60.0
1782959220,29813.0,29813.0,29807.7,29810.7,81.0
1782959280,29810.7,29815.3,29808.8,29815.2,84.0
1782959340,29815.2,29815.3,29813.2,29813.6,42.0
1782959400,29815.0,29815.5,29810.0,29811.6,85.0
1782959460,29811.7,29815.6,29811.7,29813.6,53.0
1782959520,29813.6,29814.5,29809.2,29809.3,67.0
1782959580,29809.3,29811.3,29807.7,29811.2,88.0
1782959640,29811.1,29811.6,29795.8,29795.8,85.0
1782959700,29796.0,29797.1,29789.6,29795.1,142.0
1782959760,29795.1,29816.1,29791.7,29813.2,139.0
1782959820,29813.2,29814.2,29808.0,29811.3,105.0
1782959880,29811.3,29819.6,29811.1,29819.2,109.0
1782959940,29819.3,29821.6,29815.1,29815.8,69.0
1782960000,29815.8,29817.6,29813.6,29813.7,91.0
1782960060,29813.7,29822.0,29813.3,29819.7,75.0
1782960120,29819.6,29820.1,29814.1,29815.8,74.0
1782960180,29815.8,29818.6,29811.6,29812.1,95.0
1782960240,29812.1,29820.1,29812.1,29820.1,77.0
1782960300,29820.1,29820.3,29786.0,29797.6,231.0
1782960360,29798.5,29798.5,29777.0,29781.3,239.0
1782960420,29781.1,29792.3,29778.7,29789.7,208.0
1782960480,29790.8,29799.5,29783.3,29783.3,191.0
1782960540,29783.3,29783.3,29770.6,29772.6,177.0
1782960600,29772.7,29777.0,29759.2,29767.0,205.0
1782960660,29767.0,29779.6,29767.0,29775.7,212.0
1782960720,29776.3,29789.2,29770.2,29787.0,188.0
1782960780,29787.1,29802.1,29787.1,29792.1,188.0
1782960840,29792.0,29801.2,29789.5,29794.1,170.0
1782960900,29794.5,29799.0,29786.6,29787.0,158.0
1782960960,29786.8,29795.0,29784.1,29790.0,164.0
1782961020,29790.3,29792.5,29784.1,29785.0,171.0
1782961080,29785.5,29789.5,29781.7,29789.1,161.0
1782961140,29788.7,29798.0,29785.0,29792.2,184.0
1782961200,29792.2,29792.2,29759.0,29761.1,271.0
1782961260,29763.0,29763.0,29727.5,29731.0,246.0
1782961320,29730.8,29750.0,29718.7,29747.2,248.0
1782961380,29747.2,29748.6,29705.2,29713.3,252.0
1782961440,29713.8,29728.3,29700.8,29704.1,247.0
1782961500,29703.0,29730.0,29703.0,29726.5,229.0
1782961560,29726.7,29742.6,29717.5,29720.8,264.0
1782961620,29721.8,29736.7,29719.3,29734.8,255.0
1782961680,29734.6,29746.5,29727.7,29746.2,262.0
1782961740,29745.5,29751.0,29739.3,29749.1,256.0
1782961800,29748.8,29777.5,29743.3,29775.7,251.0
1782961860,29774.8,29788.2,29768.2,29770.6,245.0
1782961920,29769.6,29775.8,29742.8,29748.5,253.0
1782961980,29749.2,29759.2,29738.6,29749.3,257.0
1782962040,29749.3,29755.0,29743.8,29748.3,254.0
1782962100,29749.2,29758.3,29742.3,29746.5,269.0
1782962160,29746.5,29756.0,29742.5,29754.3,251.0
1782962220,29752.6,29761.2,29742.7,29750.1,247.0
1782962280,29749.2,29758.5,29738.1,29739.2,259.0
1782962340,29738.8,29741.8,29724.7,29726.2,257.0
1782962400,29726.6,29741.7,29724.2,29741.3,271.0
1782962460,29740.7,29766.1,29732.8,29765.1,249.0
1782962520,29764.5,29770.6,29759.1,29768.6,252.0
1782962580,29768.2,29790.7,29767.6,29782.3,240.0
1782962640,29782.6,29796.6,29782.6,29792.6,257.0
1782962700,29792.6,29799.6,29788.1,29793.2,252.0
1782962760,29791.6,29796.1,29784.3,29792.3,247.0
1782962820,29792.8,29794.7,29778.5,29782.1,250.0
1782962880,29782.5,29796.5,29772.8,29793.0,246.0
1782962940,29792.7,29812.6,29789.2,29809.0,249.0
1782963000,29809.0,29812.1,29792.5,29792.5,241.0
1782963060,29793.3,29805.1,29789.3,29802.7,242.0
1782963120,29803.1,29803.1,29787.3,29788.7,240.0
1782963180,29789.0,29800.3,29785.3,29798.6,225.0
1782963240,29798.8,29805.3,29794.3,29796.6,237.0
1782963300,29796.2,29812.0,29792.8,29810.1,228.0
1782963360,29809.2,29827.8,29808.2,29819.1,244.0
1782963420,29817.8,29822.5,29810.3,29816.8,238.0
1782963480,29817.1,29821.2,29812.7,29813.8,235.0
1782963540,29814.2,29814.3,29803.6,29806.3,230.0
1782963600,29806.5,29815.7,29798.3,29799.3,249.0
1782963660,29799.5,29802.2,29786.8,29786.8,231.0
1782963720,29786.8,29791.8,29773.8,29773.8,238.0
1782963780,29774.2,29774.2,29759.3,29765.8,253.0
1782963840,29766.1,29769.6,29758.6,29760.5,246.0
1782963900,29760.3,29769.5,29755.1,29758.6,256.0
1782963960,29758.5,29778.6,29756.6,29777.1,252.0
1782964020,29777.3,29777.6,29765.8,29767.3,251.0
1782964080,29767.5,29776.1,29760.8,29766.8,253.0
1782964140,29768.1,29802.1,29766.3,29798.1,259.0
1782964200,29798.2,29804.3,29789.6,29797.6,258.0
1782964260,29797.1,29818.8,29794.5,29816.6,252.0
1782964320,29816.2,29832.0,29813.6,29826.6,255.0
1782964380,29827.1,29839.5,29825.8,29837.2,239.0
1782964440,29837.2,29844.3,29830.2,29843.1,242.0
1782964500,29842.1,29858.3,29841.3,29854.1,260.0
1782964560,29853.2,29858.5,29848.2,29857.2,252.0
1782964620,29857.1,29864.7,29848.3,29858.1,241.0
1782964680,29858.7,29858.7,29847.3,29849.1,238.0
1782964740,29849.0,29857.8,29843.0,29856.1,252.0
1782964800,29856.3,29871.0,29845.1,29871.0,261.0
1782964860,29871.5,29877.3,29854.6,29861.1,272.0
1782964920,29860.1,29874.6,29856.7,29870.1,255.0
1782964980,29870.2,29881.7,29867.2,29881.5,248.0
1782965040,29881.6,29894.7,29877.7,29893.8,231.0
1782965100,29893.3,29899.0,29891.0,29895.7,252.0
1782965160,29895.3,29913.8,29891.3,29912.6,231.0
1782965220,29912.8,29914.7,29907.1,29910.0,235.0
1782965280,29910.0,29921.3,29909.6,29920.3,221.0
1782965340,29920.1,29934.7,29920.1,29929.8,231.0
1782965400,29929.8,29936.3,29922.0,29934.0,242.0
1782965460,29934.0,29934.0,29919.8,29923.2,232.0
1782965520,29923.3,29935.3,29923.3,29929.8,219.0
1782965580,29929.6,29933.6,29925.2,29930.7,212.0
1782965640,29930.7,29937.7,29924.5,29934.5,208.0
1782965700,29934.5,29936.2,29914.3,29915.2,242.0
1782965760,29915.5,29938.7,29915.5,29933.7,258.0
1782965820,29933.8,29945.1,29931.2,29933.1,232.0
1782965880,29933.1,29939.8,29932.8,29938.7,242.0
1782965940,29938.7,29940.2,29934.3,29939.6,213.0
1782966000,29939.2,29944.1,29936.2,29936.2,211.0
1782966060,29936.2,29936.5,29929.3,29932.6,218.0
1782966120,29932.6,29936.1,29927.7,29931.7,193.0
1782966180,29932.1,29938.7,29930.5,29936.6,219.0
1782966240,29936.2,29943.5,29934.0,29943.3,214.0
1782966300,29943.5,29947.5,29938.8,29946.1,205.0
1782966360,29946.1,29952.1,29942.8,29945.3,219.0
1782966420,29945.3,29945.3,29928.3,29931.0,225.0
1782966480,29931.0,29934.8,29924.7,29934.8,222.0
1782966540,29935.3,29945.8,29931.7,29941.6,222.0
1782966600,29941.6,29955.1,29938.6,29944.2,250.0
1782966660,29943.7,29956.2,29937.7,29946.3,237.0
1782966720,29947.1,29952.0,29938.8,29944.8,227.0
1782966780,29945.0,29950.2,29937.5,29937.5,224.0
1782966840,29937.7,29945.3,29936.8,29943.3,231.0
1782966900,29944.1,29947.3,29940.0,29946.3,233.0
1782966960,29946.3,29955.5,29944.7,29955.2,219.0
1782967020,29955.2,29968.7,29955.2,29966.6,215.0
1782967080,29965.7,29966.6,29956.8,29957.5,204.0
1782967140,29957.5,29974.0,29953.3,29974.0,227.0
1782967200,29973.3,29974.0,29966.6,29970.7,222.0
1782967260,29970.3,29970.7,29962.7,29964.5,246.0
1782967320,29964.8,29965.2,29955.8,29957.5,224.0
1782967380,29957.1,29968.0,29954.6,29965.6,226.0
1782967440,29965.5,29967.3,29957.8,29961.8,217.0
1782967500,29961.7,29962.2,29948.7,29958.1,238.0
1782967560,29958.1,29964.0,29956.7,29961.5,214.0
1782967620,29961.6,29968.0,29959.5,29961.0,213.0
1782967680,29960.8,29973.8,29957.6,29973.8,217.0
1782967740,29973.7,29974.1,29962.7,29963.8,235.0
1782967800,29963.6,29969.7,29961.2,29965.2,224.0
1782967860,29965.2,29969.5,29957.3,29960.2,211.0
1782967920,29960.0,29963.0,29956.1,29957.3,197.0
1782967980,29957.2,29957.7,29948.7,29955.1,203.0
1782968040,29955.5,29959.2,29951.3,29953.3,190.0
1782968100,29953.2,29955.5,29948.5,29949.3,211.0
1782968160,29949.3,29958.6,29948.5,29956.6,227.0
1782968220,29956.6,29958.5,29953.5,29954.2,219.0
1782968280,29954.0,29955.6,29944.5,29946.7,203.0
1782968340,29947.1,29952.3,29944.5,29950.5,197.0
1782968400,29950.5,29953.0,29938.6,29951.1,220.0
1782968460,29951.3,29951.5,29941.1,29945.1,212.0
1782968520,29945.3,29951.0,29938.2,29939.3,217.0
1782968580,29940.3,29947.6,29939.3,29939.7,218.0
1782968640,29939.8,29952.1,29938.0,29950.8,202.0
1782968700,29951.0,29955.2,29949.6,29954.8,214.0
1782968760,29955.1,29966.0,29954.0,29964.1,211.0
1782968820,29964.6,29966.7,29954.1,29956.6,189.0
1782968880,29956.6,29959.7,29951.6,29959.1,210.0
1782968940,29959.0,29967.1,29958.7,29963.6,196.0
1782969000,29963.6,29963.8,29954.0,29958.6,200.0
1782969060,29959.1,29964.2,29956.8,29962.7,207.0
1782969120,29962.7,29973.6,29962.7,29970.0,205.0
1782969180,29970.0,29976.5,29969.3,29973.2,195.0
1782969240,29972.8,29977.7,29972.2,29976.5,202.0
1782969300,29976.7,29986.1,29976.5,29984.3,195.0
1782969360,29984.3,29985.3,29977.3,29977.3,181.0
1782969420,29977.2,29983.2,29972.1,29974.6,214.0
1782969480,29974.6,29974.8,29963.8,29971.0,190.0
1782969540,29971.0,29971.3,29962.8,29966.0,200.0
1782969600,29965.7,29966.6,29957.8,29959.2,221.0
1782969660,29958.7,29965.3,29957.6,29962.7,180.0
1782969720,29962.7,29965.8,29947.2,29947.5,222.0
1782969780,29947.5,29950.7,29944.1,29946.8,196.0
1782969840,29947.1,29947.5,29934.1,29937.7,195.0
1782969900,29937.7,29945.2,29937.0,29941.1,205.0
1782969960,29942.0,29950.6,29939.1,29950.6,230.0
1782970020,29951.3,29954.5,29948.3,29950.7,192.0
1782970080,29950.7,29952.2,29946.1,29946.8,186.0
1782970140,29947.2,29947.5,29938.6,29939.8,192.0
1782970200,29940.0,29941.3,29931.6,29937.5,208.0
1782970260,29937.8,29943.1,29928.2,29934.8,220.0
1782970320,29934.8,29951.2,29933.3,29951.2,209.0
1782970380,29951.0,29955.0,29949.1,29952.5,218.0
1782970440,29952.2,29961.5,29952.1,29960.6,202.0
1782970500,29960.7,29962.2,29956.0,29961.5,196.0
1782970560,29962.3,29964.5,29944.8,29944.8,199.0
1782970620,29945.0,29953.3,29944.7,29952.6,197.0
1782970680,29952.6,29952.6,29946.7,29947.3,178.0
1782970740,29947.2,29953.8,29945.3,29947.2,179.0
1782970800,29947.5,29948.7,29943.0,29947.0,184.0
1782970860,29947.0,29954.7,29946.7,29952.5,217.0
1782970920,29953.5,29955.3,29948.2,29952.7,187.0
1782970980,29952.7,29952.7,29944.7,29949.8,202.0
1782971040,29949.6,29955.6,29948.8,29954.7,201.0
1782971100,29954.3,29963.0,29952.7,29961.8,188.0
1782971160,29962.5,29975.3,29962.5,29971.8,179.0
1782971220,29971.7,29972.3,29966.5,29967.5,182.0
1782971280,29967.5,29968.1,29963.1,29965.2,167.0
1782971340,29965.2,29966.2,29951.6,29952.1,173.0
1782971400,29952.2,29954.8,29947.6,29950.2,195.0
1782971460,29950.1,29952.2,29945.3,29950.1,173.0
1782971520,29950.2,29951.3,29944.7,29947.0,180.0
1782971580,29946.8,29949.3,29938.8,29939.3,199.0
1782971640,29939.3,29946.0,29938.7,29941.0,162.0
1782971700,29941.5,29949.0,29941.3,29947.2,189.0
1782971760,29947.1,29956.1,29946.5,29946.5,187.0
1782971820,29947.1,29953.7,29947.1,29953.1,179.0
1782971880,29953.0,29960.8,29953.0,29959.0,155.0
1782971940,29959.0,29959.5,29951.5,29954.8,159.0
1782972000,29956.0,29960.3,29952.0,29955.8,202.0
1782972060,29955.8,29959.2,29947.6,29951.1,187.0
1782972120,29951.1,29951.3,29945.6,29945.7,189.0
1782972180,29945.3,29945.7,29940.7,29941.6,156.0
1782972240,29941.5,29942.5,29936.0,29936.8,174.0
1782972300,29936.6,29939.1,29929.2,29935.5,178.0
1782972360,29936.7,29939.2,29933.0,29935.7,187.0
1782972420,29936.0,29936.3,29930.7,29931.6,165.0
1782972480,29931.6,29932.2,29923.2,29923.3,181.0
1782972540,29923.8,29925.2,29906.1,29908.1,194.0
1782972600,29908.2,29918.0,29905.7,29911.0,226.0
1782972660,29910.8,29918.0,29910.0,29913.7,192.0
1782972720,29914.8,29921.1,29910.7,29920.2,184.0
1782972780,29920.2,29923.6,29916.2,29923.5,195.0
1782972840,29923.5,29929.6,29922.0,29924.3,181.0
1782972900,29924.3,29931.6,29924.2,29928.8,169.0
1782972960,29928.8,29932.1,29926.3,29928.5,189.0
1782973020,29928.5,29929.0,29919.3,29922.1,184.0
1782973080,29921.8,29921.8,29912.7,29913.8,147.0
1782973140,29913.8,29917.7,29913.1,29916.3,156.0
1782973200,29916.3,29920.8,29909.7,29909.7,188.0
1782973260,29909.0,29909.7,29897.6,29900.0,199.0
1782973320,29900.1,29905.1,29896.1,29896.3,186.0
1782973380,29897.3,29897.3,29890.2,29891.2,175.0
1782973440,29891.6,29894.8,29887.0,29893.8,178.0
1782973500,29894.2,29899.5,29883.2,29883.2,193.0
1782973560,29883.2,29885.2,29882.1,29884.1,193.0
1782973620,29883.6,29906.7,29882.7,29906.7,198.0
1782973680,29906.2,29910.6,29903.2,29906.3,192.0
1782973740,29906.5,29907.1,29895.0,29898.7,188.0
1782973800,29898.8,29914.0,29895.5,29913.3,236.0
1782973860,29913.3,29922.3,29911.2,29918.7,215.0
1782973920,29918.5,29923.7,29907.3,29919.6,247.0
1782973980,29919.6,29940.1,29919.2,29934.2,230.0
1782974040,29934.2,29938.3,29933.1,29935.3,205.0
1782974100,29935.1,29937.3,29927.7,29937.2,217.0
1782974160,29937.2,29942.6,29926.0,29927.7,197.0
1782974220,29927.8,29928.7,29920.0,29922.2,210.0
1782974280,29922.2,29928.6,29920.2,29924.8,208.0
1782974340,29924.7,29925.2,29909.7,29914.2,215.0
1782974400,29914.6,29918.8,29911.0,29915.3,215.0
1782974460,29915.1,29915.1,29898.7,29902.6,215.0
1782974520,29902.3,29908.0,29901.1,29907.7,219.0
1782974580,29907.7,29913.3,29901.3,29901.3,229.0
1782974640,29901.3,29906.7,29892.3,29905.5,212.0
1782974700,29905.6,29906.3,29892.5,29892.5,215.0
1782974760,29892.1,29896.6,29886.7,29894.0,200.0
1782974820,29895.3,29899.0,29886.5,29895.8,222.0
1782974880,29895.0,29896.0,29888.5,29888.6,194.0
1782974940,29888.6,29905.0,29885.3,29904.5,214.0
1782975000,29904.5,29917.2,29904.2,29906.0,219.0
1782975060,29906.1,29908.8,29901.7,29907.1,212.0
1782975120,29907.2,29915.6,29906.7,29914.7,220.0
1782975180,29914.8,29923.2,29914.2,29922.7,200.0
1782975240,29922.7,29924.8,29916.0,29922.3,191.0
1782975300,29921.7,29925.1,29914.7,29924.3,179.0
1782975360,29923.7,29932.2,29919.5,29930.2,195.0
1782975420,29929.7,29930.6,29919.5,29920.1,199.0
1782975480,29920.1,29923.6,29918.1,29918.6,189.0
1782975540,29918.7,29920.2,29914.3,29920.0,212.0
1782975600,29920.6,29926.0,29916.8,29917.3,227.0
1782975660,29917.3,29919.8,29911.5,29914.5,220.0
1782975720,29914.2,29935.7,29914.2,29931.3,204.0
1782975780,29931.1,29932.7,29915.2,29915.7,225.0
1782975840,29915.7,29919.0,29912.5,29915.5,192.0
1782975900,29915.7,29916.0,29899.2,29901.0,185.0
1782975960,29900.8,29907.2,29898.8,29906.6,184.0
1782976020,29906.0,29909.5,29899.8,29901.1,198.0
1782976080,29901.0,29904.8,29899.0,29901.8,198.0
1782976140,29902.0,29905.3,29896.0,29899.6,180.0
1782976200,29898.3,29901.7,29890.3,29890.3,206.0
1782976260,29889.7,29890.3,29878.0,29879.3,201.0
1782976320,29879.8,29890.8,29879.7,29888.6,219.0
1782976380,29888.2,29889.1,29881.5,29881.8,196.0
1782976440,29881.3,29882.2,29875.1,29875.2,183.0
1782976500,29875.2,29875.6,29867.8,29871.3,206.0
1782976560,29871.6,29877.1,29867.7,29876.8,191.0
1782976620,29877.1,29880.2,29871.6,29871.6,193.0
1782976680,29871.2,29872.7,29863.5,29865.8,191.0
1782976740,29865.7,29870.1,29863.1,29863.1,191.0
1782976800,29863.7,29867.1,29853.2,29855.3,208.0
1782976860,29855.0,29861.1,29851.7,29861.1,200.0
1782976920,29861.0,29863.8,29852.7,29854.7,189.0
1782976980,29854.7,29858.5,29850.0,29857.0,193.0
1782977040,29857.0,29869.3,29857.0,29867.3,193.0
1782977100,29867.5,29876.7,29866.7,29874.7,209.0
1782977160,29874.7,29883.3,29871.8,29872.2,211.0
1782977220,29872.2,29880.8,29864.7,29880.7,202.0
1782977280,29881.2,29888.3,29878.6,29884.5,199.0
1782977340,29884.1,29885.6,29879.0,29882.0,188.0
1782977400,29882.3,29883.1,29864.2,29866.2,204.0
1782977460,29866.2,29866.3,29846.1,29848.8,208.0
1782977520,29849.3,29851.6,29846.0,29850.5,218.0
1782977580,29850.5,29854.1,29847.7,29850.6,198.0
1782977640,29851.2,29851.3,29842.3,29846.6,203.0
1782977700,29847.0,29847.6,29840.1,29842.6,203.0
1782977760,29842.5,29848.1,29839.2,29842.0,197.0
1782977820,29841.8,29845.2,29827.1,29829.3,198.0
1782977880,29829.8,29836.8,29826.0,29828.0,216.0
1782977940,29828.0,29830.3,29822.3,29826.8,194.0
1782978000,29826.8,29827.0,29815.8,29824.3,212.0
1782978060,29824.5,29828.3,29811.7,29812.5,207.0
1782978120,29812.7,29823.2,29812.5,29822.8,215.0
1782978180,29822.7,29827.3,29814.0,29816.3,194.0
1782978240,29816.1,29820.1,29813.7,29815.7,192.0
1782978300,29816.0,29819.8,29811.3,29819.0,207.0
1782978360,29820.2,29834.8,29820.0,29827.8,214.0
1782978420,29828.0,29830.6,29814.5,29814.5,210.0
1782978480,29814.8,29819.1,29812.6,29814.7,217.0
1782978540,29814.7,29823.5,29803.7,29822.0,211.0
1782978600,29821.8,29830.6,29821.2,29825.5,208.0
1782978660,29825.5,29844.8,29824.3,29839.5,214.0
1782978720,29839.5,29843.1,29835.6,29840.1,199.0
1782978780,29839.3,29849.8,29834.7,29847.3,205.0
1782978840,29846.8,29852.0,29842.0,29850.7,208.0
1782978900,29850.6,29861.1,29848.2,29857.7,199.0
1782978960,29858.0,29863.5,29856.2,29859.2,199.0
1782979020,29859.0,29866.8,29855.0,29866.3,197.0
1782979080,29866.3,29869.3,29862.6,29868.8,204.0
1782979140,29868.2,29869.1,29860.1,29860.8,195.0
1782979200,29860.8,29867.6,29846.1,29846.1,241.0
1782979260,29846.0,29858.8,29841.7,29858.7,219.0
1782979320,29858.1,29864.0,29854.1,29854.5,192.0
1782979380,29854.6,29870.0,29849.0,29867.8,215.0
1782979440,29867.8,29879.1,29864.0,29877.2,207.0
1782979500,29877.1,29887.0,29876.1,29884.6,211.0
1782979560,29884.7,29890.6,29883.5,29887.0,197.0
1782979620,29887.2,29891.6,29883.6,29891.1,199.0
1782979680,29890.8,29893.5,29887.7,29890.8,217.0
1782979740,29890.8,29899.0,29889.5,29898.2,195.0
1782979800,29898.5,29900.8,29893.2,29899.8,203.0
1782979860,29900.3,29901.7,29891.7,29891.7,189.0
1782979920,29891.7,29898.7,29890.0,29897.0,202.0
1782979980,29896.7,29899.6,29886.5,29895.1,200.0
1782980040,29895.1,29896.8,29891.0,29893.0,175.0
1782980100,29892.1,29906.2,29889.5,29902.7,203.0
1782980160,29902.7,29906.0,29889.7,29889.7,201.0
1782980220,29889.8,29891.6,29885.3,29889.6,178.0
1782980280,29889.6,29894.6,29888.7,29889.2,187.0
1782980340,29889.2,29896.5,29884.0,29895.0,193.0
1782980400,29894.2,29901.0,29892.7,29895.7,201.0
1782980460,29895.8,29904.5,29893.6,29900.7,205.0
1782980520,29901.1,29903.6,29897.8,29898.2,209.0
1782980580,29898.1,29899.8,29891.8,29893.6,201.0
1782980640,29893.5,29898.5,29890.5,29894.0,198.0
1782980700,29894.0,29894.1,29879.0,29883.2,209.0
1782980760,29883.3,29892.2,29880.8,29883.8,190.0
1782980820,29884.1,29884.1,29876.7,29880.3,197.0
1782980880,29880.8,29885.0,29876.2,29878.2,215.0
1782980940,29878.2,29879.1,29860.5,29862.2,199.0
1782981000,29863.2,29864.0,29842.7,29850.3,228.0
1782981060,29850.5,29854.2,29843.6,29848.2,227.0
1782981120,29846.8,29847.3,29834.5,29846.3,197.0
1782981180,29844.7,29846.7,29832.5,29834.3,229.0
1782981240,29834.3,29842.6,29834.1,29835.3,207.0
1782981300,29835.3,29837.7,29820.7,29821.0,227.0
1782981360,29821.6,29825.8,29818.8,29823.6,205.0
1782981420,29823.5,29826.1,29812.8,29821.3,239.0
1782981480,29821.2,29824.1,29810.2,29810.2,230.0
1782981540,29809.7,29814.3,29799.6,29801.6,236.0
1782981600,29801.8,29812.2,29798.8,29806.0,252.0
1782981660,29806.1,29818.0,29796.1,29812.8,218.0
1782981720,29813.0,29821.1,29796.5,29797.6,226.0
1782981780,29797.6,29812.2,29793.7,29807.8,231.0
1782981840,29807.8,29810.6,29801.2,29801.5,227.0
1782981900,29801.2,29807.7,29801.0,29805.7,224.0
1782981960,29805.8,29811.2,29798.2,29800.1,226.0
1782982020,29800.1,29805.3,29788.8,29791.5,204.0
1782982080,29791.3,29793.0,29787.1,29793.0,171.0
1782982140,29792.8,29793.8,29785.3,29791.3,188.0
1782982200,29792.2,29810.5,29792.2,29807.2,241.0
1782982260,29807.2,29818.2,29807.2,29815.5,225.0
1782982320,29814.0,29815.6,29808.5,29811.5,219.0
1782982380,29811.8,29819.0,29806.8,29814.5,219.0
1782982440,29814.2,29814.7,29799.6,29800.5,215.0
1782982500,29800.8,29817.5,29800.3,29807.2,229.0
1782982560,29806.5,29811.8,29802.7,29806.6,218.0
1782982620,29805.6,29810.5,29802.8,29808.5,177.0
1782982680,29808.0,29813.0,29798.3,29798.6,207.0
1782982740,29798.3,29806.0,29794.8,29797.8,196.0
1782982800,29798.7,29813.0,29792.2,29804.0,252.0
1782982860,29804.6,29806.5,29782.7,29787.8,248.0
1782982920,29787.7,29790.6,29778.1,29785.3,234.0
1782982980,29784.7,29786.0,29768.6,29769.7,225.0
1782983040,29768.8,29776.8,29762.3,29765.9,213.0
1782983100,29765.8,29768.9,29752.6,29763.9,235.0
1782983160,29763.8,29774.4,29758.9,29773.2,227.0
1782983220,29773.7,29775.9,29760.7,29760.9,217.0
1782983280,29760.9,29762.2,29738.6,29747.8,213.0
1782983340,29747.6,29747.8,29736.8,29739.9,232.0
1782983400,29740.2,29744.1,29728.9,29731.3,220.0
1782983460,29730.9,29733.2,29725.7,29730.6,221.0
1782983520,29730.9,29732.2,29719.2,29722.4,201.0
1782983580,29722.4,29722.4,29711.1,29713.7,227.0
1782983640,29713.7,29715.6,29703.2,29704.2,219.0
1782983700,29702.8,29717.9,29696.1,29709.7,236.0
1782983760,29710.3,29720.9,29701.1,29717.7,243.0
1782983820,29718.6,29725.1,29713.6,29718.7,229.0
1782983880,29718.7,29733.3,29718.2,29727.4,246.0
1782983940,29726.9,29733.4,29723.2,29727.8,234.0
1782984000,29727.4,29742.3,29725.6,29732.3,242.0
1782984060,29732.3,29734.7,29725.3,29732.8,224.0
1782984120,29732.8,29740.8,29726.3,29729.1,221.0
1782984180,29729.3,29735.8,29723.4,29727.9,216.0
1782984240,29727.2,29727.2,29714.6,29716.8,208.0
1782984300,29716.9,29736.2,29715.7,29726.7,227.0
1782984360,29726.7,29727.7,29715.9,29723.4,220.0
1782984420,29723.9,29723.9,29714.3,29716.9,220.0
1782984480,29716.3,29717.8,29705.9,29710.8,174.0
1782984540,29711.2,29714.4,29698.8,29699.8,216.0
1782984600,29702.1,29728.9,29699.8,29728.3,255.0
1782984660,29729.7,29744.6,29728.6,29744.6,224.0
1782984720,29744.6,29752.4,29740.7,29740.9,225.0
1782984780,29741.2,29749.8,29738.8,29748.3,222.0
1782984840,29747.1,29748.8,29740.4,29745.6,220.0
1782984900,29745.6,29751.3,29744.3,29750.4,183.0
1782984960,29750.3,29752.1,29744.9,29746.2,179.0
1782985020,29746.2,29754.8,29742.1,29744.7,171.0
1782985080,29744.2,29746.3,29739.2,29739.2,200.0
1782985140,29739.8,29741.4,29731.6,29738.2,206.0
1782985200,29738.2,29740.9,29730.9,29737.1,184.0
1782985260,29737.2,29740.9,29728.4,29731.7,163.0
1782985320,29731.7,29732.2,29717.2,29717.3,182.0
1782985380,29717.3,29717.9,29709.9,29715.8,179.0
1782985440,29715.9,29721.4,29712.8,29721.2,200.0
1782985500,29721.2,29725.2,29706.3,29709.9,183.0
1782985560,29710.1,29712.7,29692.2,29693.4,184.0
1782985620,29693.2,29693.2,29677.8,29686.3,219.0
1782985680,29685.9,29689.2,29670.8,29671.2,206.0
1782985740,29671.7,29675.6,29661.1,29664.2,219.0
1782985800,29664.7,29665.8,29647.1,29654.1,225.0
1782985860,29653.8,29658.9,29643.8,29645.4,230.0
1782985920,29645.6,29668.6,29642.8,29666.9,210.0
1782985980,29667.2,29672.7,29662.2,29670.9,198.0
1782986040,29670.9,29671.9,29659.6,29663.7,219.0
1782986100,29663.7,29682.2,29663.7,29681.9,209.0
1782986160,29682.6,29686.1,29676.8,29681.9,202.0
1782986220,29681.9,29693.3,29678.6,29692.8,179.0
1782986280,29692.8,29694.4,29680.1,29681.2,198.0
1782986340,29681.2,29682.4,29667.6,29667.6,224.0
1782986400,29668.6,29673.1,29648.6,29660.1,245.0
1782986460,29660.1,29679.4,29659.7,29675.3,240.0
1782986520,29674.7,29684.3,29669.9,29680.4,199.0
1782986580,29680.2,29684.8,29660.9,29667.4,228.0
1782986640,29666.1,29666.1,29652.9,29661.1,216.0
1782986700,29661.8,29662.7,29640.7,29647.2,233.0
1782986760,29647.2,29650.3,29636.2,29648.7,234.0
1782986820,29648.6,29653.6,29633.8,29645.4,211.0
1782986880,29645.2,29646.1,29631.4,29636.4,211.0
1782986940,29637.2,29643.8,29626.1,29630.7,214.0
1782987000,29630.7,29645.8,29628.3,29634.8,228.0
1782987060,29634.6,29635.2,29611.6,29613.8,242.0
1782987120,29614.4,29617.8,29584.4,29584.8,240.0
1782987180,29586.8,29597.8,29583.2,29587.8,239.0
1782987240,29587.8,29592.7,29580.1,29581.9,245.0
1782987300,29584.2,29603.3,29578.1,29603.3,230.0
1782987360,29602.3,29619.1,29599.8,29600.6,251.0
1782987420,29600.2,29602.6,29574.3,29583.3,232.0
1782987480,29582.4,29601.7,29581.8,29601.6,221.0
1782987540,29600.9,29603.1,29589.9,29592.8,220.0
1782987600,29592.8,29609.1,29590.3,29607.2,221.0
1782987660,29606.9,29606.9,29584.7,29585.6,184.0
1782987720,29585.6,29590.6,29581.3,29585.2,215.0
1782987780,29584.6,29600.3,29578.8,29593.8,220.0
1782987840,29593.8,29605.9,29591.9,29597.9,208.0
1782987900,29598.1,29598.2,29577.1,29582.2,217.0
1782987960,29582.4,29582.7,29574.2,29574.3,200.0
1782988020,29574.9,29581.6,29574.3,29580.6,209.0
1782988080,29580.6,29612.8,29579.7,29610.3,217.0
1782988140,29610.3,29613.9,29604.9,29610.2,193.0
1782988200,29611.2,29624.6,29606.9,29624.6,221.0
1782988260,29624.9,29630.4,29619.8,29624.3,218.0
1782988320,29622.1,29622.1,29607.6,29609.7,223.0
1782988380,29609.7,29622.2,29608.2,29619.7,221.0
1782988440,29619.7,29633.4,29619.1,29632.9,186.0
1782988500,29632.7,29641.8,29625.2,29640.7,208.0
1782988560,29640.2,29640.2,29624.2,29624.2,181.0
1782988620,29625.3,29635.7,29625.3,29633.4,198.0
1782988680,29633.4,29634.3,29621.2,29634.1,172.0
1782988740,29634.4,29644.9,29634.4,29642.7,203.0
1782988800,29642.4,29661.7,29642.4,29659.3,201.0
1782988860,29660.1,29677.8,29658.1,29677.8,213.0
1782988920,29677.3,29681.2,29674.4,29675.3,186.0
1782988980,29675.2,29679.6,29670.9,29672.9,200.0
1782989040,29672.7,29689.8,29672.7,29686.2,213.0
1782989100,29686.4,29691.3,29673.6,29673.7,219.0
1782989160,29673.8,29686.6,29673.4,29681.7,210.0
1782989220,29681.7,29686.4,29674.4,29674.4,183.0
1782989280,29674.7,29678.6,29670.4,29672.3,190.0
1782989340,29672.6,29682.4,29668.9,29681.9,194.0
1782989400,29679.7,29688.4,29664.1,29664.1,213.0
1782989460,29664.1,29666.6,29658.4,29660.8,197.0
1782989520,29661.1,29666.8,29658.3,29663.8,209.0
1782989580,29664.9,29667.3,29658.1,29659.9,188.0
1782989640,29659.8,29661.1,29653.3,29655.6,186.0
1782989700,29655.3,29656.7,29641.2,29641.7,199.0
1782989760,29642.4,29645.3,29638.6,29640.2,176.0
1782989820,29640.3,29648.4,29636.1,29639.2,197.0
1782989880,29639.2,29647.1,29635.2,29635.6,193.0
1782989940,29636.6,29640.6,29631.6,29640.1,202.0
1782990000,29638.4,29646.8,29612.8,29612.8,257.0
1782990060,29612.3,29646.1,29612.3,29636.8,250.0
1782990120,29637.3,29651.3,29634.2,29650.3,240.0
1782990180,29650.3,29656.8,29645.2,29653.6,223.0
1782990240,29653.8,29654.7,29646.6,29651.6,242.0
1782990300,29651.7,29673.7,29651.7,29673.1,242.0
1782990360,29673.8,29673.8,29630.7,29630.7,230.0
1782990420,29630.3,29630.3,29612.4,29616.9,238.0
1782990480,29618.1,29623.3,29608.9,29616.7,241.0
1782990540,29616.7,29637.6,29616.2,29624.2,226.0
1782990600,29624.7,29627.7,29616.6,29621.4,227.0
1782990660,29621.3,29621.3,29600.6,29601.1,219.0
1782990720,29600.6,29602.2,29586.2,29593.8,225.0
1782990780,29593.6,29595.6,29584.1,29587.7,223.0
1782990840,29587.4,29592.4,29575.3,29588.7,239.0
1782990900,29588.8,29613.3,29586.7,29612.1,230.0
1782990960,29612.1,29628.2,29605.6,29621.9,226.0
1782991020,29622.1,29627.4,29614.7,29621.6,256.0
1782991080,29621.1,29622.2,29612.9,29617.2,218.0
1782991140,29617.2,29638.8,29613.8,29636.9,210.0
1782991200,29637.4,29642.8,29628.3,29642.6,226.0
1782991260,29642.6,29650.2,29631.6,29638.9,214.0
1782991320,29640.1,29653.9,29639.6,29648.9,201.0
1782991380,29648.9,29660.6,29647.4,29659.7,199.0
1782991440,29659.1,29664.1,29655.8,29657.3,208.0
1782991500,29657.3,29667.9,29654.8,29667.9,200.0
1782991560,29667.7,29679.8,29660.1,29678.6,212.0
1782991620,29679.3,29682.8,29673.6,29678.9,183.0
1782991680,29678.8,29683.7,29674.8,29675.4,217.0
1782991740,29675.4,29688.9,29670.7,29672.7,215.0
1782991800,29670.9,29677.2,29663.4,29677.1,222.0
1782991860,29677.1,29715.3,29677.1,29715.3,233.0
1782991920,29715.3,29719.1,29710.4,29712.8,202.0
1782991980,29712.8,29714.4,29702.4,29705.9,209.0
1782992040,29705.9,29737.1,29705.7,29735.8,225.0
1782992100,29735.8,29752.6,29731.7,29750.4,210.0
1782992160,29750.1,29759.9,29743.3,29750.6,216.0
1782992220,29750.9,29754.3,29736.2,29740.6,201.0
1782992280,29741.4,29748.3,29736.7,29743.8,208.0
1782992340,29743.8,29759.2,29741.8,29745.3,221.0
1782992400,29745.4,29746.9,29731.4,29736.2,202.0
1782992460,29736.7,29742.8,29730.6,29731.3,184.0
1782992520,29731.3,29737.7,29729.1,29732.8,159.0
1782992580,29732.8,29735.2,29724.7,29729.1,160.0
1782992640,29728.8,29734.3,29726.7,29729.1,145.0
1782992700,29729.1,29733.2,29720.4,29721.6,141.0
1782992760,29721.6,29742.1,29718.1,29741.6,178.0
1782992820,29741.6,29741.6,29730.8,29736.4,180.0
1782992880,29735.3,29737.8,29732.6,29736.1,196.0
1782992940,29735.6,29749.3,29735.3,29747.4,176.0
1782993000,29747.6,29752.9,29745.3,29749.1,186.0
1782993060,29749.1,29757.8,29744.2,29757.8,193.0
1782993120,29757.8,29770.4,29757.8,29768.1,200.0
1782993180,29768.3,29773.9,29767.2,29770.4,202.0
1782993240,29770.3,29770.3,29755.1,29757.7,189.0
1782993300,29758.2,29763.3,29754.4,29757.6,185.0
1782993360,29758.1,29767.7,29758.1,29763.4,184.0
1782993420,29763.2,29780.7,29753.6,29779.9,195.0
1782993480,29779.9,29783.3,29773.7,29779.8,184.0
1782993540,29779.9,29785.7,29777.2,29780.6,191.0
1782993600,29780.9,29780.9,29750.6,29755.8,210.0
1782993660,29756.1,29758.8,29747.7,29747.7,197.0
1782993720,29747.7,29752.8,29744.2,29747.8,182.0
1782993780,29747.6,29749.1,29739.6,29744.8,200.0
1782993840,29744.6,29744.6,29735.8,29737.1,186.0
1782993900,29737.1,29739.9,29723.6,29727.3,226.0
1782993960,29727.6,29728.3,29714.6,29721.8,209.0
1782994020,29721.8,29723.1,29710.8,29720.1,216.0
1782994080,29719.6,29729.4,29711.8,29711.8,213.0
1782994140,29711.9,29715.3,29708.3,29715.3,187.0
1782994200,29714.4,29722.2,29713.1,29716.8,195.0
1782994260,29716.6,29733.9,29716.1,29733.3,209.0
1782994320,29733.3,29735.3,29724.2,29732.1,196.0
1782994380,29732.1,29733.8,29727.9,29728.4,172.0
1782994440,29728.6,29732.9,29726.2,29731.1,163.0
1782994500,29731.2,29733.6,29718.1,29721.6,187.0
1782994560,29721.7,29722.2,29712.2,29717.4,181.0
1782994620,29717.3,29727.3,29714.4,29715.6,185.0
1782994680,29715.8,29721.1,29711.9,29719.3,190.0
1782994740,29719.3,29727.2,29709.9,29710.4,171.0
1782994800,29709.7,29729.2,29708.9,29726.1,162.0
1782994860,29726.1,29726.8,29717.7,29722.4,134.0
1782994920,29722.3,29723.3,29710.3,29712.4,184.0
1782994980,29712.4,29721.7,29709.3,29713.3,181.0
1782995040,29713.7,29717.2,29700.6,29704.2,167.0
1782995100,29703.9,29706.1,29692.4,29702.4,167.0
1782995160,29702.7,29702.7,29691.6,29695.6,170.0
1782995220,29695.4,29706.6,29692.1,29703.4,197.0
1782995280,29703.4,29729.4,29700.4,29723.6,205.0
1782995340,29722.7,29732.9,29721.4,29730.2,177.0
1782995400,29730.3,29734.3,29725.9,29728.8,197.0
1782995460,29728.8,29738.2,29726.8,29729.7,192.0
1782995520,29728.9,29750.2,29728.9,29746.1,221.0
1782995580,29746.1,29757.7,29744.6,29756.1,207.0
1782995640,29756.1,29757.6,29741.7,29741.8,172.0
1782995700,29741.8,29743.9,29737.6,29742.8,153.0
1782995760,29742.8,29748.3,29736.3,29746.1,174.0
1782995820,29746.1,29747.7,29738.8,29741.1,134.0
1782995880,29741.1,29760.4,29740.9,29758.9,187.0
1782995940,29758.9,29762.2,29752.1,29753.1,165.0
1782996000,29752.8,29755.7,29745.6,29748.7,174.0
1782996060,29748.8,29752.4,29746.8,29748.7,170.0
1782996120,29748.7,29754.8,29742.9,29753.9,171.0
1782996180,29753.9,29756.2,29745.7,29747.1,171.0
1782996240,29747.2,29750.9,29744.3,29746.3,197.0
1782996300,29746.3,29746.4,29728.1,29728.1,197.0
1782996360,29728.1,29730.2,29717.4,29721.6,170.0
1782996420,29721.6,29740.7,29721.6,29739.6,171.0
1782996480,29739.6,29742.8,29736.6,29741.1,187.0
1782996540,29741.2,29742.9,29733.1,29737.1,196.0
1782996600,29737.1,29738.4,29731.3,29738.4,142.0
1782996660,29738.4,29744.9,29730.9,29731.8,164.0
1782996720,29731.9,29735.8,29726.7,29734.7,139.0
1782996780,29734.4,29738.7,29727.4,29732.6,171.0
1782996840,29732.7,29733.7,29723.7,29728.7,167.0
1782996900,29728.7,29729.4,29713.1,29715.9,161.0
1782996960,29715.9,29719.8,29703.8,29704.1,164.0
1782997020,29704.2,29715.9,29703.9,29713.7,182.0
1782997080,29712.8,29715.3,29704.2,29704.2,152.0
1782997140,29704.4,29706.8,29699.8,29705.7,185.0
1782997200,29706.1,29706.6,29696.1,29698.4,197.0
1782997260,29698.4,29698.6,29685.7,29689.2,190.0
1782997320,29689.2,29691.8,29684.9,29687.2,177.0
1782997380,29687.1,29690.7,29674.1,29675.3,185.0
1782997440,29675.3,29679.2,29668.7,29673.2,201.0
1782997500,29673.2,29693.4,29670.2,29684.8,174.0
1782997560,29685.3,29700.8,29682.9,29694.6,188.0
1782997620,29694.7,29703.8,29691.6,29692.1,180.0
1782997680,29692.4,29694.2,29682.9,29686.4,171.0
1782997740,29686.4,29690.2,29681.6,29687.6,180.0
1782997800,29687.3,29696.7,29684.4,29693.8,183.0
1782997860,29693.9,29695.2,29688.4,29689.4,193.0
1782997920,29689.4,29689.4,29681.6,29685.1,156.0
1782997980,29685.1,29693.1,29680.8,29680.9,182.0
1782998040,29679.7,29685.7,29679.2,29682.4,157.0
1782998100,29682.4,29684.7,29674.3,29682.9,184.0
1782998160,29683.1,29691.1,29672.7,29676.2,174.0
1782998220,29676.4,29682.1,29672.2,29676.4,174.0
1782998280,29676.6,29684.6,29676.6,29681.7,183.0
1782998340,29681.8,29697.1,29679.3,29696.3,215.0
1782998400,29696.3,29697.3,29686.1,29686.1,186.0
1782998460,29685.6,29691.7,29683.6,29691.1,174.0
1782998520,29690.9,29695.1,29683.2,29684.3,159.0
1782998580,29684.3,29685.4,29678.8,29684.6,133.0
1782998640,29684.7,29693.7,29684.2,29686.9,163.0
1782998700,29686.9,29702.6,29686.8,29701.9,193.0
1782998760,29702.2,29707.3,29700.9,29705.2,186.0
1782998820,29705.1,29707.9,29694.7,29696.1,184.0
1782998880,29695.2,29697.1,29682.7,29684.1,150.0
1782998940,29684.1,29695.9,29682.8,29695.7,180.0
1782999000,29695.8,29705.2,29695.6,29704.8,175.0
1782999060,29704.6,29712.3,29702.2,29709.8,162.0
1782999120,29709.3,29712.3,29703.7,29705.4,166.0
1782999180,29705.4,29727.8,29702.9,29727.1,178.0
1782999240,29727.1,29739.8,29726.6,29730.6,190.0
1782999300,29730.8,29731.1,29723.1,29724.8,150.0
1782999360,29724.6,29728.7,29721.8,29725.9,180.0
1782999420,29725.9,29732.8,29725.3,29728.2,158.0
1782999480,29728.2,29741.2,29725.7,29737.1,165.0
1782999540,29737.2,29749.7,29732.9,29747.7,150.0
1782999600,29747.1,29752.2,29740.9,29741.2,155.0
1782999660,29741.7,29747.1,29741.1,29744.6,143.0
1782999720,29744.6,29746.7,29738.4,29738.7,160.0
1782999780,29738.6,29738.8,29731.3,29735.2,157.0
1782999840,29735.1,29736.4,29724.8,29726.2,165.0
1782999900,29725.9,29728.2,29721.1,29725.1,156.0
1782999960,29725.1,29731.8,29724.1,29727.3,145.0
1783000020,29726.8,29732.3,29726.8,29728.2,151.0
1783000080,29727.6,29729.1,29720.7,29722.6,130.0
1783000140,29722.8,29731.2,29721.9,29727.1,149.0
1783000200,29727.1,29733.4,29727.1,29731.1,138.0
1783000260,29730.8,29731.9,29724.2,29725.2,145.0
1783000320,29724.8,29729.1,29720.8,29722.3,158.0
1783000380,29722.3,29729.1,29721.1,29728.7,127.0
1783000440,29728.7,29740.2,29727.9,29737.9,166.0
1783000500,29738.1,29739.7,29735.7,29736.6,136.0
1783000560,29736.9,29737.4,29729.9,29737.3,143.0
1783000620,29737.3,29739.8,29732.8,29733.1,161.0
1783000680,29733.8,29755.7,29732.9,29751.2,194.0
1783000740,29751.2,29755.3,29748.2,29751.3,178.0
1783000800,29751.9,29764.2,29745.7,29757.2,204.0
1783000860,29758.8,29768.7,29758.8,29761.7,214.0
1783000920,29761.1,29768.6,29757.8,29766.8,188.0
1783000980,29766.6,29768.3,29741.4,29741.9,188.0
1783001040,29741.6,29742.2,29726.4,29728.9,212.0
1783001100,29728.6,29733.7,29718.1,29719.8,195.0
1783001160,29719.6,29724.7,29715.4,29720.6,185.0
1783001220,29720.8,29725.4,29715.9,29719.3,197.0
1783001280,29719.7,29728.3,29718.6,29727.8,166.0
1783001340,29727.9,29733.1,29727.9,29730.6,185.0
1783001400,29730.6,29737.6,29729.9,29734.9,181.0
1783001460,29734.9,29742.3,29734.6,29738.3,162.0
1783001520,29738.7,29753.1,29735.3,29744.8,191.0
1783001580,29744.9,29757.9,29743.8,29753.9,171.0
1783001640,29754.3,29754.6,29750.3,29753.8,173.0
1783001700,29753.9,29756.3,29750.9,29754.3,156.0
1783001760,29754.6,29755.8,29749.2,29753.3,155.0
1783001820,29753.9,29755.3,29728.4,29730.1,206.0
1783001880,29729.9,29730.1,29717.9,29722.9,199.0
1783001940,29722.8,29738.8,29722.8,29731.3,174.0
1783002000,29731.9,29732.9,29722.1,29725.8,193.0
1783002060,29725.8,29726.7,29720.8,29726.2,175.0
1783002120,29726.2,29743.8,29724.9,29743.7,148.0
1783002180,29743.7,29755.7,29743.6,29751.4,137.0
1783002240,29751.4,29756.1,29750.7,29751.4,154.0
1783002300,29751.4,29759.9,29750.6,29757.8,157.0
1783002360,29757.7,29761.1,29754.2,29758.4,156.0
1783002420,29758.4,29758.9,29755.1,29757.1,151.0
1783002480,29757.1,29760.1,29751.3,29752.3,162.0
1783002540,29752.6,29757.4,29750.9,29753.2,132.0
1783002600,29752.8,29756.1,29742.9,29745.6,154.0
1783002660,29745.4,29752.2,29744.9,29752.2,176.0
1783002720,29752.2,29756.7,29749.8,29750.8,148.0
1783002780,29751.1,29757.3,29749.1,29755.9,159.0
1783002840,29755.7,29755.7,29741.4,29742.4,170.0
1783002900,29742.9,29746.8,29740.1,29744.9,143.0
1783002960,29744.9,29754.7,29744.9,29746.1,177.0
1783003020,29746.1,29757.3,29744.1,29756.7,158.0
1783003080,29756.8,29779.8,29756.7,29778.9,223.0
1783003140,29779.8,29783.4,29775.2,29783.2,185.0
1783003200,29782.9,29784.9,29767.8,29768.7,201.0
1783003260,29768.7,29790.4,29761.9,29789.8,178.0
1783003320,29789.8,29796.6,29788.3,29794.1,199.0
1783003380,29793.9,29805.4,29793.4,29803.4,220.0
1783003440,29803.3,29811.8,29800.7,29805.2,206.0
1783003500,29805.2,29814.1,29803.3,29813.4,211.0
1783003560,29813.3,29813.8,29805.3,29807.2,201.0
1783003620,29807.2,29815.9,29806.8,29813.2,185.0
1783003680,29812.9,29823.3,29812.9,29818.4,198.0
1783003740,29817.8,29818.2,29805.8,29805.9,183.0
1783003800,29805.9,29815.2,29803.6,29815.2,159.0
1783003860,29814.2,29820.2,29809.8,29819.8,178.0
1783003920,29820.8,29826.2,29816.7,29819.2,181.0
1783003980,29819.2,29819.2,29808.8,29813.1,172.0
1783004040,29813.1,29813.1,29786.7,29788.1,205.0
1783004100,29787.8,29799.4,29786.9,29794.9,181.0
1783004160,29794.8,29800.4,29792.4,29799.7,178.0
1783004220,29799.6,29800.4,29788.9,29789.9,182.0
1783004280,29789.9,29797.9,29788.9,29792.3,180.0
1783004340,29792.9,29792.9,29781.8,29781.8,177.0
1783004400,29782.1,29783.9,29771.4,29773.1,203.0
1783004460,29773.6,29779.2,29769.4,29773.7,204.0
1783004520,29773.7,29791.1,29772.8,29790.8,179.0
1783004580,29791.2,29813.7,29791.2,29813.4,220.0
1783004640,29812.9,29831.9,29812.3,29828.6,218.0
1783004700,29828.7,29832.4,29820.3,29821.8,214.0
1783004760,29822.3,29852.1,29822.2,29848.6,235.0
1783004820,29848.1,29856.7,29841.1,29848.7,224.0
1783004880,29849.7,29858.8,29844.8,29858.2,205.0
1783004940,29858.2,29863.2,29847.9,29853.1,216.0
1783005000,29852.9,29860.7,29851.8,29857.3,198.0
1783005060,29857.6,29863.2,29847.6,29862.6,222.0
1783005120,29862.3,29873.3,29859.9,29868.8,216.0
1783005180,29868.2,29880.6,29864.3,29878.9,207.0
1783005240,29878.9,29888.6,29875.4,29877.9,209.0
1783005300,29878.6,29889.6,29876.2,29885.6,213.0
1783005360,29885.6,29900.6,29882.8,29897.8,231.0
1783005420,29897.8,29908.9,29894.2,29895.1,231.0
1783005480,29894.6,29902.3,29889.7,29897.2,207.0
1783005540,29897.2,29897.2,29882.8,29888.4,197.0
1783005600,29888.4,29905.2,29886.8,29897.2,223.0
1783005660,29897.1,29897.8,29875.6,29885.8,224.0
1783005720,29885.2,29896.2,29884.7,29893.4,221.0
1783005780,29891.2,29897.8,29886.6,29890.1,226.0
1783005840,29890.1,29905.9,29888.9,29905.3,233.0
1783005900,29906.2,29913.9,29899.7,29912.2,225.0
1783005960,29909.1,29916.7,29906.1,29909.3,208.0
1783006020,29909.1,29912.7,29888.6,29889.9,225.0
1783006080,29888.8,29906.4,29881.9,29904.3,219.0
1783006140,29904.2,29928.6,29903.7,29925.8,209.0
1783006200,29927.2,30027.4,29927.2,30023.7,283.0
1783006260,30024.6,30027.9,29969.9,29989.2,283.0
1783006320,29989.4,30006.3,29970.9,29983.8,274.0
1783006380,29982.9,30010.2,29962.3,29999.6,286.0
1783006440,29999.8,30022.4,29993.2,30022.1,282.0
1783006500,30021.9,30046.6,30014.8,30042.3,273.0
1783006560,30041.6,30061.2,30040.6,30054.9,275.0
1783006620,30054.4,30066.7,30039.2,30060.6,270.0
1783006680,30061.2,30061.8,30014.7,30026.9,265.0
1783006740,30026.8,30036.2,30016.8,30029.7,263.0
1783006800,30028.4,30040.8,30014.8,30025.9,265.0
1783006860,30025.7,30028.6,29990.4,29994.4,273.0
1783006920,29993.8,30014.6,29993.2,30009.8,265.0
1783006980,30010.4,30022.2,29996.2,30008.3,257.0
1783007040,30007.9,30008.7,29987.9,29989.2,264.0
1783007100,29990.3,30008.3,29986.2,30000.1,275.0
1783007160,29997.1,29999.7,29987.1,29998.8,260.0
1783007220,29995.2,30008.6,29987.7,29995.3,278.0
1783007280,29992.7,30013.3,29988.8,30003.3,259.0
1783007340,30003.8,30006.3,29991.2,29993.4,258.0
1783007400,29993.2,30007.8,29988.6,30007.4,245.0
1783007460,30007.9,30009.9,29983.8,29985.7,270.0
1783007520,29986.7,30001.2,29981.9,29986.1,259.0
1783007580,29985.8,29986.1,29963.1,29963.4,260.0
1783007640,29961.9,29967.1,29949.4,29953.4,266.0
1783007700,29952.8,29955.9,29927.3,29927.4,269.0
1783007760,29927.8,29932.2,29912.7,29928.3,273.0
1783007820,29927.4,29932.9,29904.4,29906.8,261.0
1783007880,29907.4,29918.7,29902.8,29907.7,258.0
1783007940,29908.2,29931.8,29908.2,29930.4,252.0
1783008000,29934.7,29959.6,29907.8,29913.1,273.0
1783008060,29913.7,29914.2,29882.9,29910.7,268.0
1783008120,29912.3,29925.8,29911.4,29913.8,270.0
1783008180,29914.9,29933.3,29912.8,29921.2,267.0
1783008240,29920.9,29930.9,29913.2,29928.4,265.0
1783008300,29928.7,29931.2,29895.9,29902.7,247.0
1783008360,29901.9,29907.3,29891.6,29893.4,248.0
1783008420,29893.4,29903.6,29887.7,29892.1,251.0
1783008480,29892.1,29892.9,29865.3,29875.9,265.0
1783008540,29877.4,29886.4,29872.9,29874.1,247.0
1783008600,29874.9,29893.2,29871.6,29885.6,253.0
1783008660,29886.2,29896.9,29881.9,29883.2,250.0
1783008720,29883.7,29903.8,29880.2,29902.8,245.0
1783008780,29902.2,29908.2,29896.3,29896.3,228.0
1783008840,29895.9,29899.6,29881.2,29888.8,245.0
1783008900,29889.8,29900.1,29880.4,29896.2,249.0
1783008960,29894.8,29906.6,29893.8,29902.7,238.0
1783009020,29902.2,29911.8,29890.3,29894.9,252.0
1783009080,29894.8,29910.7,29889.2,29909.4,258.0
1783009140,29908.4,29921.7,29904.7,29916.1,225.0
1783009200,29916.2,29924.2,29912.4,29916.8,235.0
1783009260,29916.7,29922.2,29910.3,29917.9,245.0
1783009320,29917.4,29918.6,29913.6,29917.3,213.0
1783009380,29918.1,29929.3,29911.4,29928.3,249.0
1783009440,29926.6,29928.8,29908.4,29911.3,231.0
1783009500,29911.3,29922.4,29896.8,29898.6,253.0
1783009560,29898.4,29901.4,29889.1,29900.4,239.0
1783009620,29897.7,29903.1,29858.7,29861.1,261.0
1783009680,29861.1,29861.1,29838.6,29838.6,273.0
1783009740,29837.8,29844.9,29821.4,29825.1,278.0
1783009800,29823.2,29849.1,29756.4,29825.1,288.0
1783009860,29826.6,29859.4,29801.7,29830.2,293.0
1783009920,29829.6,29860.4,29813.4,29822.9,288.0
1783009980,29823.1,29854.6,29807.7,29849.7,276.0
1783010040,29852.2,29885.0,29850.7,29882.0,286.0
1783010100,29878.7,29906.8,29864.1,29881.2,283.0
1783010160,29881.1,29896.8,29836.5,29895.3,287.0
1783010220,29892.8,29905.6,29877.6,29881.2,288.0
1783010280,29883.0,29884.0,29776.5,29800.8,290.0
1783010340,29799.3,29820.8,29791.0,29802.2,283.0
1783010400,29801.8,29863.8,29801.2,29819.8,291.0
1783010460,29821.0,29889.6,29813.8,29880.0,294.0
1783010520,29878.1,29892.3,29872.0,29885.8,286.0
1783010580,29883.8,29934.7,29877.3,29903.6,286.0
1783010640,29904.8,29904.8,29862.7,29873.2,289.0
1783010700,29873.5,29910.7,29867.1,29887.5,288.0
1783010760,29887.5,29897.2,29856.8,29859.5,289.0
1783010820,29857.1,29916.7,29851.1,29915.1,294.0
1783010880,29913.2,29936.3,29907.5,29924.0,285.0
1783010940,29924.0,29952.2,29924.0,29926.5,283.0
1783011000,29926.1,29958.6,29910.1,29939.7,288.0
1783011060,29938.0,29990.1,29937.3,29987.0,282.0
1783011120,29987.6,30004.7,29978.5,30000.2,280.0
1783011180,29997.6,30007.2,29960.3,29964.5,275.0
1783011240,29964.6,29985.7,29956.3,29981.7,280.0
1783011300,29981.8,29993.0,29968.2,29981.6,281.0
1783011360,29979.2,29989.1,29941.1,29958.3,286.0
1783011420,29960.5,29984.5,29951.6,29967.1,277.0
1783011480,29967.0,30002.7,29964.3,29994.5,279.0
1783011540,29994.1,30008.1,29983.8,30005.6,275.0
1783011600,30011.6,30016.6,29976.1,29995.1,290.0
1783011660,29996.0,30016.5,29980.1,30015.1,282.0
1783011720,30013.5,30034.0,30009.3,30030.1,272.0
1783011780,30028.6,30040.1,30019.5,30023.8,271.0
1783011840,30023.1,30028.2,30002.0,30006.6,286.0
1783011900,30007.3,30008.3,29976.6,29994.8,275.0
1783011960,29994.8,29995.8,29969.1,29969.8,290.0
1783012020,29971.3,30000.2,29969.1,29986.5,276.0
1783012080,29986.5,29986.5,29935.6,29935.6,278.0
1783012140,29936.2,29947.3,29915.0,29929.5,272.0
1783012200,29930.0,29939.5,29880.0,29899.1,286.0
1783012260,29900.1,29933.0,29900.1,29928.2,281.0
1783012320,29926.3,29968.1,29925.8,29968.0,275.0
1783012380,29969.5,30000.0,29969.2,29995.2,268.0
1783012440,29994.2,29996.3,29961.2,29963.6,278.0
1783012500,29963.1,29966.7,29932.7,29942.1,282.0
1783012560,29941.5,29972.8,29904.0,29910.0,272.0
1783012620,29912.2,29917.3,29885.8,29885.8,281.0
1783012680,29885.1,29910.8,29858.3,29874.3,284.0
1783012740,29875.7,29906.5,29870.8,29903.8,278.0
1783012800,29903.2,29915.8,29852.3,29856.5,284.0
1783012860,29857.8,29870.3,29835.5,29850.3,283.0
1783012920,29848.1,29863.6,29825.3,29855.2,279.0
1783012980,29855.8,29879.0,29827.3,29851.5,290.0
1783013040,29852.3,29884.0,29823.3,29827.6,290.0
1783013100,29828.8,29841.5,29796.0,29816.8,285.0
1783013160,29815.7,29830.3,29783.2,29783.5,289.0
1783013220,29782.5,29784.2,29686.5,29698.7,288.0
1783013280,29701.2,29711.1,29659.8,29686.8,289.0
1783013340,29687.7,29707.5,29663.1,29681.7,287.0
1783013400,29685.1,29722.7,29650.6,29702.3,289.0
1783013460,29702.2,29752.3,29698.8,29733.7,285.0
1783013520,29734.6,29750.8,29681.8,29689.6,289.0
1783013580,29688.0,29726.2,29667.6,29688.7,289.0
1783013640,29689.2,29704.7,29637.5,29649.8,291.0
1783013700,29649.3,29668.6,29626.5,29648.8,294.0
1783013760,29649.7,29703.0,29642.0,29697.1,284.0
1783013820,29695.2,29732.8,29690.3,29711.2,288.0
1783013880,29714.5,29717.1,29682.1,29702.8,291.0
1783013940,29702.6,29721.0,29660.6,29670.1,288.0
1783014000,29670.7,29680.0,29635.2,29648.1,286.0
1783014060,29648.7,29653.8,29585.5,29592.5,288.0
1783014120,29593.8,29596.2,29537.6,29558.5,292.0
1783014180,29561.0,29568.2,29525.6,29540.8,292.0
1783014240,29544.7,29571.7,29524.7,29556.6,289.0
1783014300,29559.8,29601.7,29550.8,29556.2,291.0
1783014360,29558.7,29587.0,29542.6,29586.7,286.0
1783014420,29587.0,29615.2,29551.0,29555.1,281.0
1783014480,29554.7,29559.1,29504.2,29517.5,286.0
1783014540,29512.7,29586.6,29509.5,29574.5,290.0
1783014600,29572.3,29578.6,29542.0,29553.8,289.0
1783014660,29555.0,29598.6,29539.6,29570.0,286.0
1783014720,29569.6,29572.8,29512.1,29518.6,286.0
1783014780,29516.7,29528.5,29478.6,29504.8,288.0
1783014840,29505.5,29525.2,29498.3,29516.0,281.0
1783014900,29514.3,29554.6,29512.1,29536.8,283.0
1783014960,29538.8,29567.7,29538.1,29543.8,284.0
1783015020,29545.2,29546.5,29510.1,29531.8,280.0
1783015080,29530.7,29545.6,29521.2,29540.8,271.0
1783015140,29542.2,29590.2,29542.0,29587.1,285.0
1783015200,29588.1,29593.7,29557.2,29590.1,281.0
1783015260,29588.6,29597.3,29566.8,29566.8,280.0
1783015320,29568.0,29580.3,29548.6,29554.3,286.0
1783015380,29554.6,29569.3,29509.1,29512.6,283.0
1783015440,29514.7,29519.8,29460.5,29460.5,279.0
1783015500,29464.5,29491.3,29453.0,29455.2,285.0
1783015560,29453.6,29453.6,29411.3,29419.2,278.0
1783015620,29419.2,29424.1,29377.6,29386.6,284.0
1783015680,29388.5,29449.0,29386.1,29427.3,283.0
1783015740,29427.1,29461.6,29415.7,29451.1,283.0
1783015800,29449.6,29463.6,29433.1,29457.6,289.0
1783015860,29457.1,29524.7,29451.6,29514.2,285.0
1783015920,29510.3,29515.6,29485.7,29489.3,282.0
1783015980,29490.2,29510.7,29484.5,29490.1,290.0
1783016040,29489.3,29496.2,29463.8,29463.8,279.0
1783016100,29468.1,29489.2,29429.7,29433.3,277.0
1783016160,29433.3,29438.8,29404.1,29420.0,289.0
1783016220,29420.0,29439.8,29391.6,29402.5,278.0
1783016280,29402.8,29429.7,29387.7,29400.2,288.0
1783016340,29400.8,29403.3,29371.2,29387.7,288.0
1783016400,29392.0,29415.8,29358.7,29404.5,286.0
1783016460,29403.8,29425.3,29394.2,29411.0,285.0
1783016520,29411.1,29430.2,29406.2,29414.7,285.0
1783016580,29413.7,29427.7,29390.7,29418.3,285.0
1783016640,29417.8,29469.2,29417.7,29468.1,285.0
1783016700,29465.0,29476.6,29417.0,29431.3,286.0
1783016760,29436.3,29482.0,29435.0,29468.1,280.0
1783016820,29467.6,29491.8,29464.7,29468.0,277.0
1783016880,29468.7,29471.1,29452.2,29459.6,282.0
1783016940,29459.8,29465.8,29419.0,29419.1,259.0
1783017000,29419.3,29475.1,29414.8,29451.6,284.0
1783017060,29452.2,29474.3,29436.8,29473.2,282.0
1783017120,29473.6,29488.0,29455.8,29481.1,284.0
1783017180,29480.8,29491.3,29476.6,29490.8,273.0
1783017240,29490.8,29513.1,29490.1,29502.7,283.0
1783017300,29506.6,29541.0,29494.7,29532.7,278.0
1783017360,29533.2,29551.6,29524.6,29546.7,278.0
1783017420,29546.6,29556.5,29537.3,29552.3,274.0
1783017480,29551.8,29564.2,29542.5,29555.2,282.0
1783017540,29553.6,29555.5,29528.1,29529.8,288.0
1783017600,29532.3,29562.0,29518.6,29549.1,282.0
1783017660,29548.6,29549.8,29527.3,29528.8,275.0
1783017720,29529.3,29529.3,29503.1,29508.0,274.0
1783017780,29508.0,29510.8,29470.0,29472.5,278.0
1783017840,29474.5,29479.7,29458.7,29459.0,279.0
1783017900,29456.5,29494.2,29456.5,29489.7,274.0
1783017960,29489.2,29493.1,29463.8,29478.2,267.0
1783018020,29478.0,29492.8,29461.3,29481.8,272.0
1783018080,29480.1,29490.2,29470.5,29472.0,273.0
1783018140,29472.7,29477.5,29440.5,29448.6,283.0
1783018200,29448.3,29449.7,29425.3,29439.6,273.0
1783018260,29440.1,29456.0,29424.5,29442.2,274.0
1783018320,29445.2,29456.3,29414.1,29417.7,285.0
1783018380,29417.0,29421.3,29393.1,29405.1,279.0
1783018440,29404.7,29430.1,29403.6,29426.5,275.0
1783018500,29426.3,29437.6,29406.5,29406.5,277.0
1783018560,29407.7,29411.0,29391.7,29397.6,280.0
1783018620,29397.5,29407.6,29384.3,29403.0,276.0
1783018680,29403.2,29422.5,29394.5,29420.3,281.0
1783018740,29422.1,29442.2,29417.6,29424.2,281.0
1783018800,29423.7,29435.1,29387.8,29389.0,283.0
1783018860,29387.7,29394.1,29370.2,29376.8,283.0
1783018920,29375.8,29379.2,29350.7,29355.6,280.0
1783018980,29356.7,29387.5,29345.0,29374.7,283.0
1783019040,29373.6,29389.0,29363.7,29381.0,274.0
1783019100,29382.5,29399.6,29378.0,29379.5,276.0
1783019160,29379.2,29380.7,29353.7,29362.6,272.0
1783019220,29362.1,29376.0,29348.8,29362.1,273.0
1783019280,29362.7,29367.7,29341.3,29358.6,257.0
1783019340,29358.6,29360.8,29333.2,29346.6,273.0
1783019400,29346.3,29387.3,29339.6,29387.1,280.0
1783019460,29386.2,29402.1,29377.8,29378.1,273.0
1783019520,29378.0,29395.8,29355.8,29395.8,262.0
1783019580,29396.2,29405.5,29383.8,29389.0,278.0
1783019640,29388.7,29409.0,29383.5,29395.0,274.0
1783019700,29395.0,29399.7,29362.0,29376.5,272.0
1783019760,29376.3,29393.7,29375.8,29383.7,274.0
1783019820,29383.7,29386.6,29344.7,29348.2,268.0
1783019880,29348.2,29359.6,29343.1,29355.2,272.0
1783019940,29354.5,29370.0,29338.2,29341.7,274.0
1783020000,29340.8,29345.7,29308.8,29322.5,265.0
1783020060,29320.7,29332.3,29314.0,29321.8,266.0
1783020120,29322.5,29329.1,29306.3,29320.8,266.0
1783020180,29321.2,29323.7,29301.7,29304.8,271.0
1783020240,29305.7,29307.8,29297.3,29303.5,267.0
1783020300,29302.8,29342.6,29302.2,29324.2,280.0
1783020360,29323.6,29327.0,29296.0,29311.0,262.0
1783020420,29310.0,29323.0,29304.7,29314.5,274.0
1783020480,29315.7,29323.5,29304.0,29319.2,251.0
1783020540,29318.5,29330.0,29300.2,29306.0,262.0
1783020600,29306.7,29310.2,29281.1,29287.2,257.0
1783020660,29286.6,29294.6,29274.7,29274.7,278.0
1783020720,29275.2,29281.3,29266.1,29268.2,273.0
1783020780,29268.3,29284.6,29265.1,29267.5,261.0
1783020840,29265.8,29268.5,29246.1,29247.5,267.0
1783020900,29245.6,29257.1,29238.0,29256.5,277.0
1783020960,29255.8,29260.8,29222.7,29232.0,273.0
1783021020,29232.6,29242.3,29201.8,29205.5,277.0
1783021080,29208.7,29223.0,29205.3,29218.7,279.0
1783021140,29217.5,29236.0,29212.2,29233.8,286.0
1783021200,29237.0,29280.0,29231.3,29274.7,271.0
1783021260,29275.7,29283.5,29259.6,29262.0,273.0
1783021320,29262.0,29280.0,29252.7,29265.7,270.0
1783021380,29265.3,29281.3,29259.0,29269.5,278.0
1783021440,29271.2,29294.0,29268.1,29285.2,276.0
1783021500,29285.2,29290.0,29263.0,29275.0,262.0
1783021560,29274.8,29283.5,29264.3,29266.2,282.0
1783021620,29266.2,29285.3,29257.2,29280.2,272.0
1783021680,29280.1,29283.1,29252.1,29266.6,269.0
1783021740,29265.2,29278.0,29250.5,29254.8,269.0
1783021800,29254.8,29256.0,29225.8,29239.7,280.0
1783021860,29240.0,29271.6,29235.7,29262.7,278.0
1783021920,29262.0,29279.7,29256.6,29272.8,277.0
1783021980,29272.3,29281.3,29234.3,29240.3,270.0
1783022040,29241.7,29263.8,29241.7,29247.7,256.0
1783022100,29247.7,29248.8,29208.0,29214.0,265.0
1783022160,29213.6,29214.1,29185.5,29189.6,272.0
1783022220,29189.7,29211.1,29188.0,29188.1,271.0
1783022280,29188.0,29205.8,29182.5,29205.0,270.0
1783022340,29204.8,29216.6,29201.0,29210.0,273.0
1783022400,29208.2,29216.0,29189.7,29191.2,275.0
1783022460,29190.0,29191.5,29163.6,29173.2,274.0
1783022520,29173.2,29195.3,29168.7,29173.1,266.0
1783022580,29172.0,29173.0,29151.8,29161.0,266.0
1783022640,29162.0,29164.8,29139.0,29158.0,269.0
1783022700,29157.3,29177.6,29135.7,29176.0,276.0
1783022760,29177.1,29211.7,29171.5,29208.6,280.0
1783022820,29209.7,29230.1,29209.0,29215.3,281.0
1783022880,29212.7,29212.7,29193.0,29207.7,271.0
1783022940,29207.0,29213.7,29187.5,29195.6,265.0
1783023000,29195.6,29206.7,29172.2,29185.8,272.0
1783023060,29186.3,29193.2,29176.7,29193.2,278.0
1783023120,29191.7,29194.6,29176.5,29180.2,270.0
1783023180,29180.5,29191.2,29174.2,29190.2,258.0
1783023240,29191.2,29215.1,29187.0,29201.6,275.0
1783023300,29200.6,29203.2,29188.5,29196.2,257.0
1783023360,29196.2,29222.7,29196.0,29220.5,264.0
1783023420,29220.8,29228.2,29199.8,29205.0,278.0
1783023480,29205.2,29221.8,29194.1,29201.2,268.0
1783023540,29201.5,29203.1,29180.0,29184.5,276.0
1783023600,29184.0,29190.5,29176.6,29181.0,262.0
1783023660,29181.8,29211.7,29181.8,29204.1,275.0
1783023720,29206.5,29229.5,29203.3,29204.1,267.0
1783023780,29203.6,29205.0,29188.7,29193.0,274.0
1783023840,29192.8,29202.6,29182.7,29190.5,261.0
1783023900,29191.3,29196.3,29179.5,29182.6,270.0
1783023960,29182.0,29194.2,29170.5,29173.7,276.0
1783024020,29173.8,29193.5,29173.5,29187.6,263.0
1783024080,29187.3,29192.0,29176.1,29189.5,271.0
1783024140,29189.7,29200.3,29180.5,29194.7,270.0
1783024200,29195.1,29214.6,29191.5,29198.6,280.0
1783024260,29198.8,29213.2,29198.8,29207.7,269.0
1783024320,29207.7,29217.1,29202.8,29212.1,270.0
1783024380,29211.3,29220.7,29200.5,29202.6,272.0
1783024440,29203.3,29213.6,29174.7,29176.1,265.0
1783024500,29175.5,29185.2,29156.7,29168.0,269.0
1783024560,29167.8,29173.2,29141.7,29148.8,279.0
1783024620,29148.7,29151.5,29133.6,29145.8,273.0
1783024680,29146.0,29159.2,29126.7,29133.5,267.0
1783024740,29135.6,29142.7,29122.5,29127.0,274.0
1783024800,29127.7,29136.1,29109.3,29132.8,273.0
1783024860,29133.6,29162.6,29133.1,29156.2,276.0
1783024920,29156.7,29165.5,29148.8,29159.3,270.0
1783024980,29158.8,29158.8,29142.7,29151.6,266.0
1783025040,29151.5,29156.7,29137.2,29152.7,258.0
1783025100,29152.5,29155.8,29128.7,29134.5,271.0
1783025160,29134.5,29139.2,29114.5,29117.2,270.0
1783025220,29117.5,29120.6,29096.1,29097.5,266.0
1783025280,29096.7,29116.2,29090.2,29109.1,267.0
1783025340,29108.6,29119.1,29102.7,29110.1,265.0
1783025400,29110.0,29115.3,29092.7,29109.6,263.0
1783025460,29109.5,29116.3,29099.7,29109.5,274.0
1783025520,29110.2,29117.0,29096.6,29111.6,267.0
1783025580,29111.5,29123.6,29109.6,29116.7,265.0
1783025640,29116.5,29145.1,29115.2,29138.0,271.0
1783025700,29137.2,29143.7,29120.7,29124.1,261.0
1783025760,29124.0,29126.5,29103.0,29111.2,270.0
1783025820,29110.3,29117.2,29101.1,29106.8,269.0
1783025880,29106.2,29106.7,29078.7,29080.8,259.0
1783025940,29079.5,29090.2,29076.7,29086.0,264.0
1783026000,29086.3,29111.5,29079.2,29108.2,274.0
1783026060,29107.7,29121.7,29098.3,29113.5,267.0
1783026120,29113.7,29123.0,29105.6,29111.5,264.0
1783026180,29110.7,29113.5,29102.7,29110.3,281.0
1783026240,29110.6,29131.1,29110.5,29129.0,271.0
1783026300,29129.8,29168.1,29125.3,29163.2,269.0
1783026360,29162.1,29209.7,29162.1,29194.6,277.0
1783026420,29192.7,29205.0,29180.2,29194.5,275.0
1783026480,29192.7,29208.8,29190.0,29203.7,265.0
1783026540,29205.0,29228.2,29203.0,29226.0,275.0
1783026600,29225.8,29250.8,29216.6,29235.0,277.0
1783026660,29234.2,29245.1,29220.3,29229.5,277.0
1783026720,29228.7,29240.1,29215.8,29239.8,268.0
1783026780,29237.7,29239.0,29217.2,29218.0,261.0
1783026840,29216.2,29224.7,29198.7,29207.2,274.0
1783026900,29207.8,29216.3,29187.2,29202.1,256.0
1783026960,29201.8,29209.0,29192.2,29198.6,272.0
1783027020,29197.7,29197.7,29164.1,29165.8,265.0
1783027080,29168.8,29185.0,29160.5,29169.7,264.0
1783027140,29168.1,29178.7,29160.6,29173.7,260.0
1783027200,29172.8,29201.6,29170.5,29198.2,265.0
1783027260,29198.2,29206.3,29181.5,29189.6,263.0
1783027320,29189.8,29207.6,29183.2,29193.6,260.0
1783027380,29193.3,29193.3,29178.0,29190.8,257.0
1783027440,29190.7,29201.2,29188.6,29198.2,245.0
1783027500,29198.1,29221.5,29195.5,29197.1,255.0
1783027560,29196.0,29209.6,29185.0,29207.3,264.0
1783027620,29207.2,29220.3,29203.5,29216.5,255.0
1783027680,29216.5,29235.2,29215.0,29227.5,254.0
1783027740,29227.7,29236.5,29217.2,29235.7,257.0
1783027800,29236.5,29251.2,29228.3,29242.3,270.0
1783027860,29242.5,29261.8,29239.6,29261.8,263.0
1783027920,29261.6,29262.0,29242.5,29255.0,269.0
1783027980,29256.1,29272.1,29256.1,29261.0,261.0
1783028040,29260.6,29260.6,29218.5,29228.7,278.0
1783028100,29229.3,29252.0,29227.5,29230.7,271.0
1783028160,29229.8,29234.6,29213.2,29217.1,265.0
1783028220,29217.2,29236.2,29212.6,29235.7,258.0
1783028280,29235.6,29247.3,29229.1,29232.1,253.0
1783028340,29231.3,29245.2,29223.0,29239.2,253.0
1783028400,29240.3,29244.0,29226.7,29234.7,262.0
1783028460,29232.7,29236.3,29217.7,29221.3,266.0
1783028520,29222.2,29235.8,29222.2,29232.2,252.0
1783028580,29233.2,29246.2,29226.7,29240.7,249.0
1783028640,29242.3,29248.2,29225.8,29229.0,269.0
1783028700,29228.3,29229.5,29187.8,29194.5,275.0
1783028760,29194.5,29199.1,29188.3,29191.2,276.0
1783028820,29191.0,29220.0,29190.5,29216.2,262.0
1783028880,29217.5,29238.0,29214.7,29236.6,267.0
1783028940,29236.2,29247.5,29235.2,29242.0,270.0
1783029000,29241.6,29246.7,29228.0,29245.6,263.0
1783029060,29246.2,29262.7,29243.7,29249.8,260.0
1783029120,29251.0,29273.2,29247.7,29263.7,255.0
1783029180,29264.1,29264.2,29240.6,29246.0,267.0
1783029240,29246.0,29248.0,29231.5,29231.5,261.0
1783029300,29233.1,29238.7,29222.0,29235.5,269.0
1783029360,29238.7,29245.6,29203.2,29210.7,269.0
1783029420,29210.1,29234.8,29206.8,29227.0,268.0
1783029480,29225.5,29242.0,29217.8,29229.0,259.0
1783029540,29227.1,29236.1,29213.5,29236.0,261.0
1783029600,29239.1,29250.2,29202.8,29203.2,279.0
1783029660,29203.1,29212.0,29190.7,29202.8,264.0
1783029720,29203.3,29217.2,29198.0,29211.1,263.0
1783029780,29211.2,29217.5,29200.0,29202.8,275.0
1783029840,29202.3,29208.7,29146.7,29149.8,272.0
1783029900,29150.3,29164.2,29130.7,29137.0,274.0
1783029960,29137.1,29173.1,29129.2,29162.1,270.0
1783030020,29161.2,29171.2,29136.2,29155.3,280.0
1783030080,29156.0,29165.6,29148.6,29152.8,269.0
1783030140,29153.1,29161.3,29145.5,29145.5,267.0
1783030200,29145.3,29155.7,29130.1,29149.3,271.0
1783030260,29148.8,29159.5,29146.8,29151.0,271.0
1783030320,29151.3,29162.6,29142.8,29155.2,276.0
1783030380,29155.2,29172.3,29152.2,29161.1,273.0
1783030440,29161.0,29172.6,29153.0,29159.7,274.0
1783030500,29159.5,29169.5,29151.6,29157.7,274.0
1783030560,29157.7,29159.3,29140.2,29144.1,260.0
1783030620,29144.0,29149.3,29140.7,29142.7,257.0
1783030680,29142.6,29146.6,29128.2,29138.5,250.0
1783030740,29139.2,29160.8,29138.0,29142.8,258.0
1783030800,29145.5,29149.8,29126.0,29127.2,257.0
1783030860,29126.1,29130.5,29118.2,29121.0,261.0
1783030920,29122.0,29125.6,29105.8,29108.7,270.0
1783030980,29108.5,29121.7,29103.0,29109.8,265.0
1783031040,29110.6,29115.7,29104.8,29109.5,264.0
1783031100,29109.5,29112.6,29098.8,29103.3,269.0
1783031160,29104.0,29121.2,29097.2,29119.3,272.0
1783031220,29119.0,29135.1,29115.5,29129.1,252.0
1783031280,29129.5,29174.6,29125.8,29170.1,276.0
1783031340,29169.8,29192.3,29166.5,29170.0,265.0
1783031400,29170.1,29192.2,29159.8,29191.7,263.0
1783031460,29191.3,29201.3,29173.0,29181.7,267.0
1783031520,29181.5,29199.6,29177.0,29185.7,270.0
1783031580,29186.5,29212.2,29186.5,29204.7,262.0
1783031640,29205.0,29215.3,29198.0,29207.7,257.0
1783031700,29209.2,29222.5,29201.7,29214.2,262.0
1783031760,29214.0,29217.0,29185.1,29185.6,256.0
1783031820,29187.3,29200.5,29173.3,29200.5,270.0
1783031880,29200.0,29214.0,29199.3,29202.1,258.0
1783031940,29201.6,29210.1,29193.0,29205.3,264.0
1783032000,29205.3,29208.0,29188.0,29206.5,256.0
1783032060,29206.0,29207.6,29191.5,29191.7,268.0
1783032120,29192.5,29198.3,29177.8,29193.3,265.0
1783032180,29193.3,29207.7,29187.5,29198.5,270.0
1783032240,29199.2,29211.0,29192.0,29202.5,267.0
1783032300,29206.1,29207.8,29195.0,29201.0,259.0
1783032360,29200.8,29204.1,29182.7,29188.8,275.0
1783032420,29189.0,29201.3,29181.0,29186.0,250.0
1783032480,29185.7,29199.8,29184.6,29193.2,267.0
1783032540,29193.0,29198.1,29180.1,29198.0,265.0
1783032600,29197.7,29271.7,29197.7,29250.0,267.0
1783032660,29248.0,29255.7,29234.2,29252.3,268.0
1783032720,29246.6,29255.1,29239.6,29246.1,276.0
1783032780,29253.3,29263.5,29240.8,29249.2,276.0
1783032840,29251.6,29281.5,29244.3,29280.2,272.0
1783032900,29277.1,29284.5,29257.2,29277.7,280.0
1783032960,29278.0,29296.7,29272.6,29294.1,271.0
1783033020,29292.6,29310.6,29289.8,29306.1,266.0
1783033080,29307.8,29324.7,29304.6,29322.1,255.0
1783033140,29323.5,29334.7,29280.6,29283.3,284.0
1783033200,29287.1,29298.5,29274.0,29286.0,278.0
1783033260,29286.3,29295.6,29278.3,29288.7,267.0
1783033320,29289.1,29297.3,29288.7,29293.7,251.0
1783033380,29293.3,29299.7,29283.6,29296.5,237.0
1783033440,29296.3,29299.6,29279.1,29279.1,232.0
1783033500,29280.3,29280.3,29261.5,29276.5,249.0
1783033560,29276.0,29277.8,29268.5,29271.3,226.0
1783033620,29271.6,29283.7,29271.1,29280.0,196.0
1783033680,29280.3,29295.6,29280.3,29282.5,232.0
1783033740,29281.7,29291.6,29277.2,29287.3,191.0
1783033800,29288.1,29290.3,29272.5,29272.5,214.0
1783033860,29273.5,29285.0,29273.5,29279.0,190.0
1783033920,29279.0,29287.7,29277.0,29286.5,202.0
1783033980,29286.1,29290.3,29284.0,29288.0,157.0
1783034040,29288.0,29299.8,29288.0,29293.2,210.0
1783034100,29296.8,29304.3,29293.1,29300.5,183.0
1783034160,29301.0,29303.6,29299.5,29300.6,166.0
1783034220,29300.3,29301.8,29293.2,29295.8,169.0
1783034280,29296.1,29307.3,29295.1,29306.8,180.0
1783034340,29307.1,29308.8,29287.0,29288.1,178.0
1783034400,29288.3,29293.5,29280.6,29282.3,195.0
1783034460,29282.2,29292.5,29281.7,29291.2,178.0
1783034520,29291.7,29293.6,29287.1,29290.2,167.0
1783034580,29290.8,29292.0,29288.2,29291.0,105.0
1783034640,29291.2,29291.2,29281.2,29283.6,153.0
1783034700,29283.5,29294.6,29283.0,29294.6,119.0
1783034760,29295.7,29304.2,29292.8,29294.6,156.0
1783034820,29294.1,29294.6,29287.1,29288.2,135.0
1783034880,29288.3,29291.5,29287.8,29290.8,126.0
1783034940,29290.8,29296.7,29290.5,29295.6,114.0
1783035000,29295.6,29298.3,29287.3,29288.0,115.0
1783035060,29288.8,29295.7,29286.1,29294.8,128.0
1783035120,29295.3,29301.2,29290.5,29295.3,180.0
1783035180,29295.3,29298.8,29289.2,29298.2,151.0
1783035240,29298.2,29304.7,29298.1,29304.5,163.0
1783035300,29304.3,29311.5,29304.1,29307.8,158.0
1783035360,29307.8,29310.1,29303.3,29305.2,124.0
1783035420,29305.2,29308.0,29302.1,29302.8,139.0
1783035480,29302.8,29304.6,29293.0,29293.7,153.0
1783035540,29293.7,29300.2,29293.5,29299.2,143.0
1783035600,29299.2,29302.1,29297.3,29300.5,111.0
1783035660,29300.3,29301.1,29297.0,29299.2,134.0
1783035720,29299.2,29302.0,29298.3,29300.8,115.0
1783035780,29300.8,29302.0,29292.3,29292.8,127.0
1783035840,29293.2,29294.0,29285.3,29289.1,137.0
1783035900,29291.2,29296.2,29289.2,29296.2,119.0
1783035960,29296.2,29300.0,29294.7,29299.3,128.0
1783036020,29299.3,29300.5,29296.6,29299.3,131.0
1783036080,29298.8,29305.5,29297.2,29298.1,137.0
1783036140,29298.0,29302.5,29298.0,29301.1,128.0
1783036200,29301.1,29305.2,29300.7,29304.2,137.0
1783036260,29304.1,29304.8,29300.3,29300.5,135.0
1783036320,29300.6,29303.1,29300.5,29303.0,113.0
1783036380,29302.8,29304.3,29301.0,29302.7,122.0
1783036440,29302.7,29305.0,29301.7,29304.5,125.0
1783036500,29303.6,29304.2,29300.8,29302.7,91.0
1783036560,29302.6,29302.7,29295.2,29297.5,130.0
1783036620,29298.0,29305.7,29292.5,29297.2,143.0
1783036680,29297.2,29304.5,29284.2,29302.0,156.0
1783040400,29320.8,29336.3,29320.8,29324.3,122.0
1783040460,29323.6,29330.4,29317.8,29320.3,90.0
1783040520,29320.3,29329.3,29319.8,29328.6,62.0
1783040580,29328.6,29339.2,29327.3,29338.9,82.0
1783040640,29338.9,29338.9,29322.9,29328.4,72.0
1783040700,29328.4,29330.2,29309.7,29327.3,124.0
1783040760,29327.3,29339.9,29327.3,29335.3,115.0
1783040820,29335.3,29340.4,29335.3,29339.4,73.0
1783040880,29339.1,29339.4,29333.4,29336.2,49.0
1783040940,29336.2,29339.4,29334.8,29334.8,59.0
1783041000,29334.8,29338.3,29332.3,29338.3,53.0
1783041060,29338.3,29339.4,29334.9,29334.9,51.0
1783041120,29334.9,29336.4,29329.6,29330.9,51.0
1783041180,29330.9,29332.6,29328.3,29328.3,55.0
1783041240,29328.3,29331.9,29326.2,29331.8,41.0
1783041300,29331.8,29342.1,29331.8,29341.9,87.0
1783041360,29341.9,29345.4,29339.7,29341.2,58.0
1783041420,29341.2,29344.2,29341.2,29343.9,43.0
1783041480,29343.9,29344.8,29338.2,29338.6,45.0
1783041540,29339.2,29339.2,29336.8,29338.3,32.0
1783041600,29338.3,29342.8,29337.3,29340.2,43.0
1783041660,29340.2,29342.3,29336.2,29342.3,38.0
1783041720,29342.3,29344.3,29340.8,29341.9,35.0
1783041780,29342.1,29345.8,29341.2,29343.7,29.0
1783041840,29343.7,29346.8,29342.2,29343.7,51.0
1783041900,29343.7,29343.7,29333.7,29337.4,65.0
1783041960,29337.4,29339.9,29337.2,29337.9,35.0
1783042020,29337.9,29342.1,29337.9,29339.6,35.0
1783042080,29339.6,29342.6,29338.3,29342.4,27.0
1783042140,29342.6,29342.6,29328.9,29329.8,66.0
1783042200,29329.8,29329.8,29320.4,29321.1,107.0
1783042260,29321.1,29327.8,29320.2,29326.2,86.0
1783042320,29326.2,29330.2,29325.4,29330.2,43.0
1783042380,29330.2,29336.3,29326.8,29336.3,83.0
1783042440,29336.4,29348.8,29336.2,29348.1,111.0
1783042500,29348.1,29348.4,29341.7,29345.1,87.0
1783042560,29345.1,29357.9,29345.1,29356.9,78.0
1783042620,29357.1,29358.9,29355.2,29358.3,93.0
1783042680,29358.3,29363.8,29358.3,29363.1,112.0
1783042740,29362.7,29370.2,29360.3,29366.2,123.0
1783042800,29366.2,29366.2,29361.1,29364.4,102.0
1783042860,29364.4,29367.4,29363.6,29366.6,102.0
1783042920,29366.7,29367.4,29362.9,29364.8,81.0
1783042980,29364.9,29369.7,29364.3,29369.2,73.0
1783043040,29369.1,29372.1,29368.8,29371.7,111.0
1783043100,29372.1,29372.1,29367.9,29370.2,85.0
1783043160,29370.2,29370.2,29365.9,29366.7,93.0
1783043220,29366.7,29368.2,29363.6,29367.4,74.0
1783043280,29367.3,29367.9,29364.2,29366.1,55.0
1783043340,29366.1,29367.4,29365.2,29365.2,47.0
1783043400,29365.2,29366.2,29361.9,29363.9,98.0
1783043460,29362.4,29364.8,29362.2,29362.2,34.0
1783043520,29362.1,29364.4,29361.6,29362.3,47.0
1783043580,29362.3,29363.7,29360.3,29362.7,52.0
1783043640,29362.7,29366.1,29362.6,29365.9,88.0
1783043700,29366.1,29372.4,29366.1,29370.2,99.0
1783043760,29369.9,29373.1,29367.2,29367.7,78.0
1783043820,29367.7,29370.7,29364.3,29369.7,86.0
1783043880,29369.7,29369.9,29366.9,29368.9,62.0
1783043940,29368.9,29369.7,29367.3,29367.4,78.0
1783044000,29366.1,29367.8,29362.3,29364.9,95.0
1783044060,29364.7,29368.2,29364.7,29365.3,57.0
1783044120,29365.2,29365.3,29357.1,29359.3,89.0
1783044180,29359.4,29359.6,29353.6,29355.1,114.0
1783044240,29355.6,29355.7,29346.3,29348.8,117.0
1783044300,29349.6,29354.2,29347.9,29351.7,125.0
1783044360,29351.7,29351.8,29337.6,29337.7,112.0
1783044420,29339.3,29339.3,29328.1,29332.8,115.0
1783044480,29332.4,29341.9,29332.4,29340.8,107.0
1783044540,29340.8,29342.1,29330.6,29335.3,102.0
1783044600,29335.3,29339.9,29332.7,29332.9,91.0
1783044660,29332.9,29335.4,29329.4,29329.6,85.0
1783044720,29330.7,29334.3,29322.8,29323.4,153.0
1783044780,29323.4,29324.3,29305.7,29307.7,190.0
1783044840,29307.7,29315.3,29307.7,29311.3,130.0
1783044900,29310.7,29318.1,29310.2,29316.3,124.0
1783044960,29317.4,29331.2,29312.6,29328.9,124.0
1783045020,29328.6,29331.7,29319.7,29320.9,104.0
1783045080,29320.9,29324.8,29318.8,29322.4,84.0
1783045140,29322.3,29323.8,29303.9,29310.2,136.0
1783045200,29310.4,29317.7,29306.9,29313.8,99.0
1783045260,29313.8,29323.1,29313.3,29319.7,107.0
1783045320,29319.7,29340.4,29314.9,29340.4,106.0
1783045380,29339.4,29346.9,29337.1,29337.4,137.0
1783045440,29337.6,29353.1,29337.6,29348.1,133.0
1783045500,29348.1,29352.4,29342.3,29349.3,108.0
1783045560,29349.2,29357.3,29345.7,29353.3,118.0
1783045620,29353.3,29353.4,29348.9,29349.9,87.0
1783045680,29349.9,29357.9,29349.8,29353.6,82.0
1783045740,29353.6,29357.8,29350.9,29353.2,91.0
1783045800,29353.2,29353.2,29333.9,29344.3,157.0
1783045860,29344.3,29346.9,29342.2,29346.9,96.0
1783045920,29346.9,29355.9,29346.9,29355.2,112.0
1783045980,29355.2,29358.1,29349.7,29351.6,99.0
1783046040,29351.6,29368.6,29351.6,29363.9,131.0
1783046100,29363.8,29367.3,29359.9,29362.6,129.0
1783046160,29362.7,29364.6,29355.3,29355.3,96.0
1783046220,29354.9,29356.9,29351.6,29356.4,81.0
1783046280,29356.3,29357.2,29348.1,29348.1,90.0
1783046340,29348.1,29348.1,29326.2,29334.1,148.0
1783046400,29334.3,29339.7,29327.8,29338.9,114.0
1783046460,29338.9,29341.8,29325.7,29328.3,126.0
1783046520,29328.3,29330.2,29324.9,29327.1,101.0
1783046580,29327.1,29334.8,29323.6,29334.3,112.0
1783046640,29334.3,29334.9,29323.1,29323.7,129.0
1783046700,29323.7,29347.7,29317.7,29342.4,227.0
1783046760,29342.6,29358.9,29342.2,29346.1,185.0
1783046820,29346.4,29355.4,29341.6,29351.8,146.0
1783046880,29351.8,29354.3,29342.4,29350.4,139.0
1783046940,29350.8,29354.3,29346.6,29348.4,183.0
1783047000,29348.2,29353.9,29340.1,29350.2,180.0
1783047060,29349.7,29354.2,29343.3,29346.4,159.0
1783047120,29346.6,29353.2,29346.2,29349.1,168.0
1783047180,29349.1,29349.9,29334.6,29337.8,144.0
1783047240,29337.8,29353.2,29327.9,29351.4,172.0
1783047300,29351.4,29351.4,29344.8,29347.7,124.0
1783047360,29347.7,29351.1,29344.6,29346.1,148.0
1783047420,29346.1,29351.2,29343.7,29346.8,182.0
1783047480,29346.7,29354.1,29343.9,29353.1,150.0
1783047540,29353.2,29354.3,29349.1,29351.4,173.0
1783047600,29346.4,29389.4,29340.8,29377.7,252.0
1783047660,29377.7,29382.1,29326.7,29330.4,262.0
1783047720,29331.7,29336.6,29317.8,29326.4,240.0
1783047780,29326.1,29346.2,29318.8,29345.7,262.0
1783047840,29345.6,29349.4,29335.6,29340.7,244.0
1783047900,29340.9,29347.3,29324.1,29330.4,254.0
1783047960,29330.4,29348.6,29304.4,29334.4,250.0
1783048020,29332.3,29332.3,29309.6,29321.8,263.0
1783048080,29321.3,29326.8,29309.2,29317.7,248.0
1783048140,29317.7,29320.8,29304.2,29304.2,249.0
1783048200,29304.3,29308.6,29292.2,29302.7,252.0
1783048260,29302.9,29316.3,29294.9,29313.4,244.0
1783048320,29313.4,29322.9,29308.1,29309.1,254.0
1783048380,29308.9,29365.3,29308.9,29359.6,253.0
1783048440,29356.7,29368.2,29354.7,29367.2,251.0
1783048500,29367.2,29367.2,29336.3,29341.4,197.0
1783048560,29342.3,29353.3,29328.3,29343.9,246.0
1783048620,29343.4,29356.1,29327.6,29330.6,257.0
1783048680,29330.8,29338.4,29320.9,29328.6,245.0
1783048740,29328.9,29343.2,29327.1,29341.9,247.0
1783048800,29341.9,29351.1,29333.2,29345.2,230.0
1783048860,29345.2,29360.9,29339.9,29342.4,240.0
1783048920,29342.4,29347.7,29326.8,29331.6,222.0
1783048980,29330.7,29340.8,29328.3,29334.6,249.0
1783049040,29333.6,29340.4,29330.1,29338.8,240.0
1783049100,29338.9,29347.2,29322.9,29326.8,239.0
1783049160,29326.9,29331.1,29317.8,29327.4,244.0
1783049220,29328.8,29335.8,29309.7,29317.2,223.0
1783049280,29316.8,29329.2,29312.2,29317.6,231.0
1783049340,29315.3,29323.3,29310.2,29312.1,216.0
1783049400,29312.3,29315.2,29287.2,29291.4,242.0
1783049460,29290.9,29313.9,29286.4,29313.6,254.0
1783049520,29313.6,29314.7,29299.9,29299.9,241.0
1783049580,29300.2,29302.8,29288.7,29293.9,240.0
1783049640,29293.4,29305.8,29288.7,29290.9,240.0
1783049700,29291.1,29311.9,29285.8,29310.2,254.0
1783049760,29310.2,29320.4,29303.2,29320.4,251.0
1783049820,29318.9,29327.6,29310.2,29325.9,260.0
1783049880,29325.2,29352.6,29324.6,29326.7,249.0
1783049940,29326.7,29329.8,29315.9,29321.9,252.0
1783050000,29321.7,29327.9,29310.8,29319.9,236.0
1783050060,29320.3,29325.3,29316.4,29319.3,248.0
1783050120,29318.7,29321.6,29295.9,29305.3,235.0
1783050180,29305.3,29306.7,29291.9,29296.4,236.0
1783050240,29296.6,29310.6,29296.6,29302.9,234.0
1783050300,29303.2,29309.2,29286.2,29288.3,243.0
1783050360,29288.2,29310.4,29282.8,29307.6,260.0
1783050420,29307.6,29314.7,29297.6,29311.4,240.0
1783050480,29311.4,29318.9,29302.1,29302.4,243.0
1783050540,29303.8,29316.8,29300.2,29314.3,227.0
1783050600,29314.6,29319.8,29310.2,29313.1,251.0
1783050660,29313.8,29314.9,29299.4,29312.4,242.0
1783050720,29313.4,29322.6,29300.8,29303.7,224.0
1783050780,29304.6,29308.4,29284.2,29290.1,241.0
1783050840,29290.1,29301.1,29289.6,29297.4,229.0
1783050900,29297.4,29303.6,29291.1,29292.4,232.0
1783050960,29291.7,29298.3,29282.8,29295.4,226.0
1783051020,29295.7,29300.2,29284.7,29285.1,225.0
1783051080,29284.9,29289.4,29274.4,29277.3,203.0
1783051140,29277.3,29296.4,29277.3,29288.4,231.0
1783051200,29289.2,29302.3,29285.2,29302.2,260.0
1783051260,29300.8,29308.3,29291.2,29295.6,251.0
1783051320,29295.6,29326.4,29295.6,29326.2,242.0
1783051380,29325.6,29355.6,29322.7,29355.3,254.0
1783051440,29354.1,29376.3,29351.9,29373.3,240.0
1783051500,29373.1,29422.1,29368.9,29421.7,259.0
1783051560,29421.4,29433.2,29412.7,29422.4,268.0
1783051620,29423.4,29438.3,29416.9,29433.8,250.0
1783051680,29433.3,29442.7,29429.4,29433.6,256.0
1783051740,29433.9,29447.7,29421.9,29435.6,249.0
1783051800,29435.9,29435.9,29420.4,29425.4,256.0
1783051860,29425.6,29435.3,29421.1,29427.3,248.0
1783051920,29426.9,29428.4,29410.7,29412.4,223.0
1783051980,29412.4,29419.3,29408.1,29413.6,234.0
1783052040,29413.6,29435.6,29412.9,29424.9,234.0
1783052100,29424.7,29431.6,29414.7,29415.6,249.0
1783052160,29414.8,29417.7,29397.3,29400.2,222.0
1783052220,29400.6,29406.6,29397.4,29404.7,228.0
1783052280,29404.3,29417.1,29398.2,29417.1,238.0
1783052340,29417.3,29427.9,29406.8,29410.4,231.0
1783052400,29410.4,29424.7,29410.2,29418.8,233.0
1783052460,29418.8,29429.3,29418.8,29425.6,229.0
1783052520,29424.9,29431.6,29421.1,29428.7,234.0
1783052580,29428.8,29429.1,29412.6,29412.8,208.0
1783052640,29412.8,29424.2,29409.8,29419.8,224.0
1783052700,29419.8,29422.1,29410.8,29411.4,212.0
1783052760,29410.9,29419.7,29408.1,29412.4,227.0
1783052820,29412.6,29417.2,29403.9,29412.7,219.0
1783052880,29413.2,29421.7,29412.7,29416.9,219.0
1783052940,29416.9,29417.9,29406.8,29406.8,214.0
1783053000,29406.8,29411.4,29395.4,29411.4,234.0
1783053060,29412.3,29420.3,29403.8,29407.8,242.0
1783053120,29407.4,29414.2,29401.7,29413.3,218.0
1783053180,29413.2,29420.8,29409.3,29412.1,229.0
1783053240,29412.1,29417.9,29404.1,29417.7,240.0
1783053300,29417.3,29425.1,29408.4,29413.9,233.0
1783053360,29414.1,29414.1,29400.6,29403.2,227.0
1783053420,29403.1,29408.2,29400.4,29406.7,225.0
1783053480,29407.2,29412.2,29398.4,29402.7,206.0
1783053540,29402.9,29416.1,29401.9,29414.2,166.0
1783053600,29414.2,29425.1,29412.8,29425.1,193.0
1783053660,29424.9,29434.2,29423.3,29426.2,208.0
1783053720,29426.6,29428.6,29413.6,29414.1,189.0
1783053780,29414.1,29424.2,29413.2,29424.2,196.0
1783053840,29424.1,29428.3,29421.9,29425.8,194.0
1783053900,29425.9,29428.7,29410.6,29416.4,224.0
1783053960,29417.3,29425.9,29416.9,29418.9,217.0
1783054020,29418.8,29426.9,29417.6,29425.2,207.0
1783054080,29425.6,29438.6,29424.1,29437.2,228.0
1783054140,29437.3,29441.2,29434.7,29436.7,231.0
1783054200,29436.7,29439.3,29429.8,29439.3,225.0
1783054260,29439.2,29440.2,29422.3,29423.6,199.0
1783054320,29423.4,29440.1,29418.4,29440.1,217.0
1783054380,29440.1,29444.6,29436.6,29443.1,179.0
1783054440,29442.3,29446.1,29439.1,29446.1,178.0
1783054500,29446.2,29449.3,29443.2,29445.1,181.0
1783054560,29444.9,29448.6,29439.8,29448.4,200.0
1783054620,29448.2,29449.3,29441.6,29446.3,168.0
1783054680,29446.4,29448.3,29433.6,29435.1,164.0
1783054740,29435.1,29438.7,29429.6,29432.8,175.0
1783054800,29433.4,29440.6,29433.1,29436.6,201.0
1783054860,29436.9,29443.8,29432.3,29443.8,181.0
1783054920,29443.8,29444.2,29436.9,29439.7,171.0
1783054980,29439.7,29442.7,29435.4,29441.9,172.0
1783055040,29443.3,29446.7,29437.6,29439.3,168.0
1783055100,29438.9,29453.4,29436.4,29444.8,190.0
1783055160,29444.9,29454.9,29443.3,29449.3,181.0
1783055220,29449.2,29455.9,29449.2,29452.8,159.0
1783055280,29452.1,29462.4,29451.1,29461.3,149.0
1783055340,29461.3,29467.1,29459.9,29465.3,186.0
1783055400,29465.3,29467.3,29448.8,29449.2,200.0
1783055460,29450.3,29454.9,29447.1,29448.6,217.0
1783055520,29449.2,29452.3,29442.3,29442.3,204.0
1783055580,29442.2,29447.9,29440.3,29444.3,188.0
1783055640,29443.9,29447.6,29442.6,29445.1,177.0
1783055700,29445.9,29449.6,29444.7,29447.6,170.0
1783055760,29447.4,29457.1,29445.2,29454.7,181.0
1783055820,29454.8,29463.7,29449.7,29462.9,190.0
1783055880,29463.1,29463.8,29458.1,29462.6,168.0
1783055940,29462.9,29463.6,29453.4,29455.4,176.0
1783056000,29455.2,29468.8,29454.2,29468.1,174.0
1783056060,29468.1,29468.1,29463.1,29466.4,146.0
1783056120,29466.6,29467.9,29464.1,29466.3,172.0
1783056180,29466.4,29470.2,29466.4,29468.6,115.0
1783056240,29468.3,29469.7,29465.4,29469.3,129.0
1783056300,29469.2,29479.2,29468.8,29476.7,155.0
1783056360,29475.9,29477.7,29471.7,29475.4,174.0
1783056420,29474.3,29475.1,29470.3,29474.2,152.0
1783056480,29474.2,29480.3,29474.2,29478.2,163.0
1783056540,29477.2,29481.8,29476.9,29479.8,159.0
1783056600,29481.3,29483.3,29469.1,29471.6,172.0
1783056660,29471.2,29476.9,29471.2,29476.1,155.0
1783056720,29476.1,29476.7,29467.6,29470.2,134.0
1783056780,29470.2,29479.1,29470.1,29473.3,134.0
1783056840,29473.2,29477.1,29472.1,29472.9,136.0
1783056900,29473.1,29473.1,29463.2,29464.4,175.0
1783056960,29464.6,29469.8,29462.6,29463.4,187.0
1783057020,29463.7,29463.7,29458.6,29459.9,160.0
1783057080,29460.1,29468.4,29459.7,29468.3,144.0
1783057140,29468.3,29472.4,29458.7,29462.8,154.0
1783057200,29463.1,29466.8,29460.6,29460.8,142.0
1783057260,29461.4,29465.3,29460.2,29463.7,115.0
1783057320,29463.9,29465.8,29458.6,29459.8,160.0
1783057380,29459.9,29465.2,29457.2,29459.9,143.0
1783057440,29459.9,29475.4,29459.4,29475.1,155.0
1783057500,29475.1,29484.7,29474.8,29480.6,149.0
1783057560,29480.6,29484.3,29477.2,29481.1,124.0
1783057620,29481.1,29491.3,29480.3,29490.4,124.0
1783057680,29490.3,29490.7,29483.1,29485.3,148.0
1783057740,29485.3,29492.1,29484.9,29491.4,122.0
1783057800,29491.4,29493.9,29483.7,29483.8,162.0
1783057860,29483.9,29492.2,29483.9,29491.8,127.0
1783057920,29491.8,29494.6,29490.7,29492.8,133.0
1783057980,29492.9,29498.2,29491.7,29498.2,132.0
1783058040,29498.2,29499.1,29488.6,29493.4,125.0
1783058100,29493.4,29497.1,29492.9,29495.2,124.0
1783058160,29495.4,29497.4,29487.8,29496.3,131.0
1783058220,29495.4,29498.6,29494.2,29498.6,114.0
1783058280,29498.6,29506.1,29498.3,29502.2,131.0
1783058340,29502.2,29504.4,29499.6,29501.1,125.0
1783058400,29501.1,29501.1,29493.1,29493.2,175.0
1783058460,29492.8,29499.4,29490.2,29498.3,180.0
1783058520,29497.9,29501.1,29494.2,29498.8,137.0
1783058580,29498.8,29501.9,29496.7,29501.6,133.0
1783058640,29501.4,29501.4,29497.9,29498.4,90.0
1783058700,29498.4,29500.7,29492.8,29500.7,143.0
1783058760,29500.7,29505.2,29493.1,29493.9,162.0
1783058820,29494.1,29494.4,29487.3,29489.3,169.0
1783058880,29489.3,29493.3,29487.2,29491.7,159.0
1783058940,29491.4,29495.3,29488.7,29493.6,175.0
1783059000,29493.4,29494.2,29485.3,29486.1,144.0
1783059060,29486.1,29491.1,29485.8,29487.2,156.0
1783059120,29487.3,29489.1,29484.9,29485.6,153.0
1783059180,29485.6,29492.3,29481.7,29490.4,170.0
1783059240,29490.4,29496.7,29489.9,29496.4,136.0
1783059300,29496.4,29505.3,29496.2,29503.3,151.0
1783059360,29503.3,29507.1,29502.4,29503.6,131.0
1783059420,29503.6,29505.4,29500.3,29505.1,138.0
1783059480,29505.3,29505.6,29500.9,29501.9,132.0
1783059540,29501.9,29504.1,29498.4,29502.3,90.0
1783059600,29502.3,29507.7,29501.4,29507.2,117.0
1783059660,29507.3,29507.8,29503.4,29504.1,120.0
1783059720,29503.9,29506.7,29503.4,29506.3,90.0
1783059780,29506.3,29507.9,29498.3,29498.7,120.0
1783059840,29498.7,29500.6,29496.3,29497.2,109.0
1783059900,29497.2,29501.2,29495.2,29496.2,130.0
1783059960,29496.2,29500.8,29493.1,29500.7,119.0
1783060020,29500.7,29505.3,29498.8,29504.2,104.0
1783060080,29504.2,29506.7,29502.4,29505.7,114.0
1783060140,29505.3,29512.4,29504.8,29511.3,158.0
1783060200,29510.9,29522.9,29510.3,29521.2,209.0
1783060260,29520.4,29525.6,29516.9,29516.9,184.0
1783060320,29516.9,29517.3,29510.2,29514.4,176.0
1783060380,29514.3,29515.7,29510.2,29510.7,171.0
1783060440,29510.4,29513.4,29503.8,29505.8,152.0
1783060500,29506.1,29511.1,29498.4,29499.6,162.0
1783060560,29499.7,29502.4,29496.7,29497.7,170.0
1783060620,29497.2,29500.7,29487.7,29489.4,181.0
1783060680,29488.9,29495.4,29486.9,29494.9,183.0
1783060740,29494.8,29495.1,29487.3,29487.9,163.0
1783060800,29487.9,29489.6,29482.7,29483.1,166.0
1783060860,29483.7,29488.4,29482.3,29482.4,155.0
1783060920,29482.4,29488.1,29481.7,29484.7,159.0
1783060980,29484.7,29485.4,29475.1,29475.3,168.0
1783061040,29476.3,29478.9,29471.6,29473.7,175.0
1783061100,29474.4,29477.9,29468.9,29475.1,200.0
1783061160,29476.7,29492.3,29475.7,29491.4,200.0
1783061220,29491.2,29494.9,29490.6,29494.9,171.0
1783061280,29495.1,29496.8,29493.1,29494.8,149.0
1783061340,29494.9,29502.4,29489.4,29501.4,161.0
1783061400,29501.4,29503.4,29495.9,29497.1,163.0
1783061460,29496.9,29504.3,29496.4,29503.8,169.0
1783061520,29503.8,29505.3,29502.6,29502.8,146.0
1783061580,29503.1,29503.3,29494.1,29496.1,145.0
1783061640,29495.8,29499.1,29492.7,29495.9,142.0
1783061700,29495.7,29503.7,29495.6,29503.4,129.0
1783061760,29503.2,29509.9,29502.8,29509.2,148.0
1783061820,29509.3,29517.1,29507.4,29515.7,150.0
1783061880,29515.7,29519.7,29512.6,29518.3,157.0
1783061940,29518.2,29520.4,29515.9,29518.8,133.0
1783062000,29518.8,29522.3,29513.9,29517.4,171.0
1783062060,29517.6,29523.2,29516.7,29520.9,164.0
1783062120,29520.8,29526.8,29518.2,29525.9,137.0
1783062180,29526.1,29527.7,29521.6,29526.6,164.0
1783062240,29526.4,29527.6,29520.8,29523.8,158.0
1783062300,29523.6,29526.3,29521.3,29526.3,129.0
1783062360,29525.7,29527.6,29523.1,29526.1,132.0
1783062420,29526.1,29527.3,29524.6,29524.9,141.0
1783062480,29524.8,29526.1,29520.6,29524.8,136.0
1783062540,29525.2,29527.7,29522.2,29527.4,152.0
1783062600,29527.6,29527.6,29519.9,29524.1,168.0
1783062660,29524.1,29531.1,29522.9,29529.8,155.0
1783062720,29530.3,29530.8,29527.3,29529.4,124.0
1783062780,29529.6,29531.9,29528.4,29530.8,119.0
1783062840,29530.8,29536.9,29530.8,29536.1,116.0
1783062900,29535.9,29537.1,29533.2,29536.3,150.0
1783062960,29535.8,29538.1,29533.2,29536.3,122.0
1783063020,29536.6,29538.4,29535.9,29537.2,141.0
1783063080,29537.4,29541.4,29537.2,29538.6,136.0
1783063140,29538.6,29542.4,29538.3,29542.2,127.0
1783063200,29541.1,29543.4,29537.9,29540.2,125.0
1783063260,29540.1,29544.2,29539.4,29543.9,125.0
1783063320,29543.9,29543.9,29539.6,29542.9,146.0
1783063380,29543.2,29544.3,29542.7,29543.6,128.0
1783063440,29543.6,29547.1,29542.9,29545.9,115.0
1783063500,29545.9,29546.3,29542.4,29542.4,157.0
1783063560,29542.4,29547.1,29541.7,29547.1,122.0
1783063620,29547.9,29552.6,29547.2,29549.7,133.0
1783063680,29549.7,29554.4,29548.1,29551.2,147.0
1783063740,29551.2,29554.6,29547.7,29554.2,141.0
1783063800,29554.2,29554.9,29548.2,29548.6,167.0
1783063860,29548.4,29558.1,29546.9,29554.9,171.0
1783063920,29554.9,29556.4,29553.7,29555.1,152.0
1783063980,29555.2,29555.9,29549.3,29550.6,149.0
1783064040,29550.6,29552.6,29542.2,29543.1,154.0
1783064100,29542.8,29543.4,29538.1,29543.4,152.0
1783064160,29544.1,29557.2,29543.8,29557.2,148.0
1783064220,29557.3,29557.3,29545.8,29545.8,126.0
1783064280,29545.6,29552.9,29544.3,29552.9,148.0
1783064340,29553.1,29557.8,29552.4,29557.2,126.0
1783064400,29557.2,29561.8,29555.7,29555.8,144.0
1783064460,29555.7,29558.1,29553.6,29557.1,132.0
1783064520,29557.1,29562.9,29556.9,29562.7,150.0
1783064580,29561.3,29564.6,29558.6,29559.8,143.0
1783064640,29559.8,29559.8,29557.2,29558.2,129.0
1783064700,29558.7,29561.7,29558.4,29559.4,133.0
1783064760,29559.4,29561.2,29555.2,29558.6,130.0
1783064820,29558.6,29559.8,29550.4,29552.3,166.0
1783064880,29551.8,29552.3,29549.1,29551.4,157.0
1783064940,29551.4,29556.1,29546.8,29547.1,153.0
1783065000,29546.4,29550.1,29542.9,29550.1,200.0
1783065060,29549.9,29558.6,29549.6,29558.1,143.0
1783065120,29558.1,29566.7,29557.8,29563.9,136.0
1783065180,29563.9,29570.9,29556.4,29560.8,167.0
1783065240,29560.8,29563.7,29560.1,29562.3,118.0
1783065300,29562.3,29563.3,29554.3,29557.8,147.0
1783065360,29557.8,29562.2,29556.3,29558.3,146.0
1783065420,29558.3,29558.3,29553.4,29556.7,147.0
1783065480,29556.7,29559.6,29556.4,29558.2,130.0
1783065540,29558.2,29558.9,29553.7,29553.7,122.0
1783065600,29553.6,29562.7,29549.6,29562.7,146.0
1783065660,29562.7,29564.2,29549.6,29551.2,186.0
1783065720,29551.2,29555.1,29542.7,29542.7,172.0
1783065780,29543.1,29579.7,29541.7,29577.1,186.0
1783065840,29575.4,29582.6,29566.8,29572.8,181.0
1783065900,29572.8,29572.8,29565.6,29568.6,168.0
1783065960,29568.6,29575.4,29568.2,29572.1,154.0
1783066020,29572.1,29573.4,29567.9,29573.4,147.0
1783066080,29573.4,29574.7,29567.1,29567.1,155.0
1783066140,29567.1,29568.4,29562.7,29566.2,150.0
1783066200,29566.2,29581.7,29565.9,29574.9,160.0
1783066260,29574.6,29580.3,29568.3,29575.1,131.0
1783066320,29574.9,29578.3,29569.4,29577.3,151.0
1783066380,29577.3,29578.6,29570.1,29573.8,152.0
1783066440,29574.6,29577.4,29572.1,29573.7,148.0
1783066500,29573.8,29575.8,29567.1,29575.4,155.0
1783066560,29575.4,29577.1,29571.7,29576.6,158.0
1783066620,29576.4,29576.6,29572.6,29572.8,104.0
1783066680,29572.7,29576.3,29572.1,29573.8,123.0
1783066740,29572.9,29575.6,29570.9,29573.6,136.0
1783066800,29573.6,29573.6,29562.9,29565.6,130.0
1783066860,29565.6,29565.6,29560.1,29561.9,161.0
1783066920,29562.1,29563.6,29551.1,29552.2,126.0
1783066980,29552.2,29557.3,29545.6,29550.7,169.0
1783067040,29550.8,29556.9,29550.4,29556.3,156.0
1783067100,29556.3,29559.2,29551.9,29555.7,169.0
1783067160,29555.7,29575.1,29555.3,29571.9,176.0
1783067220,29572.1,29576.4,29564.7,29565.2,151.0
1783067280,29564.9,29566.9,29558.1,29562.6,134.0
1783067340,29562.7,29563.7,29558.4,29561.2,132.0
1783067400,29560.2,29570.2,29555.3,29569.3,186.0
1783067460,29569.3,29580.8,29568.8,29575.9,156.0
1783067520,29576.2,29578.3,29571.8,29576.8,137.0
1783067580,29576.6,29583.8,29574.6,29575.8,140.0
1783067640,29575.6,29580.3,29575.1,29579.1,168.0
1783067700,29578.9,29583.6,29576.2,29578.2,156.0
1783067760,29578.2,29579.6,29576.1,29577.3,163.0
1783067820,29577.3,29591.3,29571.9,29590.4,139.0
1783067880,29590.4,29590.4,29581.6,29582.7,143.0
1783067940,29582.7,29583.8,29578.6,29581.8,116.0
1783068000,29581.6,29584.9,29581.4,29581.9,144.0
1783068060,29583.2,29583.3,29577.4,29580.6,167.0
1783068120,29580.6,29580.6,29569.2,29578.3,161.0
1783068180,29578.4,29578.6,29569.7,29572.8,164.0
1783068240,29573.2,29573.2,29569.8,29571.3,159.0
1783068300,29571.3,29577.6,29569.8,29570.3,157.0
1783068360,29569.7,29571.6,29566.8,29568.4,151.0
1783068420,29568.6,29568.8,29561.4,29561.6,130.0
1783068480,29562.2,29568.7,29559.8,29563.2,155.0
1783068540,29563.3,29564.9,29560.9,29564.9,149.0
1783068600,29564.9,29574.4,29564.7,29565.3,185.0
1783068660,29565.4,29565.4,29559.6,29564.9,151.0
1783068720,29564.9,29566.2,29561.7,29564.2,128.0
1783068780,29564.2,29568.7,29562.7,29564.6,119.0
1783068840,29564.6,29566.3,29561.7,29563.7,132.0
1783068900,29562.7,29566.9,29558.9,29565.3,125.0
1783068960,29565.7,29575.8,29565.3,29573.7,99.0
1783069020,29573.7,29575.3,29571.3,29573.3,125.0
1783069080,29573.4,29579.6,29571.7,29575.6,114.0
1783069140,29575.6,29576.9,29575.1,29575.8,126.0
1783069200,29575.8,29591.2,29573.8,29586.6,197.0
1783069260,29585.9,29587.9,29579.2,29585.7,159.0
1783069320,29585.7,29595.1,29584.7,29593.7,151.0
1783069380,29593.7,29610.2,29592.4,29608.3,212.0
1783069440,29608.4,29614.6,29608.2,29610.4,176.0
1783069500,29610.3,29627.0,29610.3,29624.8,186.0
1783069560,29624.9,29638.3,29624.9,29634.3,192.0
1783069620,29634.4,29635.2,29629.4,29632.3,174.0
1783069680,29632.3,29637.3,29631.5,29635.4,180.0
1783069740,29635.4,29638.0,29632.7,29633.9,180.0
1783069800,29633.7,29635.5,29628.4,29631.7,177.0
1783069860,29631.7,29635.5,29631.5,29633.8,137.0
1783069920,29633.8,29634.3,29627.0,29627.3,138.0
1783069980,29627.2,29628.2,29622.7,29627.2,153.0
1783070040,29627.2,29627.4,29621.5,29622.5,152.0
1783070100,29622.4,29628.5,29620.7,29625.5,165.0
1783070160,29625.5,29626.7,29617.8,29620.2,138.0
1783070220,29620.2,29622.0,29617.5,29620.3,144.0
1783070280,29620.3,29620.4,29615.7,29618.5,148.0
1783070340,29618.5,29622.8,29618.2,29622.8,135.0
1783070400,29623.0,29623.7,29613.0,29613.2,155.0
1783070460,29613.3,29616.2,29611.4,29612.5,116.0
1783070520,29612.4,29613.8,29606.4,29606.8,140.0
1783070580,29606.8,29607.2,29594.7,29606.3,156.0
1783070640,29606.3,29607.9,29597.2,29597.9,150.0
1783070700,29597.8,29606.3,29597.4,29605.5,146.0
1783070760,29605.7,29607.4,29602.2,29607.4,134.0
1783070820,29607.4,29610.5,29604.0,29607.5,139.0
1783070880,29607.5,29612.0,29607.2,29610.3,156.0
1783070940,29610.7,29619.5,29606.2,29619.3,156.0
1783071000,29618.5,29624.0,29612.8,29616.9,190.0
1783071060,29616.9,29619.2,29614.5,29615.7,132.0
1783071120,29615.5,29619.0,29613.9,29618.9,145.0
1783071180,29618.9,29620.0,29611.7,29617.5,146.0
1783071240,29617.7,29619.3,29610.2,29614.7,169.0
1783071300,29615.4,29621.0,29610.7,29614.0,139.0
1783071360,29614.0,29620.5,29613.8,29618.7,136.0
1783071420,29618.0,29619.4,29615.8,29619.4,135.0
1783071480,29619.4,29621.5,29617.7,29618.8,119.0
1783071540,29618.8,29619.0,29610.4,29611.0,123.0
1783071600,29610.9,29612.9,29602.8,29609.7,128.0
1783071660,29609.7,29613.4,29608.0,29612.2,131.0
1783071720,29612.2,29622.4,29611.5,29617.3,159.0
1783071780,29617.3,29617.5,29608.9,29609.4,120.0
1783071840,29609.5,29613.3,29606.5,29607.3,106.0
1783071900,29607.3,29608.0,29603.9,29605.3,79.0
1783071960,29605.7,29610.0,29602.5,29609.5,117.0
1783072020,29609.5,29609.9,29601.3,29603.7,82.0
1783072080,29603.4,29603.7,29592.8,29595.0,139.0
1783072140,29595.2,29598.4,29595.0,29597.0,113.0
1783072200,29597.4,29599.4,29594.5,29597.2,107.0
1783072260,29597.2,29597.5,29585.2,29586.7,137.0
1783072320,29587.3,29590.3,29586.7,29589.2,92.0
1783072380,29589.0,29590.4,29585.0,29587.4,112.0
1783072440,29587.4,29593.4,29587.4,29592.4,111.0
1783072500,29592.4,29593.4,29588.9,29593.2,91.0
1783072560,29593.2,29594.4,29589.8,29594.4,84.0
1783072620,29592.4,29595.7,29590.5,29592.4,86.0
1783072680,29592.4,29597.4,29591.7,29597.2,100.0
1783072740,29597.2,29597.2,29590.7,29591.9,79.0
1783072800,29591.3,29600.2,29588.7,29598.3,178.0
1783072860,29598.3,29602.9,29594.8,29599.9,170.0
1783072920,29599.9,29599.9,29591.8,29593.7,135.0
1783072980,29592.8,29595.8,29591.8,29594.2,134.0
1783073040,29594.2,29602.3,29592.5,29596.3,157.0
1783073100,29596.3,29596.3,29584.2,29584.5,162.0
1783073160,29584.5,29588.3,29580.3,29583.5,167.0
1783073220,29584.0,29594.3,29583.4,29594.3,132.0
1783073280,29594.3,29600.5,29594.3,29600.3,140.0
1783073340,29600.4,29604.5,29596.5,29600.0,138.0
1783073400,29599.9,29603.5,29586.9,29587.7,168.0
1783073460,29588.0,29588.0,29581.8,29584.4,159.0
1783073520,29585.5,29586.3,29578.9,29579.3,150.0
1783073580,29579.4,29582.3,29577.3,29582.2,146.0
1783073640,29582.2,29589.9,29582.2,29587.7,117.0
1783073700,29587.8,29592.0,29585.7,29591.5,147.0
1783073760,29591.5,29592.7,29587.7,29591.5,106.0
1783073820,29591.5,29598.4,29587.2,29590.3,141.0
1783073880,29591.2,29594.0,29590.0,29591.0,130.0
1783073940,29591.0,29596.2,29589.5,29595.3,129.0
1783074000,29595.4,29607.2,29595.4,29602.4,146.0
1783074060,29602.4,29603.4,29598.3,29598.8,127.0
1783074120,29599.0,29600.8,29594.5,29596.2,154.0
1783074180,29596.0,29604.5,29592.0,29604.4,158.0
1783074240,29604.4,29611.3,29604.0,29608.8,130.0
1783074300,29608.9,29615.2,29607.0,29614.9,144.0
1783074360,29614.9,29616.8,29613.2,29615.8,118.0
1783074420,29615.9,29618.3,29611.2,29611.9,109.0
1783074480,29611.9,29614.0,29608.3,29608.7,134.0
1783074540,29608.0,29611.7,29607.2,29611.3,124.0
1783074600,29610.9,29616.0,29610.9,29613.5,144.0
1783074660,29613.5,29613.7,29601.2,29601.3,148.0
1783074720,29601.3,29604.3,29595.3,29603.4,135.0
1783074780,29603.4,29606.9,29602.2,29606.4,137.0
1783074840,29606.5,29607.4,29602.4,29603.2,129.0
1783074900,29603.0,29619.7,29598.8,29615.7,152.0
1783074960,29615.5,29615.5,29611.2,29613.7,126.0
1783075020,29613.7,29615.9,29611.3,29615.2,109.0
1783075080,29615.3,29616.9,29611.4,29615.4,113.0
1783075140,29615.4,29615.4,29604.8,29604.9,136.0
1783075200,29604.9,29605.3,29598.5,29600.9,112.0
1783075260,29600.9,29600.9,29595.7,29595.9,106.0
1783075320,29595.8,29597.7,29592.2,29592.5,118.0
1783075380,29592.7,29597.9,29589.8,29595.2,118.0
1783075440,29595.2,29597.0,29588.0,29589.2,110.0
1783075500,29589.0,29591.8,29586.8,29589.0,130.0
1783075560,29589.0,29599.0,29589.0,29599.0,105.0
1783075620,29599.0,29605.2,29597.2,29603.3,128.0
1783075680,29603.3,29606.7,29602.9,29604.8,118.0
1783075740,29605.0,29605.7,29603.4,29604.7,89.0
1783075800,29604.5,29606.7,29601.4,29605.5,126.0
1783075860,29605.3,29607.4,29603.4,29605.7,109.0
1783075920,29606.2,29607.2,29600.3,29600.3,93.0
1783075980,29600.7,29604.5,29600.7,29602.9,105.0
1783076040,29602.9,29605.0,29602.4,29604.2,107.0
1783076100,29604.2,29605.5,29601.4,29604.5,122.0
1783076160,29604.5,29605.3,29600.8,29601.8,116.0
1783076220,29601.8,29609.0,29601.3,29606.7,128.0
1783076280,29606.7,29606.8,29598.4,29599.0,116.0
1783076340,29599.7,29599.7,29595.4,29595.8,127.0
1783076400,29595.7,29596.9,29586.8,29588.3,178.0
1783076460,29588.3,29591.9,29586.3,29591.5,159.0
1783076520,29591.5,29594.2,29584.8,29585.0,128.0
1783076580,29585.0,29594.7,29584.3,29593.2,135.0
1783076640,29593.3,29596.8,29589.5,29594.4,154.0
1783076700,29594.4,29604.8,29594.4,29601.3,128.0
1783076760,29601.0,29612.4,29600.9,29604.3,136.0
1783076820,29604.7,29604.7,29595.7,29600.3,128.0
1783076880,29600.2,29600.2,29584.3,29586.4,146.0
1783076940,29586.4,29590.4,29586.4,29590.0,100.0
1783077000,29589.9,29593.0,29588.7,29590.0,114.0
1783077060,29590.0,29594.8,29587.9,29592.8,117.0
1783077120,29593.0,29595.7,29591.7,29594.7,130.0
1783077180,29594.7,29595.7,29585.0,29587.8,125.0
1783077240,29588.2,29594.3,29588.2,29590.3,127.0
1783077300,29590.3,29593.2,29587.9,29589.5,139.0
1783077360,29588.8,29594.8,29588.8,29593.0,142.0
1783077420,29593.5,29596.2,29592.4,29594.2,127.0
1783077480,29594.2,29597.3,29593.4,29596.0,137.0
1783077540,29595.4,29603.3,29591.5,29601.2,144.0
1783077600,29601.2,29602.3,29596.8,29598.4,125.0
1783077660,29598.2,29600.9,29597.8,29599.3,102.0
1783077720,29599.3,29605.2,29592.7,29593.2,137.0
1783077780,29593.3,29593.4,29587.4,29590.0,142.0
1783077840,29590.0,29598.4,29589.5,29596.0,140.0
1783077900,29596.0,29600.5,29595.9,29599.9,145.0
1783077960,29599.8,29604.3,29598.5,29598.5,134.0
1783078020,29598.7,29598.8,29589.3,29591.3,131.0
1783078080,29591.3,29596.5,29589.8,29594.5,151.0
1783078140,29594.0,29601.2,29594.0,29596.8,181.0
1783078200,29596.0,29596.7,29587.3,29589.2,179.0
1783078260,29589.0,29597.0,29585.4,29595.0,131.0
1783078320,29595.2,29598.9,29592.4,29598.2,133.0
1783078380,29598.0,29600.2,29592.0,29594.9,115.0
1783078440,29595.3,29597.3,29592.0,29594.3,135.0
1783078500,29593.8,29604.5,29593.8,29604.5,163.0
1783078560,29604.4,29608.4,29604.4,29607.3,92.0
1783078620,29607.3,29611.2,29604.3,29609.7,95.0
1783078680,29609.7,29613.2,29608.5,29612.4,131.0
1783078740,29612.4,29617.3,29609.0,29616.3,131.0
1783078800,29616.3,29616.5,29609.4,29614.3,110.0
1783078860,29614.5,29619.4,29614.0,29618.7,110.0
1783078920,29617.8,29624.4,29616.8,29619.2,130.0
1783078980,29618.9,29621.8,29616.8,29618.0,122.0
1783079040,29617.9,29621.0,29615.7,29620.9,121.0
1783079100,29621.0,29621.3,29616.5,29616.7,103.0
1783079160,29616.7,29616.7,29601.4,29601.4,137.0
1783079220,29601.5,29605.4,29597.9,29602.9,142.0
1783079280,29602.9,29605.3,29594.2,29598.8,150.0
1783079340,29598.9,29599.8,29583.7,29583.8,135.0
1783079400,29583.8,29596.3,29583.2,29596.3,127.0
1783079460,29596.5,29597.0,29592.2,29594.3,145.0
1783079520,29594.3,29595.0,29588.9,29594.4,141.0
1783079580,29594.3,29597.5,29593.3,29594.8,130.0
1783079640,29594.8,29598.5,29592.0,29596.5,130.0
1783079700,29596.5,29599.9,29593.5,29599.8,138.0
1783079760,29599.3,29604.4,29598.5,29602.9,111.0
1783079820,29603.0,29604.3,29599.5,29603.9,110.0
1783079880,29603.9,29607.0,29597.2,29599.0,153.0
1783079940,29599.7,29600.5,29596.2,29600.4,144.0
1783080000,29600.4,29600.4,29592.5,29592.5,179.0
1783080060,29592.5,29592.5,29584.4,29585.4,162.0
1783080120,29585.5,29590.7,29582.5,29590.2,159.0
1783080180,29589.3,29592.2,29583.8,29592.0,161.0
1783080240,29591.9,29594.9,29586.8,29587.4,126.0
1783080300,29587.3,29593.4,29586.5,29589.5,138.0
1783080360,29589.0,29591.8,29580.8,29581.0,123.0
1783080420,29580.9,29591.0,29579.4,29590.9,153.0
1783080480,29591.0,29595.9,29588.5,29593.2,117.0
1783080540,29593.0,29594.2,29588.5,29590.3,120.0
1783080600,29590.2,29593.8,29588.8,29593.4,136.0
1783080660,29593.5,29604.2,29593.5,29604.0,146.0
1783080720,29603.3,29611.8,29601.2,29610.7,139.0
1783080780,29610.7,29624.2,29609.5,29622.4,147.0
1783080840,29622.0,29628.8,29619.5,29628.4,140.0
1783080900,29628.7,29634.8,29627.0,29629.9,147.0
1783080960,29629.5,29629.5,29618.3,29618.7,135.0
1783081020,29618.8,29634.4,29617.2,29633.8,125.0
1783081080,29633.8,29635.5,29631.3,29634.9,117.0
1783081140,29635.0,29635.9,29628.9,29631.0,143.0
1783081200,29631.2,29636.3,29630.5,29635.2,114.0
1783081260,29635.4,29638.5,29632.2,29636.8,120.0
1783081320,29636.7,29637.7,29628.7,29630.8,156.0
1783081380,29630.3,29636.9,29630.3,29636.5,113.0
1783081440,29636.9,29641.3,29636.2,29639.7,114.0
1783081500,29638.9,29641.4,29634.9,29640.3,131.0
1783081560,29640.2,29643.3,29633.5,29635.5,134.0
1783081620,29635.5,29635.5,29626.8,29633.5,145.0
1783081680,29632.9,29641.9,29632.9,29641.9,134.0
1783081740,29641.9,29641.9,29635.2,29638.8,110.0
1783081800,29637.9,29639.7,29635.7,29637.9,125.0
1783081860,29637.9,29643.2,29636.4,29642.9,110.0
1783081920,29642.9,29648.0,29642.7,29643.7,143.0
1783081980,29643.4,29643.7,29633.4,29635.7,126.0
1783082040,29635.8,29635.8,29627.7,29628.8,110.0
1783082100,29628.8,29631.4,29624.4,29627.8,120.0
1783082160,29627.9,29634.7,29627.7,29634.0,119.0
1783082220,29634.2,29635.0,29629.4,29630.7,111.0
1783082280,29630.5,29630.5,29623.2,29624.2,105.0
1783082340,29624.2,29626.8,29622.8,29624.5,110.0
1783082400,29624.4,29627.8,29621.3,29626.7,123.0
1783082460,29626.7,29628.5,29625.4,29627.7,117.0
1783082520,29628.0,29628.4,29624.9,29625.3,76.0
1783082580,29625.2,29640.3,29624.5,29639.2,110.0
1783082640,29639.4,29650.0,29639.4,29646.9,122.0
1783082700,29646.7,29648.3,29642.4,29646.8,122.0
1783082760,29646.8,29648.9,29645.0,29647.5,104.0
1783082820,29647.4,29650.2,29643.8,29645.2,88.0
1783082880,29645.0,29645.3,29635.3,29635.4,113.0
1783082940,29635.4,29635.4,29625.9,29630.5,100.0
1783083000,29631.7,29634.4,29626.9,29628.8,134.0
1783083060,29628.5,29629.4,29624.0,29625.9,131.0
1783083120,29625.9,29627.4,29623.3,29626.4,113.0
1783083180,29626.2,29626.7,29621.5,29622.2,98.0
1783083240,29622.5,29625.5,29621.9,29625.2,119.0
1783083300,29625.2,29625.8,29622.8,29623.0,108.0
1783083360,29623.0,29629.4,29619.9,29620.9,153.0
1783083420,29620.8,29625.3,29620.8,29622.5,116.0
1783083480,29622.2,29623.5,29619.0,29621.8,139.0
1783083540,29621.5,29626.2,29620.5,29622.2,125.0
1783083600,29622.0,29622.0,29614.0,29616.2,130.0
1783083660,29616.5,29618.8,29614.7,29618.0,117.0
1783083720,29618.4,29619.4,29610.5,29613.3,119.0
1783083780,29613.8,29617.8,29611.9,29617.7,79.0
1783083840,29617.5,29623.2,29617.3,29622.9,85.0
1783083900,29622.8,29624.8,29620.9,29624.8,107.0
1783083960,29624.8,29625.7,29622.5,29622.5,65.0
1783084020,29623.4,29624.5,29621.0,29622.4,86.0
1783084080,29622.4,29627.5,29621.5,29625.0,116.0
1783084140,29625.0,29626.0,29620.0,29625.2,105.0
1783084200,29625.3,29631.0,29622.3,29630.0,90.0
1783084260,29630.0,29631.9,29629.3,29631.7,96.0
1783084320,29632.0,29633.2,29628.9,29632.7,78.0
1783084380,29632.8,29634.2,29630.7,29632.5,73.0
1783084440,29632.4,29632.4,29627.8,29629.4,81.0
1783084500,29629.5,29631.2,29627.2,29628.5,81.0
1783084560,29627.4,29628.5,29623.4,29623.5,96.0
1783084620,29623.5,29623.5,29620.0,29622.2,92.0
1783084680,29622.3,29624.2,29621.5,29623.5,97.0
1783084740,29623.5,29625.5,29621.9,29624.5,79.0
1783084800,29624.5,29624.5,29620.7,29621.9,76.0
1783084860,29621.9,29629.9,29621.5,29628.5,119.0
1783084920,29628.5,29629.3,29627.7,29628.4,87.0
1783084980,29628.4,29630.7,29626.8,29627.2,99.0
1783085040,29626.9,29626.9,29616.0,29623.5,108.0
1783085100,29623.7,29623.9,29621.0,29621.9,85.0
1783085160,29621.9,29622.9,29619.8,29622.9,78.0
1783085220,29622.7,29631.0,29622.7,29628.8,116.0
1783085280,29628.7,29629.4,29626.9,29627.3,65.0
1783085340,29627.4,29627.8,29626.0,29626.5,47.0
1783085400,29626.5,29630.4,29626.5,29628.2,87.0
1783085460,29628.4,29630.5,29628.3,29629.4,75.0
1783085520,29629.4,29630.4,29626.9,29629.9,95.0
1783085580,29629.9,29634.7,29624.8,29633.5,121.0
1783085640,29633.5,29633.5,29629.7,29631.4,90.0
1783085700,29631.4,29634.4,29629.2,29633.0,98.0
1783085760,29632.5,29633.7,29622.7,29623.2,124.0
1783085820,29623.2,29624.4,29618.8,29623.4,114.0
1783085880,29623.4,29623.5,29616.3,29620.2,106.0
1783085940,29620.2,29621.0,29616.8,29617.3,99.0
1783086000,29617.4,29629.4,29617.3,29619.8,116.0
1783086060,29619.7,29623.4,29618.3,29621.9,103.0
1783086120,29621.8,29625.2,29618.3,29625.2,75.0
1783086180,29625.3,29633.0,29624.4,29631.4,121.0
1783086240,29631.4,29643.2,29631.4,29643.2,107.0
1783086300,29643.3,29644.7,29641.8,29642.4,118.0
1783086360,29642.0,29643.2,29638.9,29639.7,107.0
1783086420,29639.7,29640.2,29630.2,29632.3,91.0
1783086480,29632.3,29634.9,29631.4,29633.5,68.0
1783086540,29633.5,29637.0,29632.9,29636.7,83.0
1783086600,29636.7,29638.7,29634.4,29635.2,96.0
1783086660,29635.4,29638.5,29634.7,29638.4,92.0
1783086720,29638.5,29638.5,29634.8,29636.7,82.0
1783086780,29637.2,29639.3,29635.4,29636.2,73.0
1783086840,29636.2,29639.3,29636.0,29638.2,66.0
1783086900,29638.2,29638.3,29635.2,29636.7,70.0
1783086960,29636.7,29639.7,29636.7,29639.2,86.0
1783087020,29639.2,29640.2,29636.7,29637.7,106.0
1783087080,29637.5,29637.9,29631.4,29632.4,82.0
1783087140,29632.4,29634.7,29630.8,29631.4,68.0
1783087200,29631.5,29633.0,29619.5,29620.8,163.0
1783087260,29621.0,29625.3,29619.9,29624.9,125.0
1783087320,29624.8,29626.4,29623.5,29625.2,104.0
1783087380,29625.2,29627.8,29623.2,29627.2,114.0
1783087440,29627.2,29629.8,29626.3,29629.0,111.0
1783087500,29629.2,29629.2,29622.0,29622.9,95.0
1783087560,29622.9,29628.7,29622.9,29625.4,115.0
1783087620,29625.4,29625.8,29622.8,29622.9,105.0
1783087680,29623.0,29627.8,29622.2,29624.3,101.0
1783087740,29624.3,29627.8,29624.3,29627.8,93.0
1783087800,29627.7,29629.5,29625.2,29625.4,118.0
1783087860,29625.5,29630.7,29624.2,29628.9,118.0
1783087920,29628.9,29634.3,29627.8,29633.8,115.0
1783087980,29633.8,29640.4,29633.8,29640.4,97.0
1783088040,29640.4,29641.2,29635.7,29637.2,94.0
1783088100,29637.2,29639.9,29633.4,29634.4,116.0
1783088160,29634.3,29639.2,29634.2,29637.9,90.0
1783088220,29637.9,29640.4,29637.5,29640.2,82.0
1783088280,29640.3,29640.3,29632.7,29634.5,115.0
1783088340,29634.5,29636.5,29630.8,29631.9,82.0
1783088400,29632.0,29634.0,29631.0,29632.7,106.0
1783088460,29632.8,29634.4,29630.4,29631.0,87.0
1783088520,29631.0,29634.0,29629.8,29634.0,67.0
1783088580,29634.0,29635.2,29632.3,29633.2,93.0
1783088640,29633.2,29635.9,29632.3,29633.3,93.0
1783088700,29633.2,29634.3,29629.8,29632.9,64.0
1783088760,29632.7,29632.7,29626.7,29626.8,88.0
1783088820,29626.8,29627.4,29622.0,29623.4,85.0
1783088880,29623.4,29625.5,29619.8,29619.9,119.0
1783088940,29620.2,29625.0,29617.4,29624.9,112.0
1783089000,29625.0,29627.7,29623.2,29623.2,122.0
1783089060,29624.9,29628.3,29624.0,29625.0,102.0
1783089120,29625.0,29634.3,29623.8,29634.3,111.0
1783089180,29634.2,29640.0,29634.2,29639.7,118.0
1783089240,29639.7,29640.4,29635.9,29639.5,99.0
1783089300,29639.4,29639.5,29634.7,29636.5,98.0
1783089360,29637.5,29639.9,29636.4,29639.0,102.0
1783089420,29639.0,29639.0,29635.0,29635.2,66.0
1783089480,29635.0,29636.0,29633.5,29633.5,54.0
1783089540,29633.5,29635.5,29630.9,29631.0,87.0
1783089600,29631.2,29634.0,29630.4,29634.0,82.0
1783089660,29633.8,29638.3,29633.5,29634.5,92.0
1783089720,29634.5,29634.5,29627.2,29627.5,96.0
1783089780,29627.8,29630.0,29627.7,29629.0,81.0
1783089840,29629.0,29630.2,29622.9,29626.5,105.0
1783089900,29626.5,29630.2,29625.2,29626.9,83.0
1783089960,29627.0,29629.0,29624.8,29629.0,86.0
1783090020,29629.0,29634.8,29628.5,29631.0,92.0
1783090080,29630.8,29632.9,29627.3,29627.5,75.0
1783090140,29627.7,29631.5,29626.5,29629.2,106.0
1783090200,29629.0,29634.8,29628.0,29634.5,111.0
1783090260,29634.5,29635.7,29633.0,29633.7,90.0
1783090320,29633.7,29636.0,29633.2,29635.7,62.0
1783090380,29635.7,29636.8,29634.8,29636.5,78.0
1783090440,29636.7,29645.9,29636.0,29645.3,89.0
1783090500,29645.2,29655.4,29643.9,29654.0,128.0
1783090560,29654.0,29659.0,29653.2,29653.4,130.0
1783090620,29653.7,29655.2,29647.2,29648.0,119.0
1783090680,29647.8,29650.2,29643.7,29644.5,99.0
1783090740,29644.4,29651.8,29643.5,29651.8,82.0
1783090800,29651.9,29668.9,29651.9,29665.9,184.0
1783090860,29665.9,29669.0,29665.0,29668.7,132.0
1783090920,29668.8,29669.3,29664.3,29667.0,139.0
1783090980,29666.9,29667.4,29661.4,29664.0,113.0
1783091040,29664.0,29666.3,29659.4,29662.0,118.0
1783091100,29661.9,29665.8,29658.4,29660.5,114.0
1783091160,29660.5,29670.7,29658.5,29669.7,155.0
1783091220,29670.0,29673.5,29663.5,29664.3,123.0
1783091280,29664.3,29666.7,29662.9,29666.2,117.0
1783091340,29666.0,29668.7,29658.3,29660.9,112.0
1783091400,29660.9,29661.3,29657.2,29659.0,119.0
1783091460,29659.2,29659.2,29651.3,29651.4,131.0
1783091520,29651.0,29653.0,29632.4,29633.2,166.0
1783091580,29633.2,29647.5,29632.4,29641.7,147.0
1783091640,29641.8,29643.7,29637.4,29637.9,118.0
1783091700,29637.9,29641.3,29632.7,29638.4,154.0
1783091760,29638.4,29643.7,29638.4,29643.7,109.0
1783091820,29643.4,29646.5,29642.0,29646.0,102.0
1783091880,29646.2,29646.7,29635.8,29636.9,100.0
1783091940,29636.9,29638.8,29627.2,29629.3,91.0
1783092000,29629.3,29634.4,29627.8,29629.3,147.0
1783092060,29629.2,29633.3,29629.2,29631.5,116.0
1783092120,29631.5,29633.2,29629.8,29631.5,112.0
1783092180,29631.5,29636.8,29631.0,29635.4,118.0
1783092240,29635.7,29635.8,29632.4,29633.9,102.0
1783092300,29633.9,29637.7,29632.2,29634.5,104.0
1783092360,29634.7,29636.5,29632.7,29632.8,93.0
1783092420,29632.8,29635.3,29628.9,29634.8,91.0
1783092480,29634.7,29636.3,29633.2,29633.5,85.0
1783092540,29633.5,29636.3,29632.8,29636.3,101.0
1783092600,29635.5,29638.5,29635.0,29637.3,107.0
1783092660,29636.9,29639.2,29634.7,29635.8,110.0
1783092720,29635.9,29641.5,29634.9,29635.3,107.0
1783092780,29635.3,29641.0,29631.5,29640.5,112.0
1783092840,29640.5,29641.2,29637.0,29637.4,103.0
1783092900,29637.5,29637.5,29629.2,29634.8,103.0
1783092960,29634.8,29641.0,29634.5,29639.7,111.0
1783093020,29639.7,29645.4,29638.7,29645.4,86.0
1783093080,29645.4,29645.4,29639.5,29639.9,100.0
1783093140,29640.0,29643.0,29637.0,29642.9,112.0
1783093200,29642.9,29645.3,29640.5,29641.0,117.0
1783093260,29641.0,29642.8,29636.4,29642.5,124.0
1783093320,29642.8,29643.9,29639.4,29639.5,100.0
1783093380,29639.5,29639.5,29632.8,29634.2,139.0
1783093440,29634.3,29637.0,29634.3,29636.0,86.0
1783093500,29635.9,29642.4,29635.8,29641.2,109.0
1783093560,29641.2,29641.7,29639.4,29641.7,86.0
1783093620,29641.7,29644.2,29640.5,29643.9,89.0
1783093680,29643.9,29646.7,29642.0,29645.2,89.0
1783093740,29645.3,29647.8,29643.4,29645.2,88.0
1783093800,29645.2,29655.7,29645.2,29653.9,130.0
1783093860,29653.8,29653.8,29641.8,29644.0,134.0
1783093920,29644.2,29645.3,29641.3,29644.0,93.0
1783093980,29644.2,29645.7,29642.0,29643.0,91.0
1783094040,29643.0,29648.8,29643.0,29648.5,96.0
1783094100,29648.8,29653.9,29647.8,29652.0,115.0
1783094160,29651.9,29653.0,29650.0,29650.3,128.0
1783094220,29650.4,29654.0,29647.0,29652.8,119.0
1783094280,29652.8,29652.9,29648.3,29652.0,103.0
1783094340,29652.0,29653.4,29650.9,29653.3,97.0
1783094400,29653.4,29668.4,29653.4,29662.7,165.0
1783094460,29662.7,29668.4,29662.0,29664.3,137.0
1783094520,29664.7,29667.2,29661.7,29661.9,122.0
1783094580,29661.9,29663.2,29656.0,29662.2,127.0
1783094640,29662.3,29668.3,29659.8,29660.7,119.0
1783094700,29660.8,29663.3,29641.4,29643.5,150.0
1783094760,29643.5,29649.3,29642.0,29649.2,145.0
1783094820,29649.2,29654.3,29647.0,29652.9,133.0
1783094880,29652.3,29655.0,29651.3,29652.2,139.0
1783094940,29652.2,29653.9,29649.5,29652.5,136.0
1783095000,29652.5,29658.3,29652.5,29654.0,146.0
1783095060,29654.2,29654.2,29643.8,29645.4,151.0
1783095120,29645.4,29645.5,29641.8,29644.3,144.0
1783095180,29644.4,29644.4,29638.5,29642.4,126.0
1783095240,29642.3,29643.5,29637.3,29640.4,141.0
1783095300,29640.4,29646.0,29640.4,29643.8,135.0
1783095360,29643.7,29649.3,29643.4,29647.9,132.0
1783095420,29647.9,29652.5,29646.0,29646.3,104.0
1783095480,29646.3,29649.3,29640.3,29641.2,90.0
1783095540,29641.2,29655.4,29640.0,29654.5,141.0
1783095600,29654.7,29674.9,29654.7,29664.0,155.0
1783095660,29664.0,29666.3,29658.2,29660.2,137.0
1783095720,29660.2,29663.3,29658.9,29660.3,138.0
1783095780,29660.3,29662.7,29653.9,29661.8,141.0
1783095840,29662.0,29662.0,29657.9,29661.2,97.0
1783095900,29661.2,29662.2,29654.3,29657.0,164.0
1783095960,29657.2,29663.0,29656.8,29663.0,127.0
1783096020,29663.0,29668.5,29662.7,29668.3,108.0
1783096080,29668.3,29670.5,29665.8,29667.2,123.0
1783096140,29666.9,29671.5,29665.8,29671.5,142.0
1783096200,29672.4,29699.5,29672.4,29691.2,235.0
1783096260,29691.2,29704.8,29686.5,29698.8,217.0
1783096320,29698.8,29703.3,29696.5,29697.7,210.0
1783096380,29698.6,29706.2,29690.2,29702.2,203.0
1783096440,29703.4,29703.4,29677.4,29680.9,225.0
1783096500,29680.9,29689.9,29680.9,29686.7,192.0
1783096560,29682.8,29686.7,29678.7,29679.7,196.0
1783096620,29679.7,29680.4,29673.2,29673.7,198.0
1783096680,29673.9,29673.9,29660.2,29661.2,217.0
1783096740,29660.4,29665.7,29657.7,29664.1,216.0
1783096800,29665.3,29676.4,29663.4,29673.8,178.0
1783096860,29673.8,29675.2,29667.9,29669.2,193.0
1783096920,29669.3,29691.8,29663.8,29683.1,217.0
1783096980,29683.7,29689.1,29681.6,29686.1,173.0
1783097040,29685.4,29686.6,29678.8,29680.6,168.0
1783097100,29680.7,29695.2,29680.4,29690.1,211.0
1783097160,29690.3,29693.3,29688.6,29689.3,168.0
1783097220,29689.3,29690.3,29677.4,29679.7,183.0
1783097280,29679.7,29684.3,29666.8,29670.7,186.0
1783097340,29670.7,29672.1,29665.8,29669.7,196.0
1783097400,29670.2,29675.4,29668.2,29670.8,190.0
1783097460,29670.7,29685.3,29670.7,29684.3,176.0
1783097520,29684.2,29684.7,29674.7,29675.3,166.0
1783097580,29675.3,29679.7,29673.8,29678.8,173.0
1783097640,29678.9,29679.6,29664.4,29671.7,164.0
1783097700,29671.8,29673.2,29668.2,29671.6,153.0
1783097760,29671.4,29683.1,29671.3,29679.1,159.0
1783097820,29679.6,29686.7,29678.6,29684.7,163.0
1783097880,29684.7,29685.8,29677.8,29684.6,166.0
1783097940,29684.6,29690.6,29682.6,29690.6,153.0
1783098000,29690.7,29695.8,29687.2,29693.6,171.0
1783098060,29693.6,29697.1,29685.3,29689.2,189.0
1783098120,29689.2,29690.6,29685.3,29686.9,147.0
1783098180,29686.9,29687.3,29677.4,29678.4,116.0
1783098240,29678.6,29683.3,29676.4,29682.1,150.0
1783098300,29682.1,29685.9,29678.8,29684.6,180.0
1783098360,29684.6,29684.7,29673.7,29675.4,154.0
1783098420,29675.8,29676.4,29668.7,29668.9,173.0
1783098480,29668.8,29671.6,29664.6,29667.6,169.0
1783098540,29667.1,29669.1,29662.2,29668.9,154.0
1783098600,29668.3,29669.4,29661.9,29663.2,153.0
1783098660,29662.4,29662.4,29657.2,29659.1,168.0
1783098720,29659.1,29663.3,29652.9,29655.2,160.0
1783098780,29655.3,29657.4,29651.8,29653.7,161.0
1783098840,29653.8,29656.1,29650.3,29653.2,158.0
1783098900,29653.3,29657.4,29646.8,29651.4,179.0
1783098960,29650.7,29666.3,29650.3,29665.1,175.0
1783099020,29665.2,29674.7,29664.1,29671.9,168.0
1783099080,29671.7,29673.2,29661.8,29661.8,164.0
1783099140,29661.9,29662.1,29652.8,29656.4,151.0
1783099200,29656.4,29661.2,29650.3,29652.7,165.0
1783099260,29652.7,29655.2,29640.1,29646.2,186.0
1783099320,29646.6,29666.6,29645.4,29665.1,167.0
1783099380,29665.1,29671.1,29661.3,29661.6,155.0
1783099440,29661.7,29670.6,29660.6,29665.6,166.0
1783099500,29665.4,29671.4,29665.2,29671.1,131.0
1783099560,29671.4,29673.3,29668.3,29668.8,160.0
1783099620,29668.6,29671.2,29662.6,29663.3,149.0
1783099680,29663.3,29664.3,29660.2,29661.1,110.0
1783099740,29661.7,29663.7,29657.1,29658.3,129.0
1783099800,29658.2,29662.6,29651.3,29658.4,170.0
1783099860,29658.2,29663.7,29657.7,29660.9,143.0
1783099920,29661.1,29661.3,29656.9,29659.1,91.0
1783099980,29659.1,29662.7,29656.7,29662.3,139.0
1783100040,29662.3,29663.9,29657.2,29657.8,143.0
1783100100,29657.8,29660.6,29652.8,29657.9,166.0
1783100160,29658.7,29661.6,29658.4,29660.4,148.0
1783100220,29660.4,29660.4,29653.2,29654.1,127.0
1783100280,29653.9,29655.6,29651.3,29654.9,120.0
1783100340,29654.9,29657.8,29652.1,29656.8,130.0
1783100400,29656.8,29663.7,29656.7,29663.7,125.0
1783100460,29663.7,29663.9,29660.2,29662.9,142.0
1783100520,29662.8,29677.9,29661.7,29674.1,161.0
1783100580,29674.1,29674.8,29659.9,29659.9,134.0
1783100640,29658.4,29659.8,29653.3,29655.8,118.0
1783100700,29655.4,29660.7,29652.3,29659.8,157.0
1783100760,29659.8,29663.4,29657.8,29660.7,157.0
1783100820,29660.8,29668.9,29657.8,29668.6,154.0
1783100880,29668.8,29670.2,29659.7,29662.7,167.0
1783100940,29662.8,29664.1,29660.2,29663.3,130.0
1783101000,29663.4,29669.3,29659.4,29668.6,157.0
1783101060,29668.6,29671.7,29662.1,29664.3,135.0
1783101120,29664.2,29674.3,29662.8,29673.2,114.0
1783101180,29673.2,29673.7,29668.1,29669.4,173.0
1783101240,29669.4,29676.6,29668.3,29675.2,145.0
1783101300,29675.2,29679.7,29670.1,29670.3,166.0
1783101360,29670.4,29671.7,29665.4,29669.4,148.0
1783101420,29669.4,29672.2,29668.7,29671.4,114.0
1783101480,29671.7,29673.2,29669.7,29670.3,121.0
1783101540,29670.4,29674.7,29668.6,29669.8,132.0
1783101600,29669.9,29673.4,29661.8,29664.9,169.0
1783101660,29664.9,29666.6,29662.3,29665.1,142.0
1783101720,29664.9,29666.8,29662.2,29665.4,152.0
1783101780,29665.3,29666.7,29653.6,29659.6,143.0
1783101840,29659.6,29663.9,29657.9,29659.2,119.0
1783101900,29659.2,29661.9,29657.8,29660.2,104.0
1783101960,29660.4,29661.7,29656.9,29659.1,145.0
1783102020,29659.1,29663.8,29659.1,29662.8,103.0
1783102080,29662.9,29663.8,29661.2,29661.6,77.0
1783102140,29661.6,29661.7,29656.8,29658.2,107.0
1783102200,29658.2,29668.3,29657.7,29667.8,127.0
1783102260,29667.8,29669.3,29664.7,29668.7,134.0
1783102320,29668.7,29668.7,29662.9,29665.4,128.0
1783102380,29665.4,29665.7,29659.8,29659.8,133.0
1783102440,29659.9,29663.6,29659.9,29662.7,119.0
1783102500,29662.7,29665.7,29661.4,29663.8,128.0
1783102560,29663.7,29672.8,29663.7,29672.6,111.0
1783102620,29672.6,29675.9,29670.2,29670.2,138.0
1783102680,29670.8,29672.3,29667.2,29668.1,119.0
1783102740,29667.9,29672.3,29667.6,29672.3,79.0
1783102800,29672.2,29673.4,29664.6,29666.4,124.0
1783102860,29666.4,29668.7,29664.8,29667.7,110.0
1783102920,29667.7,29670.8,29662.7,29664.7,103.0
1783102980,29664.7,29666.1,29662.8,29662.9,130.0
1783103040,29662.9,29662.9,29657.4,29661.2,133.0
1783103100,29661.2,29662.8,29657.2,29662.7,173.0
1783103160,29662.7,29662.8,29653.6,29653.6,139.0
1783103220,29653.6,29653.8,29649.1,29652.6,125.0
1783103280,29652.1,29655.1,29650.3,29652.7,126.0
1783103340,29652.4,29655.4,29649.2,29650.1,145.0
1783103400,29649.8,29650.9,29638.4,29641.8,166.0
1783103460,29641.9,29647.6,29638.7,29647.4,157.0
1783103520,29647.9,29650.2,29645.8,29646.4,141.0
1783103580,29646.7,29652.2,29646.2,29648.9,135.0
1783103640,29648.9,29649.1,29642.4,29645.4,176.0
1783103700,29645.3,29649.3,29641.9,29648.7,185.0
1783103760,29648.7,29653.3,29648.6,29651.6,145.0
1783103820,29651.8,29654.9,29651.2,29651.9,132.0
1783103880,29651.9,29653.7,29649.3,29651.9,160.0
1783103940,29651.7,29652.2,29646.3,29646.7,121.0
1783104000,29646.7,29646.7,29642.2,29645.1,113.0
1783104060,29644.7,29649.3,29644.4,29644.6,96.0
1783104120,29644.7,29644.7,29639.7,29642.4,123.0
1783104180,29641.9,29647.2,29637.2,29647.2,135.0
1783104240,29647.1,29648.7,29643.8,29646.4,129.0
1783104300,29646.3,29648.9,29643.3,29645.9,132.0
1783104360,29646.1,29647.9,29643.4,29646.7,128.0
1783104420,29646.7,29658.6,29646.7,29657.9,123.0
1783104480,29658.2,29662.8,29657.9,29660.2,127.0
1783104540,29660.3,29662.4,29659.6,29659.7,95.0
1783104600,29659.7,29659.9,29657.1,29659.7,98.0
1783104660,29659.7,29662.6,29657.9,29662.4,102.0
1783104720,29662.3,29664.1,29658.9,29658.9,112.0
1783104780,29658.9,29660.8,29655.4,29658.9,124.0
1783104840,29658.9,29662.8,29658.4,29661.1,81.0
1783104900,29661.2,29662.4,29660.2,29661.2,111.0
1783104960,29661.2,29662.7,29660.8,29662.6,71.0
1783105020,29662.6,29662.6,29656.9,29657.1,78.0
1783105080,29656.9,29658.2,29655.7,29657.1,105.0
1783105140,29657.1,29658.7,29655.4,29657.6,103.0
1783105200,29657.6,29658.7,29650.6,29653.6,133.0
1783105260,29653.4,29657.7,29653.4,29657.1,114.0
1783105320,29657.1,29657.2,29652.4,29653.2,107.0
1783105380,29653.1,29655.1,29652.7,29653.7,75.0
1783105440,29653.7,29654.3,29651.6,29651.6,61.0
1783105500,29651.6,29653.8,29650.4,29653.6,93.0
1783105560,29653.6,29655.7,29652.6,29655.4,78.0
1783105620,29655.4,29656.3,29651.2,29651.4,98.0
1783105680,29651.6,29654.2,29650.6,29651.2,101.0
1783105740,29651.2,29657.2,29650.4,29656.3,93.0
1783105800,29656.3,29658.6,29653.9,29654.7,108.0
1783105860,29654.8,29654.9,29651.2,29651.2,94.0
1783105920,29651.2,29653.9,29647.7,29653.9,90.0
1783105980,29653.9,29654.4,29650.4,29650.7,74.0
1783106040,29650.6,29650.6,29646.2,29646.3,97.0
1783106100,29646.4,29651.6,29646.4,29651.1,106.0
1783106160,29650.9,29658.7,29649.7,29658.6,109.0
1783106220,29658.6,29661.8,29657.6,29659.6,74.0
1783106280,29659.4,29661.8,29658.2,29658.2,92.0
1783106340,29658.2,29658.4,29654.6,29654.9,102.0
1783106400,29654.7,29656.2,29652.4,29656.2,119.0
1783106460,29656.2,29666.4,29656.2,29658.3,128.0
1783106520,29658.3,29658.4,29646.7,29648.3,105.0
1783106580,29648.2,29651.9,29648.2,29651.6,90.0
1783106640,29651.4,29653.8,29650.2,29651.9,108.0
1783106700,29651.9,29657.7,29651.4,29656.6,119.0
1783106760,29656.4,29656.7,29653.7,29655.3,84.0
1783106820,29655.3,29655.3,29652.3,29653.8,85.0
1783106880,29653.8,29653.9,29651.1,29651.9,81.0
1783106940,29651.9,29654.3,29651.4,29651.9,78.0
1783107000,29652.1,29654.6,29649.3,29654.3,122.0
1783107060,29654.2,29654.6,29649.4,29651.2,92.0
1783107120,29651.1,29651.3,29642.7,29647.8,118.0
1783107180,29647.7,29651.4,29646.9,29649.9,118.0
1783107240,29649.7,29655.6,29648.8,29655.6,133.0
1783107300,29655.6,29657.9,29653.9,29657.4,124.0
1783107360,29657.4,29658.3,29652.7,29657.7,104.0
1783107420,29657.7,29658.8,29655.2,29655.4,76.0
1783107480,29655.4,29658.4,29653.9,29658.4,77.0
1783107540,29658.7,29669.2,29658.4,29667.8,123.0
1783107600,29667.4,29667.7,29662.9,29667.2,97.0
1783107660,29667.1,29671.3,29667.1,29668.7,76.0
1783107720,29668.6,29669.9,29664.9,29668.4,101.0
1783107780,29668.3,29671.3,29667.4,29670.3,98.0
1783107840,29670.6,29675.7,29668.7,29672.7,115.0
1783107900,29673.1,29674.7,29665.7,29670.4,137.0
1783107960,29670.4,29672.9,29668.9,29670.1,95.0
1783108020,29670.1,29670.1,29661.1,29662.9,93.0
1783108080,29662.8,29663.6,29654.3,29654.3,109.0
1783108140,29654.3,29655.7,29650.2,29653.9,115.0
1783108200,29653.9,29656.8,29650.9,29656.4,121.0
1783108260,29656.4,29656.7,29649.1,29650.3,97.0
1783108320,29650.3,29653.7,29649.8,29653.2,130.0
1783108380,29653.3,29656.3,29647.9,29655.1,106.0
1783108440,29655.2,29656.3,29654.4,29655.9,85.0
1783108500,29655.9,29657.4,29649.7,29656.8,117.0
1783108560,29656.8,29659.7,29655.7,29659.7,91.0
1783108620,29659.7,29659.7,29655.1,29657.6,98.0
1783108680,29657.3,29657.3,29654.1,29655.1,85.0
1783108740,29656.3,29664.4,29652.7,29654.1,175.0
1783108800,29654.1,29654.1,29654.1,29654.1,1.0
1783299600,29712.6,29712.6,29664.2,29671.7,197.0
1783299660,29671.7,29684.2,29670.0,29678.0,204.0
1783299720,29678.0,29694.7,29674.6,29691.0,159.0
1783299780,29691.0,29697.1,29681.1,29681.1,168.0
1783299840,29681.2,29683.5,29641.2,29648.4,213.0
1783299900,29648.2,29653.6,29623.1,29648.9,234.0
1783299960,29652.2,29654.9,29640.1,29645.4,188.0
1783300020,29645.2,29655.4,29641.9,29655.2,132.0
1783300080,29655.1,29655.1,29621.9,29636.9,191.0
1783300140,29636.9,29645.1,29634.7,29640.5,168.0
1783300200,29640.5,29644.4,29635.2,29641.4,138.0
1783300260,29641.4,29649.7,29639.6,29647.6,126.0
1783300320,29647.7,29655.7,29643.1,29648.2,141.0
1783300380,29648.0,29656.2,29646.0,29656.2,150.0
1783300440,29656.1,29661.5,29652.9,29660.2,135.0
1783300500,29660.4,29660.4,29655.7,29658.4,140.0
1783300560,29658.5,29676.0,29650.7,29675.0,157.0
1783300620,29675.0,29676.4,29667.7,29670.2,166.0
1783300680,29670.5,29672.4,29651.5,29654.9,150.0
1783300740,29655.1,29668.5,29649.7,29664.1,126.0
1783300800,29663.9,29698.1,29662.7,29690.4,181.0
1783300860,29690.4,29692.2,29684.1,29686.5,155.0
1783300920,29686.4,29706.4,29686.4,29699.5,176.0
1783300980,29699.4,29707.1,29686.6,29689.7,143.0
1783301040,29689.7,29702.5,29687.9,29695.6,152.0
1783301100,29695.5,29695.7,29688.1,29688.6,142.0
1783301160,29689.7,29691.6,29683.1,29683.7,107.0
1783301220,29683.7,29690.7,29683.1,29685.2,118.0
1783301280,29685.2,29702.1,29685.2,29701.4,113.0
1783301340,29701.4,29703.7,29694.9,29696.0,135.0
1783301400,29696.0,29702.4,29694.9,29697.9,122.0
1783301460,29698.0,29708.0,29697.0,29705.9,137.0
1783301520,29705.4,29716.2,29702.7,29716.2,158.0
1783301580,29716.1,29718.1,29710.6,29710.7,136.0
1783301640,29710.7,29715.4,29708.5,29713.6,153.0
1783301700,29714.1,29714.1,29706.1,29706.9,121.0
1783301760,29706.7,29730.2,29703.4,29718.5,160.0
1783301820,29718.5,29725.2,29718.5,29723.2,161.0
1783301880,29722.9,29726.4,29719.9,29725.4,102.0
1783301940,29725.0,29726.2,29720.5,29721.7,127.0
1783302000,29721.5,29727.4,29718.1,29723.1,127.0
1783302060,29723.1,29727.9,29719.1,29725.1,134.0
1783302120,29725.1,29731.1,29725.0,29727.0,114.0
1783302180,29726.6,29728.1,29718.1,29728.1,114.0
1783302240,29728.7,29733.0,29725.9,29730.2,104.0
1783302300,29730.2,29735.7,29729.6,29733.4,114.0
1783302360,29733.4,29737.2,29731.2,29734.2,140.0
1783302420,29734.2,29738.1,29733.0,29735.1,122.0
1783302480,29735.0,29735.6,29730.4,29731.2,117.0
1783302540,29731.4,29735.9,29725.0,29728.1,145.0
1783302600,29728.1,29728.9,29721.7,29724.0,111.0
1783302660,29724.0,29726.1,29721.5,29722.6,95.0
1783302720,29722.6,29724.6,29715.6,29718.6,128.0
1783302780,29718.0,29721.1,29714.5,29715.9,130.0
1783302840,29715.9,29720.2,29714.2,29717.9,116.0
1783302900,29717.7,29721.9,29709.0,29711.4,118.0
1783302960,29711.4,29712.4,29706.9,29707.7,126.0
1783303020,29707.7,29710.2,29704.4,29705.1,115.0
1783303080,29705.1,29708.4,29702.0,29705.2,82.0
1783303140,29705.0,29707.4,29704.1,29705.4,108.0
1783303200,29706.2,29710.0,29696.7,29708.6,156.0
1783303260,29708.6,29714.6,29707.0,29713.7,140.0
1783303320,29713.7,29720.1,29712.4,29717.7,134.0
1783303380,29717.5,29719.0,29709.5,29711.7,138.0
1783303440,29711.7,29711.9,29704.0,29711.0,112.0
1783303500,29710.9,29720.5,29710.9,29714.7,137.0
1783303560,29714.6,29714.6,29705.2,29708.5,93.0
1783303620,29708.5,29710.2,29707.4,29710.2,84.0
1783303680,29710.2,29711.0,29707.4,29710.7,78.0
1783303740,29710.7,29712.2,29704.4,29706.5,88.0
1783303800,29706.5,29706.5,29686.4,29691.5,163.0
1783303860,29691.5,29696.9,29689.4,29696.1,112.0
1783303920,29696.2,29754.0,29695.9,29752.5,197.0
1783303980,29752.7,29766.6,29743.4,29743.4,222.0
1783304040,29741.4,29752.5,29727.7,29749.7,190.0
1783304100,29749.9,29762.2,29748.6,29756.0,172.0
1783304160,29756.0,29760.2,29754.9,29755.9,138.0
1783304220,29755.7,29761.2,29751.2,29754.2,106.0
1783304280,29754.2,29756.7,29749.5,29749.5,91.0
1783304340,29749.5,29754.6,29745.1,29750.1,124.0
1783304400,29750.1,29751.4,29745.5,29745.7,95.0
1783304460,29745.6,29752.0,29741.9,29749.5,97.0
1783304520,29749.6,29751.5,29743.4,29744.7,85.0
1783304580,29744.7,29748.0,29742.1,29743.4,97.0
1783304640,29743.4,29745.4,29740.9,29741.6,111.0
1783304700,29741.6,29743.6,29736.2,29738.1,106.0
1783304760,29738.1,29744.1,29737.9,29743.0,124.0
1783304820,29743.1,29749.1,29742.9,29748.9,90.0
1783304880,29748.9,29754.5,29748.5,29753.5,104.0
1783304940,29753.5,29754.6,29744.0,29744.5,79.0
1783305000,29744.5,29757.5,29734.4,29754.1,173.0
1783305060,29754.2,29767.1,29754.1,29763.6,145.0
1783305120,29763.5,29767.1,29762.1,29766.5,111.0
1783305180,29766.5,29767.0,29761.5,29761.9,110.0
1783305240,29761.7,29763.2,29759.6,29761.9,93.0
1783305300,29761.9,29763.6,29759.2,29760.1,107.0
1783305360,29760.0,29760.1,29740.2,29746.2,121.0
1783305420,29747.0,29748.1,29743.9,29744.2,91.0
1783305480,29744.2,29747.5,29744.2,29746.5,73.0
1783305540,29746.5,29747.7,29741.0,29741.0,97.0
1783305600,29741.6,29744.1,29738.1,29742.0,95.0
1783305660,29742.1,29747.9,29739.4,29744.7,126.0
1783305720,29744.6,29745.0,29736.6,29738.0,126.0
1783305780,29738.0,29738.1,29735.7,29736.5,92.0
1783305840,29736.2,29738.1,29731.7,29735.0,111.0
1783305900,29734.9,29737.0,29724.2,29732.9,217.0
1783305960,29732.9,29756.6,29731.5,29748.7,219.0
1783306020,29748.9,29752.5,29739.6,29740.4,207.0
1783306080,29740.9,29753.2,29740.4,29751.0,202.0
1783306140,29751.2,29754.9,29746.9,29752.9,175.0
1783306200,29750.4,29761.7,29746.9,29758.6,166.0
1783306260,29758.6,29765.1,29754.2,29760.2,148.0
1783306320,29760.2,29760.5,29753.6,29755.2,157.0
1783306380,29755.2,29758.5,29751.1,29756.9,116.0
1783306440,29756.9,29760.1,29751.1,29752.4,172.0
1783306500,29752.6,29752.6,29742.4,29747.9,178.0
1783306560,29747.9,29750.0,29725.4,29744.4,188.0
1783306620,29744.1,29750.7,29742.0,29748.0,169.0
1783306680,29747.9,29751.7,29743.5,29748.4,200.0
1783306740,29748.5,29750.2,29743.4,29745.0,175.0
1783306800,29745.9,29747.6,29706.7,29707.9,278.0
1783306860,29707.5,29708.6,29675.4,29675.4,272.0
1783306920,29673.5,29694.6,29660.5,29692.2,274.0
1783306980,29691.2,29704.0,29690.4,29698.7,264.0
1783307040,29698.9,29712.5,29689.4,29709.1,245.0
1783307100,29709.4,29714.0,29693.6,29698.9,258.0
1783307160,29698.7,29707.2,29688.0,29694.5,258.0
1783307220,29694.5,29708.6,29687.6,29704.4,254.0
1783307280,29704.4,29722.7,29703.1,29717.7,246.0
1783307340,29717.7,29730.5,29714.9,29725.4,225.0
1783307400,29725.2,29725.2,29706.1,29714.7,266.0
1783307460,29715.0,29721.6,29709.0,29714.9,229.0
1783307520,29714.7,29724.2,29707.6,29724.1,231.0
1783307580,29722.5,29736.0,29721.5,29734.9,239.0
1783307640,29733.7,29742.0,29726.7,29742.0,213.0
1783307700,29742.6,29764.4,29738.1,29760.5,245.0
1783307760,29760.7,29763.9,29754.5,29756.2,230.0
1783307820,29756.1,29759.6,29751.0,29753.0,233.0
1783307880,29752.6,29760.1,29744.4,29747.7,232.0
1783307940,29748.0,29751.9,29736.4,29738.0,240.0
1783308000,29738.2,29744.0,29731.2,29739.6,236.0
1783308060,29739.7,29741.7,29731.7,29739.6,220.0
1783308120,29740.0,29740.4,29720.1,29721.1,214.0
1783308180,29721.0,29723.9,29714.0,29720.2,243.0
1783308240,29719.5,29722.4,29709.9,29717.0,250.0
1783308300,29717.0,29724.1,29702.4,29702.4,249.0
1783308360,29703.4,29703.6,29688.6,29689.0,252.0
1783308420,29688.0,29695.5,29679.2,29680.0,261.0
1783308480,29680.5,29687.6,29669.0,29684.0,263.0
1783308540,29684.0,29687.0,29640.1,29642.6,268.0
1783308600,29639.4,29656.6,29606.1,29647.2,272.0
1783308660,29648.1,29659.7,29634.4,29652.2,272.0
1783308720,29651.9,29668.4,29644.4,29645.0,268.0
1783308780,29644.5,29660.2,29635.4,29635.4,260.0
1783308840,29636.6,29659.7,29636.6,29658.7,261.0
1783308900,29658.5,29660.6,29643.9,29646.0,270.0
1783308960,29647.6,29667.0,29642.6,29666.5,244.0
1783309020,29667.0,29683.0,29664.0,29681.0,249.0
1783309080,29681.9,29687.1,29677.0,29682.5,240.0
1783309140,29682.5,29687.9,29674.4,29677.2,239.0
1783309200,29677.6,29689.1,29668.2,29685.1,246.0
1783309260,29686.2,29693.2,29681.5,29690.7,238.0
1783309320,29690.7,29696.9,29687.7,29692.9,225.0
1783309380,29693.0,29702.9,29692.5,29702.0,233.0
1783309440,29702.2,29703.6,29691.9,29693.5,214.0
1783309500,29694.5,29720.4,29694.5,29717.5,226.0
1783309560,29717.4,29729.2,29717.4,29723.7,217.0
1783309620,29724.1,29724.7,29715.5,29716.0,214.0
1783309680,29716.7,29724.5,29714.4,29720.0,209.0
1783309740,29720.0,29723.2,29704.7,29704.9,213.0
1783309800,29704.1,29704.9,29689.2,29699.1,242.0
1783309860,29699.1,29704.2,29697.5,29698.7,236.0
1783309920,29698.0,29698.0,29677.0,29683.7,231.0
1783309980,29683.7,29697.1,29680.5,29695.6,239.0
1783310040,29695.6,29697.2,29689.2,29697.2,226.0
1783310100,29697.2,29709.7,29684.5,29688.0,232.0
1783310160,29688.6,29694.4,29687.5,29690.9,213.0
1783310220,29692.6,29697.0,29679.0,29682.0,242.0
1783310280,29681.1,29687.6,29674.1,29682.6,236.0
1783310340,29682.6,29692.0,29681.4,29685.0,238.0
1783310400,29685.5,29691.0,29666.6,29670.7,262.0
1783310460,29670.7,29680.0,29663.7,29678.0,257.0
1783310520,29677.5,29681.7,29665.4,29678.0,246.0
1783310580,29677.7,29685.0,29661.9,29674.6,261.0
1783310640,29674.7,29677.5,29652.4,29654.0,243.0
1783310700,29654.5,29661.4,29649.4,29652.5,244.0
1783310760,29651.7,29655.0,29635.5,29640.5,245.0
1783310820,29640.5,29648.7,29635.4,29648.5,239.0
1783310880,29649.2,29659.9,29645.6,29659.9,254.0
1783310940,29659.4,29665.0,29651.5,29664.4,233.0
1783311000,29663.7,29667.0,29640.6,29642.0,245.0
1783311060,29642.1,29645.7,29627.6,29630.9,234.0
1783311120,29630.9,29644.6,29627.0,29641.9,231.0
1783311180,29641.7,29652.4,29639.0,29650.6,236.0
1783311240,29651.1,29654.1,29637.9,29638.5,220.0
1783311300,29638.5,29640.4,29619.4,29625.2,243.0
1783311360,29625.5,29636.1,29620.7,29631.1,223.0
1783311420,29631.1,29638.6,29625.9,29631.9,232.0
1783311480,29631.5,29647.2,29629.4,29643.9,228.0
1783311540,29643.4,29647.0,29631.9,29644.9,236.0
1783311600,29644.7,29652.4,29638.4,29646.2,238.0
1783311660,29645.0,29646.6,29636.7,29643.0,227.0
1783311720,29643.2,29643.5,29618.6,29619.4,225.0
1783311780,29619.9,29621.2,29602.1,29604.5,240.0
1783311840,29605.0,29610.0,29584.0,29588.9,245.0
1783311900,29588.4,29594.1,29583.0,29585.9,252.0
1783311960,29585.5,29589.7,29554.1,29556.9,260.0
1783312020,29556.9,29563.5,29534.6,29552.7,266.0
1783312080,29554.6,29568.6,29548.9,29564.0,251.0
1783312140,29565.9,29573.7,29558.5,29573.5,241.0
1783312200,29572.6,29587.6,29567.1,29587.2,264.0
1783312260,29587.2,29592.2,29582.9,29589.0,253.0
1783312320,29589.5,29602.7,29581.6,29591.0,246.0
1783312380,29590.7,29599.7,29580.9,29596.4,248.0
1783312440,29596.0,29603.5,29595.4,29599.9,249.0
1783312500,29599.0,29600.5,29584.4,29586.7,256.0
1783312560,29587.5,29595.6,29580.1,29594.5,241.0
1783312620,29594.5,29603.0,29585.4,29595.1,244.0
1783312680,29595.0,29595.6,29584.9,29584.9,241.0
1783312740,29584.7,29599.0,29580.4,29597.5,257.0
1783312800,29598.0,29605.2,29591.0,29604.2,239.0
1783312860,29604.7,29614.9,29603.5,29608.5,230.0
1783312920,29608.1,29608.5,29589.0,29602.4,232.0
1783312980,29602.7,29611.5,29600.2,29601.1,234.0
1783313040,29600.2,29601.7,29575.1,29576.1,236.0
1783313100,29575.7,29576.5,29557.7,29569.9,251.0
1783313160,29568.9,29570.9,29556.4,29558.2,258.0
1783313220,29558.2,29565.1,29549.2,29556.6,257.0
1783313280,29556.5,29561.0,29547.1,29549.4,248.0
1783313340,29548.2,29548.2,29530.2,29532.7,234.0
1783313400,29533.4,29540.7,29518.9,29519.4,253.0
1783313460,29519.2,29538.1,29517.5,29535.4,257.0
1783313520,29535.5,29536.9,29521.4,29525.0,235.0
1783313580,29525.0,29532.4,29520.1,29520.1,246.0
1783313640,29519.4,29525.7,29515.2,29518.9,243.0
1783313700,29518.9,29536.5,29510.6,29534.7,246.0
1783313760,29535.4,29554.2,29533.7,29545.4,236.0
1783313820,29544.5,29546.1,29524.5,29531.6,242.0
1783313880,29530.6,29539.1,29529.4,29535.7,245.0
1783313940,29536.5,29553.2,29534.7,29552.4,223.0
1783314000,29556.1,29571.1,29555.2,29565.5,251.0
1783314060,29565.5,29576.6,29549.7,29556.6,253.0
1783314120,29556.5,29563.2,29548.2,29558.0,248.0
1783314180,29556.7,29566.7,29544.0,29566.6,240.0
1783314240,29566.6,29577.4,29565.0,29576.9,234.0
1783314300,29576.7,29578.1,29556.5,29566.0,241.0
1783314360,29565.9,29566.7,29550.6,29561.1,243.0
1783314420,29560.4,29561.7,29545.6,29547.5,240.0
1783314480,29546.6,29556.1,29543.0,29553.6,234.0
1783314540,29553.6,29558.7,29545.0,29553.7,241.0
1783314600,29553.5,29556.1,29537.2,29541.0,248.0
1783314660,29541.0,29546.9,29534.5,29537.0,246.0
1783314720,29537.0,29540.1,29520.0,29520.9,243.0
1783314780,29521.2,29530.9,29519.5,29528.1,236.0
1783314840,29528.4,29529.9,29514.4,29519.9,229.0
1783314900,29520.2,29534.7,29517.9,29533.0,257.0
1783314960,29533.0,29540.2,29524.4,29535.0,245.0
1783315020,29535.0,29535.0,29511.1,29529.6,243.0
1783315080,29529.2,29538.9,29521.9,29528.5,235.0
1783315140,29528.1,29533.0,29507.0,29516.4,245.0
1783315200,29516.6,29540.1,29510.6,29538.4,229.0
1783315260,29538.9,29543.9,29533.6,29539.2,240.0
1783315320,29539.2,29550.1,29537.9,29541.1,228.0
1783315380,29541.0,29550.9,29538.6,29548.0,243.0
1783315440,29548.0,29550.6,29537.5,29539.2,228.0
1783315500,29539.4,29541.1,29524.1,29526.1,226.0
1783315560,29525.7,29530.6,29521.7,29526.0,203.0
1783315620,29526.4,29530.9,29511.9,29514.2,233.0
1783315680,29514.1,29517.7,29506.0,29506.6,225.0
1783315740,29506.6,29506.6,29494.5,29496.2,233.0
1783315800,29498.5,29505.9,29484.1,29504.4,247.0
1783315860,29504.0,29506.0,29493.7,29500.6,237.0
1783315920,29500.5,29507.6,29494.0,29494.0,247.0
1783315980,29494.6,29500.7,29485.5,29485.5,237.0
1783316040,29485.2,29499.7,29484.7,29499.4,210.0
1783316100,29499.7,29503.0,29488.7,29489.5,237.0
1783316160,29489.2,29500.7,29485.5,29498.7,218.0
1783316220,29498.7,29500.0,29489.2,29491.9,205.0
1783316280,29491.9,29499.0,29490.4,29498.5,181.0
1783316340,29498.0,29504.7,29481.7,29483.5,232.0
1783316400,29484.1,29485.5,29468.7,29474.2,217.0
1783316460,29474.2,29479.9,29467.1,29479.2,218.0
1783316520,29479.0,29483.0,29469.6,29473.2,214.0
1783316580,29473.0,29477.1,29461.7,29473.1,213.0
1783316640,29473.2,29478.1,29453.6,29460.0,219.0
1783316700,29460.5,29468.4,29456.2,29468.4,216.0
1783316760,29469.0,29473.9,29466.9,29471.0,227.0
1783316820,29471.0,29478.0,29460.4,29464.0,219.0
1783316880,29463.9,29468.0,29458.6,29459.6,194.0
1783316940,29459.7,29468.7,29458.0,29467.6,220.0
1783317000,29467.7,29468.0,29455.1,29456.1,197.0
1783317060,29456.1,29459.4,29443.2,29457.5,228.0
1783317120,29457.4,29467.1,29452.2,29457.2,222.0
1783317180,29457.4,29464.1,29455.0,29463.9,202.0
1783317240,29463.2,29475.1,29463.2,29474.6,213.0
1783317300,29474.7,29480.6,29464.6,29480.6,221.0
1783317360,29480.0,29481.2,29457.1,29465.1,225.0
1783317420,29465.0,29478.7,29464.7,29478.6,212.0
1783317480,29478.6,29480.5,29474.4,29479.0,203.0
1783317540,29479.1,29490.9,29478.1,29484.9,213.0
1783317600,29486.0,29491.5,29481.1,29483.9,225.0
1783317660,29484.9,29494.6,29476.6,29493.1,222.0
1783317720,29492.9,29497.0,29492.0,29494.6,201.0
1783317780,29494.9,29507.7,29494.9,29506.6,205.0
1783317840,29506.7,29519.4,29505.0,29516.6,201.0
1783317900,29516.9,29521.1,29508.4,29514.4,205.0
1783317960,29515.7,29519.9,29509.5,29515.0,194.0
1783318020,29515.0,29517.1,29506.6,29516.0,204.0
1783318080,29516.0,29517.4,29512.1,29514.1,173.0
1783318140,29514.0,29520.4,29510.4,29520.1,189.0
1783318200,29520.0,29533.6,29520.0,29532.2,199.0
1783318260,29531.9,29544.1,29531.9,29539.6,229.0
1783318320,29539.7,29542.2,29524.5,29526.4,212.0
1783318380,29526.4,29526.5,29515.7,29516.1,208.0
1783318440,29515.6,29534.6,29507.9,29530.1,236.0
1783318500,29530.2,29542.1,29527.9,29541.6,203.0
1783318560,29541.6,29550.9,29540.6,29541.0,215.0
1783318620,29541.0,29546.0,29536.9,29537.4,200.0
1783318680,29537.2,29537.7,29520.9,29520.9,185.0
1783318740,29521.1,29527.2,29518.2,29521.4,174.0
1783318800,29521.2,29526.4,29518.2,29521.9,198.0
1783318860,29522.0,29529.0,29521.0,29522.5,188.0
1783318920,29522.5,29523.0,29508.0,29510.1,196.0
1783318980,29511.0,29522.7,29510.9,29517.1,180.0
1783319040,29517.1,29531.7,29515.9,29531.4,184.0
1783319100,29531.4,29542.0,29531.4,29535.6,180.0
1783319160,29535.6,29542.0,29528.6,29539.1,161.0
1783319220,29539.4,29546.9,29538.6,29546.5,173.0
1783319280,29545.6,29547.0,29540.2,29542.7,146.0
1783319340,29542.7,29548.4,29540.7,29547.2,182.0
1783319400,29547.0,29559.7,29537.7,29537.9,216.0
1783319460,29537.7,29542.6,29532.2,29538.2,233.0
1783319520,29538.2,29556.5,29534.2,29554.1,210.0
1783319580,29553.7,29558.4,29548.6,29550.4,209.0
1783319640,29549.1,29560.2,29544.1,29560.1,208.0
1783319700,29560.2,29565.4,29556.1,29562.2,209.0
1783319760,29562.1,29566.2,29556.7,29559.0,208.0
1783319820,29558.5,29559.1,29553.5,29554.6,203.0
1783319880,29554.7,29555.0,29548.6,29551.0,193.0
1783319940,29550.9,29553.6,29544.7,29547.2,214.0
1783320000,29547.1,29549.7,29537.6,29541.0,196.0
1783320060,29541.4,29543.4,29528.1,29528.1,212.0
1783320120,29527.9,29534.9,29503.7,29513.2,215.0
1783320180,29512.5,29513.2,29501.5,29503.2,219.0
1783320240,29503.2,29506.1,29497.9,29499.6,220.0
1783320300,29499.4,29508.0,29493.5,29498.6,246.0
1783320360,29499.5,29506.2,29494.5,29501.4,232.0
1783320420,29501.4,29502.6,29488.9,29497.4,236.0
1783320480,29497.0,29500.7,29484.7,29491.9,209.0
1783320540,29492.1,29492.7,29475.0,29478.4,232.0
1783320600,29478.4,29500.4,29471.9,29495.9,237.0
1783320660,29495.1,29501.2,29476.2,29476.7,234.0
1783320720,29476.7,29479.0,29468.9,29478.2,233.0
1783320780,29476.6,29484.2,29471.4,29481.4,201.0
1783320840,29481.4,29483.5,29453.9,29462.1,234.0
1783320900,29462.1,29465.1,29455.5,29464.6,192.0
1783320960,29464.5,29471.1,29461.0,29467.6,201.0
1783321020,29467.6,29474.6,29461.1,29473.0,203.0
1783321080,29473.1,29479.5,29470.4,29479.0,214.0
1783321140,29479.0,29495.4,29478.9,29490.6,188.0
1783321200,29490.2,29491.9,29463.1,29471.6,236.0
1783321260,29471.7,29480.5,29467.9,29474.5,211.0
1783321320,29474.9,29475.6,29467.6,29469.1,187.0
1783321380,29468.7,29484.9,29465.6,29484.5,229.0
1783321440,29484.7,29497.6,29482.5,29492.1,233.0
1783321500,29492.2,29504.0,29492.2,29496.5,206.0
1783321560,29496.2,29497.7,29487.4,29493.0,192.0
1783321620,29493.0,29495.0,29485.6,29487.7,191.0
1783321680,29487.9,29496.4,29487.1,29490.7,189.0
1783321740,29490.4,29490.9,29476.6,29481.4,187.0
1783321800,29481.2,29508.7,29481.0,29507.7,202.0
1783321860,29507.7,29518.4,29507.5,29518.0,195.0
1783321920,29518.6,29526.2,29514.6,29525.1,183.0
1783321980,29526.5,29532.1,29526.0,29531.0,187.0
1783322040,29530.1,29537.4,29527.4,29535.2,187.0
1783322100,29535.4,29538.4,29528.7,29535.9,198.0
1783322160,29535.9,29545.1,29532.0,29544.7,200.0
1783322220,29543.5,29545.7,29536.0,29536.4,206.0
1783322280,29536.9,29550.6,29536.9,29549.7,176.0
1783322340,29550.1,29553.1,29548.4,29551.1,163.0
1783322400,29550.5,29557.6,29549.0,29553.7,201.0
1783322460,29553.0,29553.0,29544.9,29547.0,184.0
1783322520,29547.1,29550.5,29537.5,29540.1,172.0
1783322580,29540.1,29556.1,29537.9,29547.6,193.0
1783322640,29547.2,29553.2,29545.4,29553.2,175.0
1783322700,29553.2,29554.1,29543.7,29545.1,180.0
1783322760,29545.9,29550.2,29540.5,29545.2,182.0
1783322820,29545.2,29559.4,29545.2,29557.5,184.0
1783322880,29557.0,29558.1,29548.7,29557.0,177.0
1783322940,29557.0,29558.7,29553.2,29555.0,164.0
1783323000,29555.5,29568.5,29552.6,29567.4,214.0
1783323060,29567.0,29574.1,29558.4,29558.7,205.0
1783323120,29558.6,29559.1,29548.7,29558.0,179.0
1783323180,29558.2,29565.7,29556.9,29565.4,208.0
1783323240,29565.4,29565.4,29550.5,29550.5,173.0
1783323300,29550.5,29566.5,29550.5,29565.7,158.0
1783323360,29565.2,29567.4,29561.1,29564.1,204.0
1783323420,29563.9,29575.0,29561.5,29574.2,187.0
1783323480,29574.5,29579.1,29569.7,29573.2,179.0
1783323540,29573.7,29581.4,29571.1,29576.7,200.0
1783323600,29576.6,29577.5,29567.1,29574.1,196.0
1783323660,29574.7,29585.4,29574.7,29580.2,187.0
1783323720,29580.2,29592.2,29576.7,29590.9,196.0
1783323780,29590.2,29596.4,29588.9,29591.4,162.0
1783323840,29591.7,29595.0,29586.4,29587.5,169.0
1783323900,29587.5,29592.2,29580.9,29587.9,180.0
1783323960,29587.9,29590.7,29582.9,29585.0,177.0
1783324020,29585.0,29585.2,29577.9,29579.0,184.0
1783324080,29579.0,29583.7,29575.6,29583.0,179.0
1783324140,29583.4,29590.4,29578.2,29578.4,187.0
1783324200,29578.2,29581.7,29572.9,29577.0,214.0
1783324260,29577.5,29583.5,29574.7,29575.6,208.0
1783324320,29575.7,29584.5,29574.7,29584.5,190.0
1783324380,29584.5,29588.4,29582.2,29583.6,161.0
1783324440,29583.6,29591.7,29577.5,29588.5,201.0
1783324500,29589.0,29594.9,29586.6,29591.6,162.0
1783324560,29591.4,29600.1,29590.1,29595.2,185.0
1783324620,29595.2,29595.7,29588.4,29588.4,159.0
1783324680,29587.6,29590.9,29586.0,29586.0,182.0
1783324740,29585.5,29589.4,29580.2,29588.2,185.0
1783324800,29589.4,29591.6,29578.7,29580.4,202.0
1783324860,29580.7,29580.7,29573.7,29575.0,191.0
1783324920,29575.2,29575.2,29565.9,29567.4,182.0
1783324980,29567.2,29570.9,29561.7,29561.9,215.0
1783325040,29561.9,29562.1,29552.2,29554.2,192.0
1783325100,29554.5,29569.4,29553.7,29561.2,212.0
1783325160,29561.5,29569.9,29557.0,29567.0,201.0
1783325220,29567.0,29578.6,29563.6,29578.6,207.0
1783325280,29578.1,29581.1,29562.6,29562.6,196.0
1783325340,29562.6,29565.4,29558.0,29562.1,200.0
1783325400,29562.0,29574.5,29558.4,29574.2,199.0
1783325460,29574.7,29583.0,29574.0,29580.1,182.0
1783325520,29580.5,29581.0,29569.9,29570.2,184.0
1783325580,29570.1,29571.9,29562.7,29564.9,179.0
1783325640,29564.7,29568.5,29564.1,29568.5,170.0
1783325700,29568.2,29572.0,29562.6,29571.9,188.0
1783325760,29572.0,29578.6,29568.9,29573.6,199.0
1783325820,29573.6,29575.6,29568.5,29571.9,179.0
1783325880,29571.9,29575.0,29564.6,29574.9,190.0
1783325940,29574.9,29575.2,29570.0,29573.2,164.0
1783326000,29573.5,29575.4,29561.9,29562.1,199.0
1783326060,29561.7,29563.4,29546.7,29548.9,186.0
1783326120,29548.9,29549.7,29544.0,29545.7,190.0
1783326180,29545.7,29551.4,29544.1,29549.1,168.0
1783326240,29549.7,29552.0,29541.9,29544.1,200.0
1783326300,29544.1,29550.1,29537.2,29547.9,196.0
1783326360,29547.7,29553.6,29547.7,29549.7,197.0
1783326420,29549.7,29553.9,29537.2,29542.2,192.0
1783326480,29543.0,29544.9,29537.6,29542.5,213.0
1783326540,29542.5,29543.4,29527.9,29529.1,193.0
1783326600,29529.4,29530.0,29517.6,29523.9,204.0
1783326660,29524.4,29524.9,29513.6,29520.2,217.0
1783326720,29519.7,29528.0,29519.5,29524.2,218.0
1783326780,29524.2,29527.0,29517.0,29519.7,214.0
1783326840,29520.0,29520.6,29512.9,29515.9,198.0
1783326900,29515.9,29523.5,29514.5,29523.4,205.0
1783326960,29524.0,29534.4,29519.9,29531.7,209.0
1783327020,29531.6,29540.6,29530.4,29539.0,220.0
1783327080,29539.0,29540.1,29530.6,29538.5,184.0
1783327140,29537.9,29541.5,29534.1,29534.6,203.0
1783327200,29534.7,29549.9,29533.4,29545.7,228.0
1783327260,29545.5,29548.2,29539.6,29543.0,201.0
1783327320,29542.9,29545.7,29540.4,29544.4,156.0
1783327380,29545.2,29556.2,29544.2,29551.6,190.0
1783327440,29551.7,29558.7,29546.6,29548.2,208.0
1783327500,29548.2,29550.7,29540.9,29543.2,208.0
1783327560,29543.1,29543.5,29535.1,29536.5,187.0
1783327620,29537.1,29540.4,29527.2,29529.0,188.0
1783327680,29529.2,29533.1,29526.1,29529.1,170.0
1783327740,29528.9,29533.4,29525.9,29532.1,194.0
1783327800,29531.6,29538.7,29529.2,29536.0,196.0
1783327860,29536.0,29543.0,29531.9,29539.2,191.0
1783327920,29539.2,29552.7,29539.0,29552.4,180.0
1783327980,29552.6,29556.7,29550.4,29556.5,202.0
1783328040,29556.2,29560.5,29553.9,29554.7,170.0
1783328100,29554.5,29560.0,29550.7,29556.2,176.0
1783328160,29556.4,29558.7,29552.6,29556.1,196.0
1783328220,29556.2,29560.9,29555.1,29555.7,182.0
1783328280,29555.9,29558.7,29549.4,29549.4,197.0
1783328340,29549.4,29557.1,29548.4,29550.4,185.0
1783328400,29551.0,29562.4,29551.0,29559.9,211.0
1783328460,29559.0,29567.0,29553.9,29561.5,188.0
1783328520,29561.7,29563.2,29553.2,29556.2,205.0
1783328580,29556.2,29558.4,29547.2,29558.4,200.0
1783328640,29558.4,29558.4,29547.7,29551.5,198.0
1783328700,29552.6,29556.8,29543.2,29545.2,201.0
1783328760,29545.2,29547.3,29534.5,29544.6,213.0
1783328820,29543.6,29546.3,29537.3,29541.6,189.0
1783328880,29540.2,29544.1,29534.0,29534.0,210.0
1783328940,29534.1,29537.0,29527.7,29528.7,216.0
1783329000,29528.0,29531.3,29521.6,29524.5,204.0
1783329060,29524.3,29526.3,29518.2,29518.3,204.0
1783329120,29518.7,29525.7,29515.1,29525.6,191.0
1783329180,29525.6,29525.8,29515.3,29516.2,158.0
1783329240,29516.2,29522.2,29515.0,29520.5,171.0
1783329300,29520.0,29526.7,29516.6,29522.7,187.0
1783329360,29522.7,29529.0,29521.0,29521.8,170.0
1783329420,29521.8,29530.8,29521.3,29528.0,192.0
1783329480,29528.0,29529.7,29519.8,29525.1,177.0
1783329540,29525.2,29525.2,29520.2,29521.0,176.0
1783329600,29521.1,29521.6,29515.3,29519.7,187.0
1783329660,29520.0,29530.2,29518.5,29528.0,185.0
1783329720,29528.2,29532.8,29522.1,29523.2,184.0
1783329780,29523.2,29532.8,29522.8,29530.2,170.0
1783329840,29530.1,29538.7,29525.0,29534.6,171.0
1783329900,29534.6,29553.8,29531.1,29552.7,185.0
1783329960,29552.6,29554.3,29548.2,29552.6,175.0
1783330020,29552.6,29555.2,29550.1,29553.2,165.0
1783330080,29553.2,29555.8,29549.3,29553.2,177.0
1783330140,29553.2,29553.2,29547.8,29550.3,179.0
1783330200,29549.5,29556.7,29545.1,29545.7,222.0
1783330260,29547.6,29550.3,29543.8,29545.6,188.0
1783330320,29545.5,29559.3,29544.6,29559.0,184.0
1783330380,29559.0,29576.8,29558.0,29568.7,190.0
1783330440,29569.0,29577.7,29568.5,29577.7,167.0
1783330500,29578.1,29589.3,29578.1,29588.7,169.0
1783330560,29588.8,29590.1,29584.7,29585.7,154.0
1783330620,29587.5,29601.7,29586.1,29599.1,186.0
1783330680,29598.8,29601.8,29593.0,29600.6,168.0
1783330740,29600.6,29603.8,29596.2,29602.0,142.0
1783330800,29600.5,29613.6,29600.5,29611.2,187.0
1783330860,29611.0,29615.7,29607.6,29610.0,159.0
1783330920,29610.0,29613.8,29603.5,29611.6,152.0
1783330980,29611.7,29617.8,29611.0,29616.1,104.0
1783331040,29616.1,29617.6,29610.8,29613.7,116.0
1783331100,29614.0,29615.0,29598.7,29605.2,162.0
1783331160,29605.1,29605.1,29592.3,29599.0,139.0
1783331220,29599.1,29600.5,29595.1,29600.2,122.0
1783331280,29600.2,29609.2,29600.1,29606.7,131.0
1783331340,29606.7,29608.2,29604.0,29608.0,116.0
1783331400,29609.0,29610.8,29603.2,29605.7,135.0
1783331460,29605.1,29614.5,29604.0,29612.3,142.0
1783331520,29611.6,29614.3,29609.7,29611.0,124.0
1783331580,29611.0,29614.2,29598.1,29598.1,165.0
1783331640,29598.1,29605.1,29598.1,29603.8,110.0
1783331700,29603.8,29611.2,29599.2,29610.7,139.0
1783331760,29611.0,29613.1,29600.3,29603.0,136.0
1783331820,29603.0,29607.3,29601.1,29606.6,123.0
1783331880,29606.6,29609.5,29606.0,29608.2,131.0
1783331940,29608.2,29610.7,29604.5,29607.1,164.0
1783332000,29609.1,29611.3,29595.3,29600.6,233.0
1783332060,29600.7,29603.5,29590.8,29592.1,212.0
1783332120,29592.2,29594.5,29589.0,29593.1,181.0
1783332180,29593.1,29600.2,29591.8,29597.6,209.0
1783332240,29597.6,29609.7,29596.1,29609.7,192.0
1783332300,29609.6,29621.0,29609.6,29615.2,208.0
1783332360,29615.2,29617.8,29612.1,29614.8,174.0
1783332420,29614.8,29616.7,29603.2,29616.2,182.0
1783332480,29616.3,29617.3,29611.5,29617.1,165.0
1783332540,29617.1,29619.5,29608.8,29608.8,162.0
1783332600,29609.1,29621.6,29607.7,29621.2,165.0
1783332660,29620.6,29621.0,29613.2,29618.3,176.0
1783332720,29618.5,29622.1,29616.1,29617.1,161.0
1783332780,29616.8,29616.8,29601.2,29603.0,194.0
1783332840,29603.0,29608.0,29601.3,29607.8,141.0
1783332900,29607.8,29618.1,29606.7,29617.7,134.0
1783332960,29617.7,29622.0,29616.5,29619.2,159.0
1783333020,29619.2,29621.1,29613.6,29619.1,139.0
1783333080,29619.6,29620.3,29608.3,29608.3,130.0
1783333140,29608.3,29623.3,29607.0,29619.7,177.0
1783333200,29619.6,29620.7,29611.1,29611.5,168.0
1783333260,29611.5,29611.5,29603.2,29604.8,182.0
1783333320,29604.8,29608.3,29596.0,29598.0,155.0
1783333380,29598.0,29598.6,29594.5,29596.7,138.0
1783333440,29596.7,29603.8,29591.8,29595.5,162.0
1783333500,29595.5,29599.3,29591.3,29592.1,153.0
1783333560,29592.0,29595.8,29589.5,29590.2,173.0
1783333620,29590.1,29597.0,29589.1,29593.3,151.0
1783333680,29592.7,29593.0,29580.2,29580.6,152.0
1783333740,29581.3,29584.8,29578.3,29581.1,153.0
1783333800,29581.1,29584.2,29576.3,29582.6,175.0
1783333860,29582.3,29594.8,29579.6,29594.1,167.0
1783333920,29594.2,29602.5,29594.0,29602.1,170.0
1783333980,29602.0,29606.5,29598.1,29605.6,130.0
1783334040,29605.6,29608.3,29603.8,29606.5,137.0
1783334100,29606.3,29611.0,29603.2,29607.5,174.0
1783334160,29607.7,29608.5,29601.5,29603.0,158.0
1783334220,29602.7,29605.8,29598.2,29601.1,128.0
1783334280,29600.5,29601.7,29594.8,29595.5,126.0
1783334340,29595.5,29598.7,29593.7,29598.7,124.0
1783334400,29599.0,29609.5,29597.3,29607.1,161.0
1783334460,29607.1,29615.0,29607.0,29611.1,120.0
1783334520,29611.0,29617.3,29610.7,29615.7,93.0
1783334580,29615.5,29629.3,29614.3,29627.0,145.0
1783334640,29626.8,29634.5,29626.3,29632.5,179.0
1783334700,29632.5,29632.7,29629.2,29629.6,129.0
1783334760,29629.5,29632.0,29626.0,29629.5,152.0
1783334820,29629.5,29631.1,29627.6,29630.5,136.0
1783334880,29630.5,29632.1,29627.2,29630.2,109.0
1783334940,29630.2,29634.7,29628.7,29630.5,136.0
1783335000,29630.6,29630.6,29624.7,29625.5,147.0
1783335060,29625.3,29629.2,29623.3,29628.2,149.0
1783335120,29628.3,29631.1,29621.6,29623.5,136.0
1783335180,29623.3,29623.5,29617.6,29621.5,131.0
1783335240,29621.5,29622.8,29616.0,29619.6,119.0
1783335300,29619.6,29620.3,29613.0,29613.6,137.0
1783335360,29613.1,29621.3,29611.8,29616.7,131.0
1783335420,29616.7,29618.5,29613.0,29617.2,126.0
1783335480,29617.2,29622.5,29615.2,29620.8,111.0
1783335540,29621.1,29622.7,29610.7,29611.8,146.0
1783335600,29613.2,29634.0,29606.7,29632.8,242.0
1783335660,29633.0,29635.0,29624.3,29626.8,191.0
1783335720,29627.0,29639.3,29624.7,29625.0,197.0
1783335780,29624.5,29628.2,29615.3,29623.1,214.0
1783335840,29623.1,29626.8,29620.3,29622.8,179.0
1783335900,29622.8,29631.8,29621.1,29629.6,190.0
1783335960,29629.3,29639.6,29627.1,29637.7,135.0
1783336020,29635.0,29637.5,29630.2,29630.2,167.0
1783336080,29631.0,29640.3,29629.1,29637.3,168.0
1783336140,29637.5,29643.1,29629.3,29629.3,172.0
1783336200,29627.7,29633.5,29617.3,29619.1,176.0
1783336260,29619.0,29622.1,29598.7,29598.7,192.0
1783336320,29599.5,29599.5,29575.0,29577.3,202.0
1783336380,29577.3,29577.3,29562.7,29574.7,213.0
1783336440,29575.5,29583.1,29570.7,29580.6,192.0
1783336500,29581.5,29583.5,29564.3,29564.3,191.0
1783336560,29563.6,29568.3,29540.3,29547.5,231.0
1783336620,29547.7,29567.3,29547.7,29559.7,211.0
1783336680,29559.2,29568.5,29555.7,29566.0,182.0
1783336740,29566.0,29575.1,29563.7,29575.1,158.0
1783336800,29575.2,29576.7,29566.7,29576.7,182.0
1783336860,29576.6,29579.3,29571.1,29572.6,161.0
1783336920,29573.1,29584.7,29567.8,29579.0,185.0
1783336980,29579.0,29582.8,29569.6,29573.2,190.0
1783337040,29573.1,29587.3,29571.1,29585.6,184.0
1783337100,29585.8,29591.1,29584.6,29589.1,165.0
1783337160,29589.1,29590.5,29582.3,29589.6,186.0
1783337220,29589.6,29591.1,29585.6,29590.5,146.0
1783337280,29589.8,29590.2,29582.8,29585.0,144.0
1783337340,29585.0,29591.8,29581.5,29591.8,137.0
1783337400,29592.6,29592.6,29582.2,29585.6,164.0
1783337460,29585.6,29592.8,29582.3,29583.3,168.0
1783337520,29583.3,29587.0,29578.8,29580.1,176.0
1783337580,29580.1,29591.5,29580.1,29581.1,154.0
1783337640,29581.3,29581.3,29574.2,29578.1,196.0
1783337700,29578.1,29582.6,29572.3,29579.8,182.0
1783337760,29578.8,29579.8,29573.6,29574.0,162.0
1783337820,29574.0,29577.6,29567.8,29574.0,182.0
1783337880,29574.0,29579.8,29572.6,29577.2,140.0
1783337940,29577.1,29586.8,29576.8,29586.8,134.0
1783338000,29586.8,29609.3,29585.2,29608.3,169.0
1783338060,29608.6,29610.8,29604.1,29605.8,148.0
1783338120,29606.3,29608.6,29604.1,29605.6,161.0
1783338180,29605.6,29611.2,29604.3,29607.1,154.0
1783338240,29607.1,29613.8,29601.0,29604.6,154.0
1783338300,29604.6,29608.0,29600.3,29601.3,133.0
1783338360,29601.3,29605.3,29597.8,29601.1,132.0
1783338420,29601.1,29608.3,29599.5,29601.6,120.0
1783338480,29601.6,29610.5,29601.2,29609.6,170.0
1783338540,29609.6,29610.5,29603.2,29604.7,137.0
1783338600,29605.1,29608.5,29599.1,29606.8,146.0
1783338660,29607.1,29611.2,29606.2,29611.2,148.0
1783338720,29611.6,29614.8,29608.0,29609.2,142.0
1783338780,29609.2,29612.3,29603.0,29610.5,164.0
1783338840,29610.5,29613.1,29609.7,29612.3,128.0
1783338900,29612.7,29616.2,29608.2,29615.5,136.0
1783338960,29616.6,29625.2,29615.2,29619.6,155.0
1783339020,29620.1,29622.1,29618.0,29619.2,118.0
1783339080,29619.1,29628.5,29619.1,29627.3,154.0
1783339140,29627.3,29631.1,29624.0,29629.3,145.0
1783339200,29629.3,29629.8,29611.8,29612.2,177.0
1783339260,29612.2,29630.8,29612.2,29628.0,165.0
1783339320,29628.0,29631.0,29621.0,29621.2,143.0
1783339380,29621.2,29625.0,29616.0,29622.0,151.0
1783339440,29622.7,29625.0,29613.3,29617.2,160.0
1783339500,29617.0,29622.5,29613.2,29620.7,144.0
1783339560,29620.6,29635.1,29618.0,29630.0,175.0
1783339620,29630.0,29630.6,29622.3,29623.3,141.0
1783339680,29623.3,29625.0,29615.1,29618.2,150.0
1783339740,29618.3,29622.8,29614.2,29621.6,125.0
1783339800,29621.3,29622.0,29612.7,29612.7,145.0
1783339860,29612.7,29614.2,29607.8,29614.0,170.0
1783339920,29613.8,29617.6,29604.0,29609.0,161.0
1783339980,29609.0,29613.7,29606.6,29608.1,164.0
1783340040,29608.3,29614.1,29606.8,29612.1,152.0
1783340100,29612.2,29620.2,29612.1,29615.8,171.0
1783340160,29616.1,29624.3,29616.0,29620.0,167.0
1783340220,29620.6,29627.3,29620.3,29624.0,162.0
1783340280,29624.8,29628.1,29622.8,29623.3,142.0
1783340340,29623.6,29625.7,29616.0,29617.6,134.0
1783340400,29617.0,29617.6,29610.3,29612.1,152.0
1783340460,29612.1,29620.0,29608.3,29608.3,131.0
1783340520,29608.3,29617.1,29608.2,29615.5,135.0
1783340580,29615.5,29621.1,29614.6,29619.6,140.0
1783340640,29619.5,29621.7,29615.1,29617.3,134.0
1783340700,29618.1,29622.0,29615.5,29622.0,145.0
1783340760,29622.2,29628.8,29617.6,29619.1,152.0
1783340820,29620.0,29624.0,29616.7,29622.7,149.0
1783340880,29622.6,29623.8,29619.0,29620.1,122.0
1783340940,29620.0,29624.1,29616.3,29624.1,135.0
1783341000,29624.1,29627.6,29615.3,29623.0,167.0
1783341060,29623.0,29623.5,29602.5,29605.2,166.0
1783341120,29605.0,29609.0,29601.2,29604.5,154.0
1783341180,29604.2,29609.0,29599.0,29603.8,156.0
1783341240,29603.8,29608.2,29599.5,29607.6,173.0
1783341300,29607.6,29620.0,29607.6,29617.5,166.0
1783341360,29617.5,29624.0,29617.5,29623.3,142.0
1783341420,29623.5,29624.2,29620.2,29622.5,129.0
1783341480,29622.5,29622.8,29619.7,29621.1,112.0
1783341540,29620.2,29621.8,29615.0,29618.3,138.0
1783341600,29618.3,29623.1,29615.8,29620.8,129.0
1783341660,29620.8,29625.6,29615.6,29618.6,162.0
1783341720,29618.5,29623.0,29617.5,29620.8,108.0
1783341780,29621.1,29621.6,29616.2,29618.0,123.0
1783341840,29618.1,29618.1,29610.2,29610.6,138.0
1783341900,29609.7,29611.3,29602.8,29603.5,138.0
1783341960,29603.6,29607.8,29599.5,29599.7,150.0
1783342020,29599.6,29603.0,29599.3,29600.7,128.0
1783342080,29600.7,29602.7,29587.6,29588.7,128.0
1783342140,29590.8,29595.8,29590.7,29593.7,174.0
1783342200,29593.7,29608.3,29591.5,29608.2,181.0
1783342260,29608.1,29630.3,29607.7,29629.2,204.0
1783342320,29629.2,29634.0,29629.2,29629.8,164.0
1783342380,29629.7,29642.7,29627.2,29640.2,178.0
1783342440,29640.2,29644.7,29640.2,29643.7,166.0
1783342500,29643.7,29646.2,29641.2,29644.3,132.0
1783342560,29644.3,29648.0,29640.0,29644.5,155.0
1783342620,29644.2,29644.3,29634.3,29634.7,147.0
1783342680,29634.8,29641.0,29634.7,29638.3,144.0
1783342740,29638.5,29638.6,29634.7,29637.3,117.0
1783342800,29637.3,29644.1,29631.6,29643.5,170.0
1783342860,29643.5,29651.1,29635.0,29635.2,159.0
1783342920,29635.1,29637.5,29624.2,29626.6,171.0
1783342980,29626.6,29629.6,29624.0,29625.8,156.0
1783343040,29625.8,29635.2,29624.3,29627.3,151.0
1783343100,29627.3,29630.0,29624.0,29629.0,143.0
1783343160,29628.6,29632.8,29616.8,29622.7,159.0
1783343220,29622.6,29623.1,29616.7,29621.2,138.0
1783343280,29621.2,29621.5,29614.6,29615.1,140.0
1783343340,29615.2,29622.7,29615.2,29619.1,149.0
1783343400,29618.3,29626.7,29612.7,29626.3,169.0
1783343460,29626.6,29628.6,29620.6,29625.7,150.0
1783343520,29625.5,29632.0,29624.0,29631.3,156.0
1783343580,29631.2,29633.6,29628.1,29633.0,119.0
1783343640,29633.0,29638.0,29630.0,29637.7,142.0
1783343700,29637.7,29637.7,29631.0,29633.2,135.0
1783343760,29633.2,29638.2,29630.8,29633.1,124.0
1783343820,29633.1,29638.7,29633.0,29635.6,114.0
1783343880,29635.3,29641.1,29635.3,29639.5,147.0
1783343940,29639.5,29643.8,29638.3,29638.5,137.0
1783344000,29639.2,29643.0,29637.7,29638.6,145.0
1783344060,29638.6,29643.1,29633.8,29635.0,140.0
1783344120,29634.8,29636.8,29632.3,29636.5,133.0
1783344180,29636.5,29637.2,29632.2,29632.3,114.0
1783344240,29632.3,29635.1,29627.7,29627.7,150.0
1783344300,29627.7,29629.7,29624.3,29629.2,117.0
1783344360,29629.5,29630.6,29624.2,29625.8,126.0
1783344420,29625.8,29628.5,29623.1,29623.2,139.0
1783344480,29623.2,29625.2,29621.6,29622.2,103.0
1783344540,29622.2,29624.6,29621.0,29623.0,112.0
1783344600,29622.8,29624.5,29619.5,29621.6,125.0
1783344660,29621.6,29624.1,29618.8,29620.7,104.0
1783344720,29620.7,29621.6,29617.7,29619.3,100.0
1783344780,29619.3,29631.8,29619.3,29631.7,108.0
1783344840,29632.7,29640.2,29632.7,29637.6,126.0
1783344900,29637.6,29638.3,29629.2,29630.0,137.0
1783344960,29630.0,29638.1,29630.0,29638.0,150.0
1783345020,29637.8,29643.3,29637.7,29642.8,133.0
1783345080,29642.6,29643.0,29638.8,29639.5,116.0
1783345140,29639.5,29643.2,29636.3,29641.2,130.0
1783345200,29641.2,29641.5,29635.7,29637.1,112.0
1783345260,29637.1,29644.8,29636.1,29637.5,116.0
1783345320,29637.6,29637.8,29625.5,29627.0,151.0
1783345380,29627.2,29630.6,29620.7,29621.2,140.0
1783345440,29621.2,29622.6,29615.3,29616.3,155.0
1783345500,29616.3,29616.3,29607.0,29613.3,177.0
1783345560,29613.5,29619.2,29612.5,29619.2,143.0
1783345620,29619.6,29621.0,29617.8,29618.2,121.0
1783345680,29618.2,29621.5,29611.1,29611.1,128.0
1783345740,29611.2,29621.2,29611.2,29618.6,129.0
1783345800,29618.6,29623.0,29614.2,29623.0,122.0
1783345860,29623.0,29624.3,29619.5,29620.5,116.0
1783345920,29620.5,29628.8,29620.2,29625.3,144.0
1783345980,29625.3,29626.1,29620.2,29622.2,142.0
1783346040,29622.2,29629.0,29622.2,29626.2,124.0
1783346100,29626.2,29631.7,29625.8,29630.5,124.0
1783346160,29630.6,29632.5,29625.2,29630.5,156.0
1783346220,29630.5,29631.5,29624.8,29629.0,135.0
1783346280,29629.0,29638.5,29629.0,29635.5,114.0
1783346340,29635.6,29644.6,29635.3,29644.5,106.0
1783346400,29644.7,29655.3,29638.2,29651.0,220.0
1783346460,29651.5,29651.6,29630.3,29630.3,216.0
1783346520,29628.6,29628.8,29613.0,29616.0,207.0
1783346580,29616.5,29623.5,29611.0,29620.1,183.0
1783346640,29620.2,29623.7,29611.5,29611.5,161.0
1783346700,29612.1,29619.3,29610.2,29612.0,192.0
1783346760,29611.5,29616.6,29606.3,29607.6,187.0
1783346820,29607.6,29611.3,29603.0,29609.5,160.0
1783346880,29610.2,29617.1,29601.7,29617.1,183.0
1783346940,29617.1,29622.0,29609.5,29611.8,210.0
1783347000,29611.8,29614.6,29609.0,29610.3,154.0
1783347060,29610.5,29615.8,29608.0,29614.8,153.0
1783347120,29614.7,29615.3,29605.8,29610.0,152.0
1783347180,29610.0,29616.7,29607.2,29615.7,148.0
1783347240,29615.7,29619.2,29614.0,29618.6,161.0
1783347300,29619.0,29621.0,29613.3,29618.8,154.0
1783347360,29619.1,29625.2,29617.3,29624.5,156.0
1783347420,29624.5,29629.6,29620.2,29628.5,149.0
1783347480,29628.3,29633.5,29622.5,29631.1,149.0
1783347540,29631.1,29634.6,29627.7,29633.3,145.0
1783347600,29632.1,29635.7,29628.2,29634.7,129.0
1783347660,29634.7,29643.6,29632.5,29637.8,153.0
1783347720,29637.7,29640.8,29634.5,29638.6,144.0
1783347780,29638.2,29645.3,29633.2,29645.3,152.0
1783347840,29645.3,29651.3,29628.6,29629.6,182.0
1783347900,29630.1,29639.6,29629.6,29638.1,149.0
1783347960,29638.1,29650.2,29637.8,29649.1,156.0
1783348020,29649.2,29649.2,29633.8,29638.7,128.0
1783348080,29638.7,29642.0,29636.5,29639.8,148.0
1783348140,29640.1,29644.7,29637.5,29639.7,155.0
1783348200,29640.5,29640.6,29634.6,29640.1,169.0
1783348260,29640.1,29648.3,29639.1,29648.1,169.0
1783348320,29647.7,29656.2,29645.5,29656.2,187.0
1783348380,29656.6,29656.8,29646.5,29647.8,157.0
1783348440,29648.1,29653.7,29645.3,29653.7,133.0
1783348500,29653.6,29654.8,29650.3,29652.0,145.0
1783348560,29652.0,29653.7,29648.3,29650.5,141.0
1783348620,29650.5,29654.5,29648.5,29649.2,129.0
1783348680,29649.2,29649.5,29639.1,29640.8,171.0
1783348740,29640.7,29643.7,29637.3,29640.5,164.0
1783348800,29640.5,29643.0,29636.7,29639.0,138.0
1783348860,29639.0,29642.2,29635.8,29637.5,146.0
1783348920,29637.5,29639.5,29631.2,29635.0,150.0
1783348980,29635.0,29640.7,29632.7,29637.2,155.0
1783349040,29637.2,29644.1,29631.0,29643.2,177.0
1783349100,29643.2,29653.5,29642.8,29652.2,166.0
1783349160,29652.2,29656.3,29649.2,29653.2,166.0
1783349220,29653.2,29657.5,29649.2,29655.3,163.0
1783349280,29655.3,29655.3,29643.0,29649.7,157.0
1783349340,29649.7,29656.8,29648.8,29655.7,141.0
1783349400,29655.8,29657.0,29649.6,29652.8,142.0
1783349460,29652.8,29655.2,29646.5,29647.7,162.0
1783349520,29647.8,29657.2,29646.7,29652.1,178.0
1783349580,29652.0,29656.3,29648.2,29650.5,154.0
1783349640,29650.7,29657.3,29647.0,29656.3,174.0
1783349700,29656.3,29674.2,29655.6,29665.3,209.0
1783349760,29665.5,29672.7,29663.1,29668.0,197.0
1783349820,29668.7,29669.8,29642.2,29642.2,201.0
1783349880,29642.5,29644.7,29639.0,29640.0,186.0
1783349940,29640.0,29642.2,29636.6,29638.3,180.0
1783350000,29638.7,29648.2,29628.3,29640.7,230.0
1783350060,29640.3,29667.1,29635.2,29663.8,215.0
1783350120,29664.6,29665.1,29626.0,29645.5,239.0
1783350180,29645.5,29672.3,29643.5,29670.2,217.0
1783350240,29670.2,29675.5,29668.7,29670.1,167.0
1783350300,29670.2,29670.6,29657.1,29661.6,195.0
1783350360,29661.5,29671.3,29660.1,29671.0,212.0
1783350420,29671.0,29683.3,29670.6,29680.2,203.0
1783350480,29680.3,29689.0,29672.0,29674.8,207.0
1783350540,29674.8,29687.1,29674.2,29687.1,180.0
1783350600,29686.3,29694.6,29683.8,29691.2,193.0
1783350660,29692.6,29695.2,29688.7,29691.3,169.0
1783350720,29691.3,29694.5,29686.6,29688.0,166.0
1783350780,29688.0,29688.8,29682.7,29684.2,170.0
1783350840,29684.1,29694.0,29684.1,29691.7,177.0
1783350900,29691.7,29695.6,29685.6,29690.2,185.0
1783350960,29690.7,29692.8,29687.1,29688.2,178.0
1783351020,29688.2,29690.2,29681.7,29683.3,158.0
1783351080,29683.5,29689.0,29676.8,29688.1,173.0
1783351140,29688.1,29693.7,29685.7,29688.0,215.0
1783351200,29688.1,29689.6,29673.5,29676.6,204.0
1783351260,29676.6,29679.0,29667.0,29671.6,172.0
1783351320,29671.6,29672.7,29666.1,29670.1,175.0
1783351380,29669.5,29670.1,29651.8,29653.3,223.0
1783351440,29653.2,29655.0,29639.7,29641.1,198.0
1783351500,29641.3,29646.5,29636.2,29641.7,235.0
1783351560,29641.8,29649.2,29639.8,29647.3,199.0
1783351620,29646.7,29647.1,29638.7,29645.8,192.0
1783351680,29645.8,29653.7,29645.7,29653.2,204.0
1783351740,29653.3,29656.2,29650.2,29653.1,160.0
1783351800,29653.2,29658.2,29650.3,29656.7,200.0
1783351860,29656.5,29661.7,29652.2,29652.5,182.0
1783351920,29652.6,29668.7,29651.6,29661.1,219.0
1783351980,29661.0,29664.2,29649.8,29654.0,198.0
1783352040,29653.3,29656.6,29651.5,29656.1,161.0
1783352100,29656.8,29665.5,29652.2,29661.5,187.0
1783352160,29661.5,29671.1,29661.5,29670.6,191.0
1783352220,29670.5,29682.0,29667.7,29678.7,198.0
1783352280,29678.8,29683.1,29676.0,29678.3,195.0
1783352340,29678.1,29678.7,29673.7,29675.0,161.0
1783352400,29675.0,29676.2,29670.0,29671.7,177.0
1783352460,29671.8,29675.3,29661.5,29664.5,191.0
1783352520,29664.3,29670.2,29661.7,29661.7,178.0
1783352580,29661.2,29662.7,29653.1,29661.1,187.0
1783352640,29661.0,29663.5,29654.3,29660.0,176.0
1783352700,29660.7,29668.6,29659.0,29662.3,193.0
1783352760,29662.3,29668.5,29660.2,29666.0,183.0
1783352820,29666.0,29670.2,29663.0,29667.2,172.0
1783352880,29667.3,29668.8,29661.0,29663.2,151.0
1783352940,29663.7,29668.8,29661.8,29666.8,168.0
1783353000,29666.8,29672.8,29662.3,29671.6,186.0
1783353060,29671.1,29677.1,29668.6,29677.1,171.0
1783353120,29677.1,29687.0,29675.6,29685.0,179.0
1783353180,29685.0,29686.3,29680.8,29681.1,151.0
1783353240,29681.1,29692.5,29681.0,29691.8,178.0
1783353300,29692.0,29692.5,29682.8,29686.0,168.0
1783353360,29685.8,29692.5,29685.0,29685.3,160.0
1783353420,29685.5,29687.3,29683.1,29686.6,149.0
1783353480,29686.8,29693.6,29685.6,29692.3,162.0
1783353540,29692.5,29695.1,29689.7,29693.8,180.0
1783353600,29694.7,29697.0,29682.2,29683.5,229.0
1783353660,29684.0,29684.0,29677.5,29678.5,198.0
1783353720,29678.5,29678.6,29655.2,29657.1,222.0
1783353780,29657.3,29657.3,29651.1,29654.0,207.0
1783353840,29654.2,29663.1,29652.8,29660.1,195.0
1783353900,29661.1,29663.1,29651.1,29657.6,194.0
1783353960,29657.6,29662.8,29654.6,29656.3,184.0
1783354020,29656.3,29659.8,29654.6,29659.8,169.0
1783354080,29659.3,29659.3,29649.2,29656.7,191.0
1783354140,29656.7,29657.2,29649.0,29649.6,159.0
1783354200,29649.3,29652.7,29647.0,29652.0,194.0
1783354260,29651.8,29652.8,29646.3,29648.8,173.0
1783354320,29649.0,29652.3,29644.5,29645.2,198.0
1783354380,29645.2,29647.6,29622.7,29623.6,202.0
1783354440,29624.0,29625.7,29615.7,29619.1,236.0
1783354500,29618.8,29625.1,29616.1,29619.6,227.0
1783354560,29621.3,29621.6,29611.1,29617.6,218.0
1783354620,29617.8,29617.8,29605.2,29608.1,215.0
1783354680,29608.1,29608.8,29588.1,29597.5,223.0
1783354740,29597.6,29602.5,29593.6,29601.7,212.0
1783354800,29601.8,29610.8,29596.1,29598.3,218.0
1783354860,29597.6,29603.8,29597.6,29603.1,202.0
1783354920,29603.0,29608.8,29594.0,29605.7,194.0
1783354980,29604.5,29609.5,29599.8,29603.6,202.0
1783355040,29603.5,29603.8,29593.6,29598.6,194.0
1783355100,29598.6,29617.8,29598.6,29607.8,235.0
1783355160,29608.0,29617.6,29603.6,29615.2,228.0
1783355220,29615.5,29617.3,29593.7,29593.7,218.0
1783355280,29601.7,29611.0,29589.3,29589.8,243.0
1783355340,29591.6,29602.1,29581.1,29594.5,256.0
1783355400,29595.0,29635.0,29538.3,29621.2,295.0
1783355460,29613.6,29653.8,29607.8,29610.8,291.0
1783355520,29614.3,29671.7,29614.3,29671.7,261.0
1783355580,29664.0,29671.2,29647.1,29670.4,287.0
1783355640,29667.6,29696.6,29662.2,29686.0,280.0
1783355700,29687.5,29687.5,29643.5,29661.0,288.0
1783355760,29659.0,29663.2,29546.4,29585.9,289.0
1783355820,29588.1,29629.9,29558.6,29562.5,287.0
1783355880,29565.6,29589.4,29554.7,29578.5,291.0
1783355940,29579.9,29658.2,29571.9,29656.1,288.0
1783356000,29657.2,29667.4,29627.0,29663.9,289.0
1783356060,29663.7,29683.1,29657.5,29671.4,293.0
1783356120,29670.2,29673.4,29606.5,29634.0,284.0
1783356180,29633.0,29650.6,29621.2,29621.2,282.0
1783356240,29623.2,29680.7,29622.1,29680.0,278.0
1783356300,29676.6,29717.6,29664.0,29713.6,291.0
1783356360,29713.0,29726.0,29670.2,29670.7,290.0
1783356420,29670.2,29692.6,29657.0,29678.5,277.0
1783356480,29681.9,29702.4,29669.9,29690.6,286.0
1783356540,29691.2,29715.2,29684.2,29712.5,283.0
1783356600,29714.9,29743.7,29703.4,29739.5,281.0
1783356660,29741.0,29767.1,29735.4,29757.7,274.0
1783356720,29758.5,29759.6,29704.5,29707.0,286.0
1783356780,29708.7,29736.0,29683.5,29730.7,286.0
1783356840,29731.9,29745.7,29724.0,29730.7,275.0
1783356900,29729.5,29740.9,29718.7,29740.7,281.0
1783356960,29741.4,29747.6,29728.6,29740.5,279.0
1783357020,29741.5,29742.0,29705.0,29709.5,281.0
1783357080,29709.5,29711.5,29676.1,29697.4,283.0
1783357140,29696.6,29708.7,29684.6,29693.5,277.0
1783357200,29693.5,29718.1,29665.7,29689.7,288.0
1783357260,29691.6,29737.0,29690.5,29732.5,284.0
1783357320,29733.0,29735.1,29700.2,29707.9,279.0
1783357380,29706.6,29726.6,29702.4,29706.4,283.0
1783357440,29705.6,29707.9,29684.7,29691.9,282.0
1783357500,29690.6,29698.7,29679.0,29682.5,284.0
1783357560,29684.1,29727.0,29676.1,29727.0,283.0
1783357620,29726.0,29740.1,29719.4,29735.5,277.0
1783357680,29736.6,29753.9,29735.0,29743.9,277.0
1783357740,29743.7,29764.2,29742.2,29754.0,272.0
1783357800,29752.7,29758.9,29732.7,29748.0,275.0
1783357860,29748.7,29776.4,29748.7,29759.1,272.0
1783357920,29759.4,29778.4,29746.6,29774.5,274.0
1783357980,29774.7,29781.9,29763.0,29778.1,270.0
1783358040,29779.5,29787.2,29774.2,29781.4,276.0
1783358100,29782.2,29792.0,29773.4,29788.6,272.0
1783358160,29788.7,29797.1,29776.1,29793.5,274.0
1783358220,29794.4,29798.2,29779.9,29797.6,275.0
1783358280,29797.4,29801.4,29768.2,29776.9,267.0
1783358340,29776.0,29779.0,29759.6,29767.2,275.0
1783358400,29768.2,29780.5,29761.0,29770.9,276.0
1783358460,29767.5,29779.6,29747.5,29760.2,270.0
1783358520,29759.2,29775.4,29758.7,29770.5,261.0
1783358580,29771.0,29796.0,29771.0,29795.5,275.0
1783358640,29795.5,29800.6,29770.1,29773.9,274.0
1783358700,29774.5,29786.5,29774.5,29784.9,268.0
1783358760,29783.0,29792.7,29780.0,29781.9,266.0
1783358820,29781.9,29789.2,29764.2,29776.5,266.0
1783358880,29776.4,29781.1,29752.5,29759.4,275.0
1783358940,29759.9,29777.9,29759.7,29772.9,257.0
1783359000,29772.2,29784.7,29761.7,29783.7,271.0
1783359060,29780.9,29798.2,29778.5,29793.1,271.0
1783359120,29794.0,29809.1,29785.2,29809.1,268.0
1783359180,29806.7,29816.4,29796.7,29798.5,268.0
1783359240,29799.2,29808.0,29788.2,29804.9,275.0
1783359300,29804.4,29804.6,29785.2,29799.2,282.0
1783359360,29800.0,29812.4,29798.2,29804.9,262.0
1783359420,29805.6,29806.1,29788.5,29801.7,276.0
1783359480,29801.5,29805.7,29783.7,29785.1,270.0
1783359540,29786.4,29792.1,29777.6,29788.6,263.0
1783359600,29788.1,29791.6,29772.1,29778.0,281.0
1783359660,29777.9,29782.7,29754.0,29766.4,270.0
1783359720,29766.7,29771.5,29749.2,29766.7,277.0
1783359780,29766.9,29798.1,29765.2,29796.2,267.0
1783359840,29796.7,29810.5,29796.6,29797.9,265.0
1783359900,29798.1,29814.1,29789.9,29813.9,265.0
1783359960,29812.4,29815.6,29792.1,29797.5,264.0
1783360020,29797.5,29806.0,29791.1,29796.9,266.0
1783360080,29796.9,29799.0,29783.5,29795.7,270.0
1783360140,29795.9,29809.9,29795.9,29803.0,263.0
1783360200,29803.6,29826.4,29803.4,29820.4,254.0
1783360260,29819.4,29819.4,29802.4,29802.4,260.0
1783360320,29800.9,29802.5,29777.9,29782.6,259.0
1783360380,29782.9,29805.0,29780.7,29805.0,259.0
1783360440,29804.9,29804.9,29777.4,29781.6,264.0
1783360500,29782.1,29788.9,29772.1,29772.6,275.0
1783360560,29772.7,29777.6,29754.4,29761.7,284.0
1783360620,29761.6,29773.1,29747.6,29767.5,271.0
1783360680,29767.2,29789.1,29766.0,29780.4,258.0
1783360740,29779.7,29789.7,29778.6,29785.9,268.0
1783360800,29785.5,29791.9,29758.2,29764.1,268.0
1783360860,29764.1,29798.2,29759.1,29790.7,259.0
1783360920,29790.1,29803.6,29790.1,29796.4,269.0
1783360980,29795.9,29801.7,29791.6,29795.5,265.0
1783361040,29795.4,29798.2,29784.1,29786.4,269.0
1783361100,29786.9,29790.4,29771.6,29788.9,275.0
1783361160,29789.9,29794.6,29782.2,29791.1,268.0
1783361220,29791.2,29792.6,29765.4,29766.0,266.0
1783361280,29766.0,29768.7,29747.9,29759.5,268.0
1783361340,29759.9,29770.1,29756.4,29768.5,263.0
1783361400,29769.2,29778.5,29764.6,29777.5,271.0
1783361460,29777.1,29779.1,29754.1,29755.0,267.0
1783361520,29755.0,29759.6,29743.7,29751.4,265.0
1783361580,29753.1,29760.2,29719.9,29729.9,277.0
1783361640,29728.9,29747.6,29726.2,29743.5,276.0
1783361700,29743.7,29744.7,29728.4,29733.0,270.0
1783361760,29733.2,29733.2,29708.4,29711.5,267.0
1783361820,29711.4,29723.9,29705.4,29720.1,268.0
1783361880,29719.4,29725.0,29701.9,29725.0,278.0
1783361940,29725.1,29739.4,29715.7,29737.4,256.0
1783362000,29737.6,29745.9,29724.5,29732.1,265.0
1783362060,29732.2,29746.0,29727.7,29745.9,264.0
1783362120,29746.4,29760.6,29734.4,29758.6,258.0
1783362180,29758.0,29761.5,29741.9,29751.2,269.0
1783362240,29751.9,29767.6,29748.5,29765.9,273.0
1783362300,29767.5,29775.2,29763.4,29770.4,257.0
1783362360,29770.7,29799.4,29770.6,29796.7,268.0
1783362420,29796.0,29799.6,29789.4,29794.9,244.0
1783362480,29794.5,29798.7,29786.9,29797.1,235.0
1783362540,29798.5,29822.4,29797.6,29821.4,259.0
1783362600,29820.2,29821.4,29805.6,29813.7,265.0
1783362660,29813.4,29832.1,29813.4,29826.7,249.0
1783362720,29826.7,29828.0,29812.5,29824.5,249.0
1783362780,29824.6,29829.4,29816.4,29826.4,258.0
1783362840,29827.1,29827.1,29807.7,29809.1,252.0
1783362900,29807.9,29811.7,29792.4,29793.4,263.0
1783362960,29794.5,29810.9,29794.5,29808.9,253.0
1783363020,29809.7,29812.9,29795.9,29811.6,258.0
1783363080,29811.2,29824.5,29809.1,29822.1,239.0
1783363140,29823.6,29825.7,29810.2,29814.2,253.0
1783363200,29814.6,29816.1,29805.4,29812.1,243.0
1783363260,29811.4,29828.9,29808.9,29823.9,251.0
1783363320,29824.1,29835.9,29822.9,29833.4,240.0
1783363380,29834.1,29838.6,29830.6,29834.4,244.0
1783363440,29834.4,29838.5,29826.6,29829.9,225.0
1783363500,29831.6,29838.7,29828.4,29830.6,243.0
1783363560,29830.7,29838.5,29828.1,29835.5,236.0
1783363620,29835.6,29836.1,29831.4,29833.6,226.0
1783363680,29833.5,29834.7,29827.5,29827.6,229.0
1783363740,29828.1,29836.1,29822.1,29835.9,228.0
1783363800,29835.5,29843.6,29835.5,29838.5,234.0
1783363860,29837.9,29841.7,29830.2,29830.2,227.0
1783363920,29830.6,29831.6,29818.1,29822.2,232.0
1783363980,29821.7,29827.1,29816.7,29821.6,217.0
1783364040,29821.6,29822.1,29809.1,29809.1,218.0
1783364100,29810.1,29817.0,29810.1,29815.1,243.0
1783364160,29815.6,29835.1,29810.5,29833.6,221.0
1783364220,29833.4,29842.4,29831.6,29834.6,213.0
1783364280,29832.9,29834.2,29826.4,29826.5,213.0
1783364340,29825.9,29835.2,29823.4,29833.9,229.0
1783364400,29832.1,29835.6,29817.1,29823.4,248.0
1783364460,29823.4,29825.1,29818.4,29822.6,222.0
1783364520,29822.6,29828.4,29816.9,29816.9,224.0
1783364580,29817.4,29820.1,29813.9,29814.9,223.0
1783364640,29815.1,29821.7,29814.5,29817.7,225.0
1783364700,29819.1,29832.0,29816.1,29831.4,215.0
1783364760,29831.2,29833.9,29826.6,29829.6,193.0
1783364820,29829.6,29832.5,29825.4,29830.4,212.0
1783364880,29831.1,29836.7,29828.0,29833.9,214.0
1783364940,29834.0,29849.2,29832.7,29836.6,232.0
1783365000,29837.1,29853.4,29832.6,29850.4,250.0
1783365060,29850.6,29851.6,29838.0,29846.2,234.0
1783365120,29846.2,29848.6,29840.6,29843.6,229.0
1783365180,29842.4,29844.9,29833.9,29844.9,235.0
1783365240,29844.6,29845.4,29830.2,29830.2,225.0
1783365300,29831.0,29835.9,29829.0,29835.2,224.0
1783365360,29835.9,29838.1,29830.4,29833.4,207.0
1783365420,29833.4,29833.9,29821.2,29825.4,247.0
1783365480,29824.9,29826.1,29813.1,29814.2,249.0
1783365540,29814.0,29827.0,29813.4,29827.0,235.0
1783365600,29826.5,29835.1,29819.5,29821.0,217.0
1783365660,29821.1,29821.6,29809.4,29810.5,245.0
1783365720,29810.1,29811.0,29802.6,29805.4,244.0
1783365780,29806.1,29809.5,29801.4,29807.1,232.0
1783365840,29807.9,29810.0,29800.2,29806.4,235.0
1783365900,29806.1,29807.7,29793.0,29800.9,242.0
1783365960,29800.1,29805.1,29795.1,29797.1,233.0
1783366020,29797.1,29798.6,29786.9,29791.9,237.0
1783366080,29791.7,29793.5,29785.4,29791.1,215.0
1783366140,29791.1,29794.6,29785.9,29793.0,220.0
1783366200,29793.9,29794.4,29778.9,29787.6,231.0
1783366260,29787.6,29804.2,29787.2,29800.4,233.0
1783366320,29800.0,29803.9,29787.9,29791.0,232.0
1783366380,29791.1,29796.0,29788.5,29793.9,215.0
1783366440,29792.9,29798.6,29789.9,29792.9,208.0
1783366500,29792.1,29794.1,29780.2,29784.4,234.0
1783366560,29784.4,29790.4,29778.4,29786.1,216.0
1783366620,29786.1,29792.1,29778.9,29778.9,228.0
1783366680,29778.9,29778.9,29762.9,29766.5,247.0
1783366740,29766.7,29783.9,29766.7,29779.6,229.0
1783366800,29779.4,29791.6,29779.1,29789.1,216.0
1783366860,29789.6,29793.2,29782.1,29783.1,227.0
1783366920,29782.9,29788.4,29774.4,29774.9,212.0
1783366980,29774.9,29781.1,29774.9,29777.9,219.0
1783367040,29779.0,29782.9,29776.4,29776.9,212.0
1783367100,29775.9,29779.5,29762.9,29767.9,229.0
1783367160,29768.9,29787.6,29765.5,29783.7,241.0
1783367220,29783.9,29793.1,29782.9,29788.9,232.0
1783367280,29788.1,29791.2,29782.2,29786.1,194.0
1783367340,29786.2,29794.7,29781.9,29793.6,212.0
1783367400,29794.4,29798.2,29790.9,29795.4,226.0
1783367460,29795.6,29798.4,29782.4,29783.9,209.0
1783367520,29784.1,29784.2,29771.9,29774.6,232.0
1783367580,29775.1,29775.1,29762.6,29766.0,215.0
1783367640,29766.0,29768.4,29755.7,29755.9,233.0
1783367700,29758.6,29763.1,29751.6,29752.6,250.0
1783367760,29753.4,29756.1,29742.6,29755.1,240.0
1783367820,29755.6,29767.1,29754.1,29764.4,234.0
1783367880,29764.4,29766.1,29748.4,29752.5,220.0
1783367940,29752.6,29753.1,29742.1,29750.1,229.0
1783368000,29748.7,29755.9,29740.9,29753.6,240.0
1783368060,29753.4,29758.7,29745.1,29745.1,239.0
1783368120,29745.6,29749.9,29735.2,29740.1,237.0
1783368180,29740.4,29759.9,29738.9,29759.6,245.0
1783368240,29759.4,29763.6,29751.4,29755.1,231.0
1783368300,29754.9,29774.2,29751.6,29774.1,234.0
1783368360,29774.7,29788.7,29774.2,29785.9,249.0
1783368420,29786.0,29788.6,29780.1,29781.9,242.0
1783368480,29781.6,29785.0,29774.6,29785.0,226.0
1783368540,29784.9,29791.7,29784.1,29789.6,231.0
1783368600,29788.9,29796.1,29785.1,29786.6,243.0
1783368660,29786.0,29789.7,29780.2,29787.7,232.0
1783368720,29787.7,29792.7,29786.0,29788.9,204.0
1783368780,29788.4,29790.1,29775.9,29779.1,229.0
1783368840,29778.9,29779.7,29770.1,29778.6,197.0
1783368900,29778.6,29785.7,29774.6,29785.1,223.0
1783368960,29784.7,29791.4,29782.1,29784.1,213.0
1783369020,29783.2,29785.5,29770.4,29773.4,217.0
1783369080,29772.7,29773.4,29757.1,29759.6,234.0
1783369140,29759.6,29765.7,29753.9,29760.4,216.0
1783369200,29759.9,29761.6,29745.6,29746.4,233.0
1783369260,29746.0,29751.6,29735.6,29736.6,230.0
1783369320,29736.9,29742.2,29724.2,29741.9,252.0
1783369380,29742.1,29746.7,29733.6,29736.9,233.0
1783369440,29736.1,29739.5,29724.1,29739.5,236.0
1783369500,29739.5,29754.1,29739.5,29747.9,242.0
1783369560,29748.1,29756.4,29746.4,29750.6,235.0
1783369620,29750.7,29752.1,29734.0,29734.9,229.0
1783369680,29736.4,29737.2,29724.5,29725.1,247.0
1783369740,29724.9,29727.9,29707.9,29715.4,250.0
1783369800,29715.2,29719.9,29699.1,29701.4,250.0
1783369860,29702.9,29709.4,29695.7,29701.4,251.0
1783369920,29701.4,29706.1,29689.1,29691.9,246.0
1783369980,29691.4,29696.7,29682.0,29690.1,249.0
1783370040,29690.4,29698.1,29686.9,29693.7,250.0
1783370100,29693.6,29698.1,29685.2,29691.4,265.0
1783370160,29691.6,29692.6,29675.5,29682.1,248.0
1783370220,29682.9,29690.4,29674.4,29685.9,259.0
1783370280,29685.5,29692.4,29684.1,29687.4,242.0
1783370340,29688.6,29688.6,29676.1,29682.1,243.0
1783370400,29680.5,29680.5,29666.7,29669.9,249.0
1783370460,29670.1,29674.4,29665.4,29667.6,245.0
1783370520,29666.9,29667.9,29642.6,29646.4,258.0
1783370580,29646.6,29663.1,29645.9,29661.4,253.0
1783370640,29660.6,29671.0,29660.6,29665.1,236.0
1783370700,29662.5,29662.5,29642.9,29661.6,254.0
1783370760,29660.9,29680.7,29659.4,29676.2,243.0
1783370820,29676.7,29690.9,29675.5,29683.7,247.0
1783370880,29683.0,29687.9,29675.1,29675.1,244.0
1783370940,29675.6,29678.9,29670.1,29678.6,231.0
1783371000,29678.6,29695.5,29678.6,29687.4,243.0
1783371060,29687.4,29693.1,29683.9,29689.6,228.0
1783371120,29689.6,29690.1,29671.1,29672.7,228.0
1783371180,29672.9,29673.4,29661.4,29670.6,216.0
1783371240,29670.6,29672.0,29661.4,29663.1,214.0
1783371300,29663.6,29669.9,29656.6,29659.1,232.0
1783371360,29660.1,29664.9,29656.9,29661.6,222.0
1783371420,29661.9,29666.4,29652.9,29655.0,223.0
1783371480,29654.6,29656.9,29647.2,29649.4,214.0
1783371540,29649.0,29658.4,29648.1,29656.4,232.0
1783371600,29658.0,29672.2,29655.7,29661.1,252.0
1783371660,29660.6,29681.2,29658.9,29680.9,239.0
1783371720,29681.4,29692.1,29680.6,29683.1,231.0
1783371780,29682.9,29692.6,29680.5,29692.2,230.0
1783371840,29692.1,29693.2,29679.1,29684.4,221.0
1783371900,29684.4,29695.2,29683.5,29687.9,225.0
1783371960,29688.0,29704.7,29688.0,29704.7,216.0
1783372020,29705.2,29716.9,29701.9,29715.9,230.0
1783372080,29715.4,29727.4,29713.4,29724.6,241.0
1783372140,29724.7,29725.0,29714.5,29721.4,221.0
1783372200,29721.4,29727.5,29719.0,29723.6,228.0
1783372260,29724.0,29724.9,29718.0,29718.0,229.0
1783372320,29717.5,29718.5,29709.6,29715.9,219.0
1783372380,29716.1,29718.5,29709.5,29710.1,220.0
1783372440,29710.1,29713.2,29705.6,29709.0,194.0
1783372500,29710.4,29734.1,29710.0,29734.1,238.0
1783372560,29733.9,29754.7,29733.9,29742.6,237.0
1783372620,29742.6,29742.6,29730.2,29730.2,220.0
1783372680,29729.5,29734.6,29724.7,29734.1,223.0
1783372740,29733.4,29745.1,29733.4,29744.1,226.0
1783372800,29743.7,29746.6,29732.6,29738.4,227.0
1783372860,29737.7,29747.6,29734.1,29744.1,229.0
1783372920,29744.5,29747.9,29741.4,29745.1,209.0
1783372980,29743.7,29745.6,29735.0,29745.4,212.0
1783373040,29745.4,29751.1,29741.2,29749.7,211.0
1783373100,29749.2,29753.4,29742.2,29752.2,203.0
1783373160,29752.4,29759.4,29746.9,29752.6,228.0
1783373220,29752.1,29752.4,29737.4,29738.6,223.0
1783373280,29739.1,29740.9,29728.4,29732.6,227.0
1783373340,29732.6,29736.7,29727.5,29732.1,216.0
1783373400,29731.9,29735.9,29726.2,29731.4,235.0
1783373460,29731.1,29738.1,29728.4,29734.6,215.0
1783373520,29734.9,29734.9,29718.1,29721.9,218.0
1783373580,29721.6,29725.6,29714.9,29718.0,215.0
1783373640,29717.9,29720.4,29710.0,29710.1,215.0
1783373700,29709.6,29719.5,29708.6,29716.1,210.0
1783373760,29716.4,29724.5,29711.9,29723.5,219.0
1783373820,29723.6,29732.9,29721.9,29732.1,212.0
1783373880,29731.9,29737.1,29719.7,29720.0,218.0
1783373940,29719.5,29721.1,29713.2,29718.6,215.0
1783374000,29719.6,29731.6,29719.1,29731.4,208.0
1783374060,29731.4,29737.9,29731.4,29736.1,204.0
1783374120,29736.0,29743.1,29733.0,29741.1,218.0
1783374180,29740.9,29743.5,29736.9,29741.4,201.0
1783374240,29741.5,29743.4,29723.0,29737.5,232.0
1783374300,29738.6,29747.5,29733.9,29745.2,218.0
1783374360,29745.4,29755.7,29741.6,29754.9,219.0
1783374420,29755.1,29762.1,29753.7,29758.0,225.0
1783374480,29757.9,29761.1,29748.4,29748.4,221.0
1783374540,29748.2,29749.9,29742.0,29747.4,218.0
1783374600,29747.2,29747.9,29738.5,29746.9,215.0
1783374660,29747.1,29754.5,29744.4,29748.1,221.0
1783374720,29747.4,29750.6,29743.4,29745.4,200.0
1783374780,29745.5,29746.9,29736.9,29746.4,217.0
1783374840,29746.1,29749.9,29742.9,29749.4,201.0
1783374900,29749.4,29751.2,29740.1,29745.9,228.0
1783374960,29745.6,29763.6,29743.5,29756.9,222.0
1783375020,29756.9,29760.1,29755.6,29756.1,199.0
1783375080,29756.1,29761.4,29754.4,29754.5,186.0
1783375140,29754.6,29754.6,29745.5,29750.5,206.0
1783375200,29750.4,29769.0,29750.4,29756.9,234.0
1783375260,29757.6,29758.6,29745.2,29752.9,238.0
1783375320,29753.4,29758.1,29742.5,29742.5,223.0
1783375380,29742.5,29746.6,29740.9,29741.6,223.0
1783375440,29741.9,29751.1,29741.5,29749.0,220.0
1783375500,29749.4,29759.4,29746.9,29758.9,214.0
1783375560,29759.2,29767.6,29751.1,29763.4,222.0
1783375620,29763.2,29768.1,29757.4,29758.1,203.0
1783375680,29758.1,29763.4,29753.9,29760.6,230.0
1783375740,29761.1,29767.4,29760.4,29766.4,225.0
1783375800,29767.1,29773.9,29765.5,29769.9,235.0
1783375860,29769.6,29775.7,29765.1,29774.6,231.0
1783375920,29774.6,29784.7,29772.9,29783.2,219.0
1783375980,29783.9,29783.9,29773.6,29780.1,230.0
1783376040,29780.4,29781.4,29770.1,29771.4,222.0
1783376100,29772.1,29778.9,29765.0,29777.4,208.0
1783376160,29778.1,29782.5,29771.4,29775.1,212.0
1783376220,29775.4,29791.1,29774.6,29788.2,228.0
1783376280,29789.4,29795.9,29786.9,29786.9,223.0
1783376340,29787.9,29795.7,29785.4,29793.4,201.0
1783376400,29793.7,29800.2,29786.9,29799.9,227.0
1783376460,29800.1,29808.0,29795.7,29799.9,227.0
1783376520,29799.6,29802.9,29795.2,29799.1,198.0
1783376580,29798.6,29806.1,29796.4,29805.5,217.0
1783376640,29805.6,29811.7,29805.6,29807.2,234.0
1783376700,29807.4,29811.7,29800.5,29808.6,251.0
1783376760,29808.6,29809.1,29797.0,29802.4,227.0
1783376820,29802.4,29806.4,29793.0,29794.7,219.0
1783376880,29794.4,29798.5,29792.9,29797.4,217.0
1783376940,29797.6,29799.1,29792.4,29795.6,197.0
1783377000,29795.1,29796.2,29774.9,29777.1,258.0
1783377060,29776.5,29778.9,29762.1,29778.9,254.0
1783377120,29778.7,29784.6,29775.4,29781.9,236.0
1783377180,29782.4,29783.6,29775.4,29782.2,234.0
1783377240,29782.1,29788.1,29777.4,29786.6,231.0
1783377300,29786.4,29792.5,29780.9,29782.6,236.0
1783377360,29782.4,29782.4,29760.9,29764.1,238.0
1783377420,29764.9,29772.9,29761.1,29763.6,227.0
1783377480,29763.6,29770.2,29761.4,29769.6,231.0
1783377540,29769.6,29769.7,29761.6,29763.1,211.0
1783377600,29761.4,29764.9,29757.4,29758.6,225.0
1783377660,29758.7,29781.6,29757.9,29781.6,238.0
1783377720,29782.0,29785.4,29777.9,29778.6,220.0
1783377780,29778.7,29787.0,29778.6,29781.9,226.0
1783377840,29781.6,29789.6,29780.6,29783.6,218.0
1783377900,29784.0,29795.9,29782.9,29793.6,230.0
1783377960,29794.4,29795.0,29787.4,29792.1,212.0
1783378020,29791.9,29795.6,29788.1,29791.5,213.0
1783378080,29791.5,29793.7,29779.4,29789.1,242.0
1783378140,29789.1,29791.2,29783.2,29783.4,231.0
1783378200,29783.9,29783.9,29744.1,29745.7,256.0
1783378260,29744.9,29755.4,29743.1,29744.1,260.0
1783378320,29745.4,29749.2,29729.7,29729.7,258.0
1783378380,29729.9,29745.0,29729.9,29742.0,247.0
1783378440,29746.1,29749.0,29724.7,29725.6,258.0
1783378500,29728.2,29728.2,29702.2,29714.9,262.0
1783378560,29715.1,29720.5,29710.2,29716.1,255.0
1783378620,29713.9,29739.9,29713.9,29729.4,263.0
1783378680,29729.9,29729.9,29710.7,29717.2,240.0
1783378740,29717.0,29721.6,29691.5,29713.1,278.0
1783378800,29711.0,29719.1,29705.5,29706.6,265.0
1783378860,29708.7,29709.7,29693.6,29699.9,265.0
1783378920,29699.6,29722.1,29699.4,29719.9,258.0
1783378980,29720.2,29724.1,29710.0,29711.1,235.0
1783379040,29711.1,29716.9,29706.1,29708.5,230.0
1783379100,29708.7,29716.9,29704.1,29716.4,200.0
1783379160,29716.4,29718.6,29712.9,29717.7,165.0
1783379220,29717.6,29724.5,29716.1,29723.6,169.0
1783379280,29723.6,29732.1,29721.9,29728.4,185.0
1783379340,29728.4,29729.2,29716.1,29722.4,173.0
1783379400,29721.9,29724.7,29716.4,29717.5,156.0
1783379460,29717.4,29719.4,29712.6,29717.5,155.0
1783379520,29716.7,29724.0,29716.4,29721.5,142.0
1783379580,29721.6,29727.2,29719.6,29722.2,156.0
1783379640,29720.7,29725.9,29720.4,29723.1,159.0
1783379700,29723.1,29724.5,29720.6,29723.0,107.0
1783379760,29723.0,29727.7,29722.6,29725.9,108.0
1783379820,29725.9,29728.1,29724.6,29727.6,122.0
1783379880,29727.6,29729.7,29725.6,29726.5,115.0
1783379940,29726.6,29728.6,29721.9,29722.9,123.0
1783380000,29722.9,29723.5,29719.2,29721.0,116.0
1783380060,29720.9,29721.4,29715.9,29716.4,99.0
1783380120,29716.4,29719.0,29715.0,29718.4,107.0
1783380180,29719.1,29720.0,29718.4,29719.0,82.0
1783380240,29719.0,29721.6,29717.1,29717.1,110.0
1783380300,29716.9,29717.5,29713.5,29714.9,144.0
1783380360,29714.6,29715.6,29710.9,29710.9,121.0
1783380420,29710.9,29716.4,29710.9,29714.9,93.0
1783380480,29714.6,29716.6,29712.2,29713.1,87.0
1783380540,29713.1,29719.5,29710.5,29719.4,107.0
1783380600,29719.4,29721.4,29717.9,29720.2,68.0
1783380660,29720.2,29723.6,29720.0,29723.4,81.0
1783380720,29723.2,29725.4,29720.6,29721.5,87.0
1783380780,29721.4,29721.5,29715.5,29717.0,77.0
1783380840,29717.0,29719.6,29717.0,29718.6,76.0
1783380900,29719.4,29719.4,29715.2,29716.1,86.0
1783380960,29715.2,29717.9,29715.1,29715.2,67.0
1783381020,29715.2,29716.1,29712.5,29714.6,71.0
1783381080,29714.6,29717.5,29713.6,29717.4,57.0
1783381140,29717.4,29718.5,29716.9,29716.9,32.0
1783381200,29716.9,29717.9,29714.9,29717.9,79.0
1783381260,29717.7,29718.6,29716.1,29716.9,58.0
1783381320,29717.1,29718.5,29716.0,29717.4,64.0
1783381380,29717.4,29718.1,29716.2,29716.2,55.0
1783381440,29715.7,29716.7,29714.6,29715.4,79.0
1783381500,29715.4,29717.9,29713.6,29715.9,100.0
1783381560,29715.9,29715.9,29712.7,29715.4,86.0
1783381620,29715.4,29715.5,29713.0,29713.5,61.0
1783381680,29713.5,29714.0,29704.2,29706.2,101.0
1783381740,29706.1,29706.1,29700.2,29700.6,94.0
1783381800,29700.6,29701.9,29699.6,29700.1,95.0
1783381860,29700.4,29701.9,29696.0,29696.1,93.0
1783381920,29696.0,29696.9,29691.2,29692.9,82.0
1783381980,29692.9,29699.7,29692.9,29699.2,80.0
1783382040,29699.2,29701.5,29698.0,29700.7,88.0
1783382100,29700.7,29703.1,29697.9,29700.0,104.0
1783382160,29700.0,29704.6,29699.7,29704.2,75.0
1783382220,29704.1,29707.1,29703.2,29705.2,92.0
1783382280,29705.2,29715.0,29705.0,29711.6,106.0
1783386000,29719.5,29730.2,29708.5,29729.5,113.0
1783386060,29729.5,29731.5,29723.6,29724.6,85.0
1783386120,29724.6,29724.6,29717.8,29720.5,73.0
1783386180,29720.5,29721.3,29717.3,29721.1,47.0
1783386240,29721.1,29729.1,29721.1,29727.1,69.0
1783386300,29727.1,29727.1,29708.3,29712.3,90.0
1783386360,29712.3,29718.8,29707.5,29709.1,77.0
1783386420,29709.1,29709.1,29704.1,29707.5,79.0
1783386480,29708.0,29711.5,29705.5,29710.0,64.0
1783386540,29710.0,29712.8,29708.1,29712.6,49.0
1783386600,29712.6,29729.8,29711.8,29729.3,80.0
1783386660,29729.3,29730.1,29723.5,29728.3,83.0
1783386720,29727.5,29730.8,29726.6,29730.0,49.0
1783386780,29730.0,29731.0,29726.1,29729.0,53.0
1783386840,29729.0,29729.2,29726.5,29728.3,51.0
1783386900,29728.3,29734.1,29725.1,29726.5,68.0
1783386960,29726.5,29730.1,29724.5,29726.0,55.0
1783387020,29726.0,29728.7,29725.5,29728.7,32.0
1783387080,29728.6,29734.3,29726.6,29733.6,52.0
1783387140,29733.6,29735.3,29731.5,29731.6,48.0
1783387200,29731.6,29735.6,29731.5,29732.5,59.0
1783387260,29732.5,29736.8,29732.5,29735.7,51.0
1783387320,29735.7,29736.3,29733.1,29735.7,62.0
1783387380,29735.8,29736.5,29734.8,29736.0,63.0
1783387440,29736.2,29736.3,29729.8,29730.0,81.0
1783387500,29730.0,29731.1,29723.7,29724.2,129.0
1783387560,29724.3,29726.7,29720.8,29721.0,100.0
1783387620,29721.0,29721.8,29716.1,29718.7,107.0
1783387680,29718.7,29721.0,29716.2,29717.6,96.0
1783387740,29717.6,29721.5,29714.5,29715.1,70.0
1783387800,29715.1,29715.2,29707.5,29713.1,120.0
1783387860,29713.1,29716.8,29712.1,29714.8,115.0
1783387920,29714.6,29723.8,29713.2,29723.5,105.0
1783387980,29723.5,29727.1,29722.3,29723.5,85.0
1783388040,29723.5,29725.0,29718.6,29718.7,108.0
1783388100,29718.6,29725.0,29716.0,29716.0,117.0
1783388160,29715.8,29719.2,29713.2,29717.0,112.0
1783388220,29717.5,29718.0,29714.3,29717.7,76.0
1783388280,29717.7,29717.7,29715.1,29717.5,63.0
1783388340,29717.3,29721.2,29716.3,29720.3,81.0
1783388400,29720.6,29729.6,29720.6,29728.8,90.0
1783388460,29728.8,29732.6,29727.6,29727.6,65.0
1783388520,29726.8,29729.3,29723.3,29724.5,79.0
1783388580,29724.5,29724.8,29714.1,29715.0,108.0
1783388640,29715.1,29716.2,29710.0,29713.6,100.0
1783388700,29713.5,29714.6,29696.6,29696.6,147.0
1783388760,29696.5,29696.6,29675.8,29678.5,176.0
1783388820,29678.3,29681.6,29675.8,29678.0,148.0
1783388880,29678.0,29688.5,29678.0,29683.7,127.0
1783388940,29684.1,29685.8,29681.8,29684.2,122.0
1783389000,29684.1,29688.2,29679.5,29685.6,90.0
1783389060,29685.2,29686.3,29681.1,29681.5,73.0
1783389120,29681.5,29681.8,29677.6,29681.6,103.0
1783389180,29681.6,29682.2,29670.5,29671.2,130.0
1783389240,29671.2,29674.2,29668.5,29671.2,142.0
1783389300,29671.2,29672.1,29657.5,29658.0,148.0
1783389360,29658.3,29661.6,29654.0,29654.6,168.0
1783389420,29656.0,29662.1,29653.0,29660.8,151.0
1783389480,29661.0,29666.3,29658.8,29665.7,126.0
1783389540,29665.7,29668.6,29657.6,29657.6,121.0
1783389600,29657.6,29674.5,29655.1,29669.5,168.0
1783389660,29669.0,29681.3,29666.8,29673.7,157.0
1783389720,29673.8,29684.5,29672.7,29684.2,136.0
1783389780,29684.5,29692.6,29684.3,29684.7,136.0
1783389840,29684.7,29686.7,29681.0,29684.1,125.0
1783389900,29684.1,29687.5,29683.7,29686.8,85.0
1783389960,29688.0,29691.0,29686.0,29688.5,92.0
1783390020,29688.5,29689.0,29686.3,29686.6,80.0
1783390080,29686.7,29690.3,29682.3,29683.2,91.0
1783390140,29683.2,29683.5,29668.7,29674.1,142.0
1783390200,29674.2,29678.5,29673.7,29677.6,100.0
1783390260,29677.7,29681.1,29671.3,29676.8,128.0
1783390320,29676.1,29681.1,29673.2,29674.6,103.0
1783390380,29674.8,29675.7,29673.1,29675.5,77.0
1783390440,29675.3,29675.5,29667.3,29670.1,103.0
1783390500,29670.1,29670.1,29665.3,29668.2,111.0
1783390560,29667.0,29667.1,29655.5,29656.3,136.0
1783390620,29656.7,29661.7,29656.7,29658.6,110.0
1783390680,29658.7,29660.2,29646.7,29647.6,115.0
1783390740,29647.0,29648.8,29638.2,29641.7,155.0
1783390800,29640.0,29646.3,29637.3,29641.0,138.0
1783390860,29641.0,29649.3,29640.7,29647.1,96.0
1783390920,29647.1,29650.3,29646.5,29649.7,99.0
1783390980,29649.7,29653.6,29648.1,29652.5,93.0
1783391040,29652.2,29661.2,29652.2,29660.0,114.0
1783391100,29660.0,29661.7,29656.1,29656.5,108.0
1783391160,29656.5,29662.3,29655.0,29662.2,87.0
1783391220,29662.2,29668.1,29662.2,29666.2,133.0
1783391280,29666.1,29666.8,29663.6,29663.6,72.0
1783391340,29664.2,29669.5,29661.7,29661.8,88.0
1783391400,29661.2,29669.7,29660.7,29662.1,102.0
1783391460,29662.1,29662.6,29655.8,29659.2,107.0
1783391520,29659.2,29662.8,29654.5,29655.0,109.0
1783391580,29655.0,29655.0,29648.8,29651.6,124.0
1783391640,29651.6,29651.6,29646.1,29646.8,96.0
1783391700,29646.7,29654.6,29646.7,29654.1,106.0
1783391760,29654.0,29654.7,29647.8,29648.1,81.0
1783391820,29648.1,29652.3,29645.6,29652.0,84.0
1783391880,29652.0,29652.8,29645.6,29645.6,71.0
1783391940,29645.3,29647.1,29642.8,29644.5,118.0
1783392000,29644.5,29645.8,29640.3,29641.2,123.0
1783392060,29641.2,29643.1,29632.7,29637.2,132.0
1783392120,29637.2,29637.8,29630.0,29636.8,123.0
1783392180,29636.8,29643.3,29636.8,29642.7,85.0
1783392240,29644.0,29645.0,29636.2,29637.6,116.0
1783392300,29637.6,29638.7,29623.2,29628.8,204.0
1783392360,29628.8,29629.1,29615.8,29622.1,212.0
1783392420,29622.0,29622.6,29614.8,29621.5,189.0
1783392480,29621.6,29624.0,29616.0,29619.7,194.0
1783392540,29619.7,29626.2,29618.3,29620.0,187.0
1783392600,29620.0,29621.8,29604.3,29612.2,211.0
1783392660,29612.2,29615.8,29606.5,29615.8,166.0
1783392720,29615.8,29621.7,29612.6,29620.5,147.0
1783392780,29621.0,29622.8,29615.8,29619.3,119.0
1783392840,29619.3,29622.7,29611.8,29616.8,169.0
1783392900,29616.7,29619.7,29608.3,29609.0,170.0
1783392960,29609.0,29616.6,29606.8,29612.2,159.0
1783393020,29612.2,29613.1,29605.8,29608.0,150.0
1783393080,29608.0,29611.1,29605.0,29609.7,161.0
1783393140,29609.7,29616.2,29607.0,29616.2,159.0
1783393200,29613.6,29625.7,29597.8,29621.6,259.0
1783393260,29620.8,29632.0,29615.6,29620.7,247.0
1783393320,29621.0,29624.5,29616.2,29618.2,249.0
1783393380,29618.2,29628.0,29616.6,29625.5,231.0
1783393440,29625.6,29628.3,29618.5,29624.3,218.0
1783393500,29624.3,29636.2,29621.8,29628.6,249.0
1783393560,29628.5,29633.3,29614.7,29624.8,254.0
1783393620,29624.8,29644.1,29621.8,29642.3,247.0
1783393680,29642.7,29644.7,29626.6,29627.5,244.0
1783393740,29627.6,29631.7,29622.3,29627.0,240.0
1783393800,29627.0,29627.3,29617.7,29620.2,204.0
1783393860,29620.1,29620.1,29601.2,29604.2,238.0
1783393920,29604.2,29605.8,29591.6,29601.3,239.0
1783393980,29601.8,29606.6,29595.3,29597.1,254.0
1783394040,29597.5,29601.2,29589.2,29591.7,213.0
1783394100,29591.7,29597.6,29580.3,29595.5,256.0
1783394160,29595.6,29608.1,29593.1,29603.5,239.0
1783394220,29603.3,29611.3,29593.1,29602.8,236.0
1783394280,29602.5,29605.6,29594.8,29598.5,241.0
1783394340,29599.1,29625.7,29598.6,29623.3,234.0
1783394400,29624.3,29647.8,29621.3,29644.6,237.0
1783394460,29643.8,29662.7,29641.7,29662.3,251.0
1783394520,29661.2,29666.3,29652.0,29663.1,248.0
1783394580,29662.6,29672.2,29650.7,29671.8,243.0
1783394640,29671.7,29672.5,29655.1,29658.3,240.0
1783394700,29658.0,29676.3,29652.8,29676.0,237.0
1783394760,29675.7,29677.2,29666.5,29667.8,252.0
1783394820,29667.8,29669.6,29648.2,29652.6,246.0
1783394880,29652.1,29654.3,29635.6,29638.0,234.0
1783394940,29637.3,29643.6,29629.1,29642.3,216.0
1783395000,29642.3,29650.8,29634.7,29640.0,243.0
1783395060,29640.0,29648.3,29634.7,29638.8,237.0
1783395120,29639.0,29643.3,29631.5,29636.0,208.0
1783395180,29636.0,29637.6,29622.7,29623.6,222.0
1783395240,29621.7,29624.7,29607.5,29609.1,203.0
1783395300,29608.8,29612.6,29595.2,29599.2,228.0
1783395360,29599.1,29605.8,29596.5,29604.3,240.0
1783395420,29605.3,29606.6,29583.8,29586.3,237.0
1783395480,29586.5,29589.3,29578.3,29586.7,237.0
1783395540,29587.0,29597.5,29585.2,29588.5,245.0
1783395600,29588.5,29591.1,29579.1,29579.7,225.0
1783395660,29579.5,29581.6,29572.1,29576.0,238.0
1783395720,29575.6,29581.7,29572.0,29579.2,214.0
1783395780,29578.7,29590.0,29574.2,29589.8,238.0
1783395840,29590.0,29605.5,29589.8,29596.5,231.0
1783395900,29596.3,29606.7,29591.5,29595.0,244.0
1783395960,29595.6,29596.0,29572.1,29579.7,248.0
1783396020,29580.6,29597.5,29579.5,29590.8,228.0
1783396080,29590.5,29607.6,29586.8,29607.5,252.0
1783396140,29607.6,29611.1,29599.1,29600.5,227.0
1783396200,29600.1,29601.8,29583.7,29589.3,242.0
1783396260,29589.2,29598.0,29586.7,29593.3,254.0
1783396320,29592.6,29613.7,29592.5,29613.2,215.0
1783396380,29613.0,29614.0,29605.6,29609.0,238.0
1783396440,29608.3,29618.5,29606.1,29616.0,244.0
1783396500,29615.6,29620.0,29606.8,29612.6,242.0
1783396560,29612.6,29617.0,29592.8,29594.1,233.0
1783396620,29594.1,29597.6,29582.2,29587.8,232.0
1783396680,29588.0,29591.0,29579.2,29581.7,214.0
1783396740,29584.5,29587.3,29578.0,29580.6,227.0
1783396800,29580.8,29595.0,29574.5,29592.2,263.0
1783396860,29592.7,29598.1,29573.6,29579.3,251.0
1783396920,29579.5,29581.3,29571.8,29577.0,246.0
1783396980,29576.8,29589.2,29576.3,29587.0,248.0
1783397040,29587.1,29587.5,29568.0,29579.3,230.0
1783397100,29579.3,29581.3,29573.5,29580.0,242.0
1783397160,29579.7,29589.6,29578.2,29584.2,237.0
1783397220,29584.6,29589.0,29577.2,29577.5,242.0
1783397280,29577.8,29589.2,29574.1,29581.2,230.0
1783397340,29580.8,29585.6,29574.3,29577.3,231.0
1783397400,29578.0,29590.3,29577.2,29579.1,227.0
1783397460,29578.8,29587.0,29576.0,29578.7,233.0
1783397520,29579.1,29583.2,29565.0,29581.3,210.0
1783397580,29581.3,29581.3,29564.3,29570.5,201.0
1783397640,29570.3,29577.1,29565.3,29566.8,203.0
1783397700,29568.3,29577.8,29565.7,29567.5,205.0
1783397760,29567.5,29568.7,29560.0,29566.6,225.0
1783397820,29566.6,29571.8,29561.8,29569.8,200.0
1783397880,29569.5,29577.1,29560.5,29568.1,215.0
1783397940,29567.7,29568.3,29558.3,29563.3,230.0
1783398000,29563.7,29564.2,29551.2,29551.2,192.0
1783398060,29551.0,29551.5,29532.8,29537.1,221.0
1783398120,29537.0,29538.5,29530.5,29534.6,232.0
1783398180,29533.2,29538.2,29528.1,29537.8,236.0
1783398240,29537.7,29540.8,29521.8,29522.8,186.0
1783398300,29522.7,29522.7,29515.8,29516.2,217.0
1783398360,29516.5,29518.5,29507.6,29509.3,217.0
1783398420,29509.6,29511.7,29504.2,29506.6,232.0
1783398480,29506.3,29509.7,29500.5,29507.5,235.0
1783398540,29507.6,29515.5,29492.6,29503.1,233.0
1783398600,29502.0,29506.7,29493.1,29500.1,234.0
1783398660,29500.0,29504.8,29496.2,29498.3,252.0
1783398720,29499.0,29506.0,29481.0,29504.5,236.0
1783398780,29504.5,29513.1,29498.2,29513.1,242.0
1783398840,29513.1,29517.8,29503.7,29515.3,242.0
1783398900,29515.5,29534.2,29514.6,29532.6,244.0
1783398960,29532.6,29535.1,29517.1,29522.7,254.0
1783399020,29522.2,29524.2,29511.5,29521.0,233.0
1783399080,29522.1,29536.7,29521.6,29534.0,242.0
1783399140,29534.0,29537.6,29529.8,29531.5,233.0
1783399200,29531.6,29540.3,29528.0,29540.3,245.0
1783399260,29540.5,29541.1,29522.8,29524.1,238.0
1783399320,29524.3,29525.0,29513.2,29519.0,234.0
1783399380,29519.7,29539.5,29519.7,29538.2,223.0
1783399440,29537.2,29552.7,29536.0,29552.2,206.0
1783399500,29552.2,29567.0,29550.8,29562.7,221.0
1783399560,29561.6,29570.6,29560.3,29567.1,214.0
1783399620,29567.1,29571.6,29564.2,29564.2,226.0
1783399680,29562.7,29572.1,29557.3,29567.0,223.0
1783399740,29567.1,29568.6,29560.5,29567.0,223.0
1783399800,29567.0,29571.6,29559.1,29560.8,231.0
1783399860,29560.8,29564.6,29555.7,29561.3,209.0
1783399920,29560.8,29564.6,29556.5,29561.8,218.0
1783399980,29562.1,29567.3,29558.8,29564.2,217.0
1783400040,29564.3,29584.8,29564.1,29580.2,223.0
1783400100,29580.2,29581.3,29557.8,29559.8,219.0
1783400160,29559.6,29568.3,29556.3,29564.3,221.0
1783400220,29564.3,29564.8,29553.3,29557.3,201.0
1783400280,29558.0,29559.3,29539.6,29540.3,194.0
1783400340,29540.2,29544.3,29532.3,29536.7,221.0
1783400400,29536.3,29544.1,29531.5,29532.5,247.0
1783400460,29532.6,29554.1,29530.8,29552.6,241.0
1783400520,29552.6,29554.8,29539.0,29539.0,228.0
1783400580,29538.8,29559.0,29535.0,29551.2,226.0
1783400640,29551.8,29559.0,29547.7,29552.5,231.0
1783400700,29552.5,29553.5,29544.2,29549.8,229.0
1783400760,29549.6,29556.8,29546.3,29554.2,225.0
1783400820,29554.0,29574.8,29554.0,29574.6,224.0
1783400880,29574.6,29577.7,29571.8,29576.6,227.0
1783400940,29576.6,29579.1,29565.8,29567.6,213.0
1783401000,29567.6,29574.8,29565.7,29568.1,229.0
1783401060,29567.8,29575.2,29564.1,29570.8,209.0
1783401120,29571.2,29574.7,29565.6,29573.0,218.0
1783401180,29573.8,29576.6,29567.0,29572.8,225.0
1783401240,29572.5,29573.0,29567.5,29568.2,209.0
1783401300,29568.5,29572.8,29563.1,29567.5,206.0
1783401360,29567.1,29582.7,29567.1,29579.1,217.0
1783401420,29579.5,29580.2,29569.3,29572.6,202.0
1783401480,29572.5,29572.5,29565.6,29565.6,207.0
1783401540,29565.7,29572.2,29564.1,29569.7,206.0
1783401600,29569.7,29570.3,29560.3,29565.7,182.0
1783401660,29565.5,29566.2,29548.7,29550.0,205.0
1783401720,29551.6,29552.6,29546.2,29547.7,177.0
1783401780,29546.8,29555.8,29544.1,29555.8,217.0
1783401840,29556.2,29556.8,29540.7,29541.1,204.0
1783401900,29541.1,29543.8,29536.2,29540.3,211.0
1783401960,29540.0,29543.1,29537.0,29540.0,210.0
1783402020,29540.2,29541.5,29534.7,29540.0,183.0
1783402080,29541.1,29542.3,29536.0,29538.5,186.0
1783402140,29538.5,29540.5,29535.2,29536.0,189.0
1783402200,29535.7,29536.1,29523.5,29526.6,206.0
1783402260,29526.6,29530.3,29521.6,29524.8,210.0
1783402320,29525.6,29526.6,29520.5,29522.6,183.0
1783402380,29522.6,29523.8,29510.7,29512.0,190.0
1783402440,29511.8,29517.1,29508.6,29511.1,201.0
1783402500,29511.8,29520.7,29511.6,29520.2,214.0
1783402560,29519.7,29530.1,29513.3,29530.1,210.0
1783402620,29530.0,29531.6,29509.6,29510.5,192.0
1783402680,29510.6,29520.1,29502.5,29519.3,211.0
1783402740,29519.1,29540.5,29519.1,29536.5,197.0
1783402800,29536.3,29542.0,29533.2,29541.2,207.0
1783402860,29541.2,29544.6,29530.1,29533.0,207.0
1783402920,29533.1,29536.2,29530.0,29530.3,202.0
1783402980,29531.0,29539.0,29528.0,29536.2,198.0
1783403040,29536.2,29543.6,29532.0,29543.0,202.0
1783403100,29542.5,29543.5,29539.1,29539.7,191.0
1783403160,29539.7,29540.6,29530.6,29531.7,164.0
1783403220,29531.7,29534.1,29526.6,29528.8,171.0
1783403280,29529.0,29531.6,29523.1,29524.5,176.0
1783403340,29525.2,29528.8,29521.1,29527.7,199.0
1783403400,29527.5,29531.1,29518.5,29520.1,192.0
1783403460,29520.1,29523.0,29514.0,29516.6,212.0
1783403520,29515.8,29529.3,29513.8,29527.7,191.0
1783403580,29527.6,29527.6,29520.1,29524.6,209.0
1783403640,29525.0,29529.8,29522.2,29529.8,195.0
1783403700,29530.6,29530.6,29523.6,29524.8,200.0
1783403760,29524.8,29535.1,29524.5,29527.7,199.0
1783403820,29527.6,29528.3,29519.0,29522.7,205.0
1783403880,29522.7,29523.7,29510.3,29510.8,211.0
1783403940,29510.1,29513.5,29508.0,29510.8,208.0
1783404000,29512.2,29523.6,29505.8,29522.6,225.0
1783404060,29522.2,29527.8,29511.0,29513.3,185.0
1783404120,29512.6,29529.7,29510.3,29527.8,216.0
1783404180,29528.5,29535.6,29524.2,29529.0,213.0
1783404240,29529.1,29536.6,29529.0,29535.6,206.0
1783404300,29535.6,29542.8,29531.6,29534.8,204.0
1783404360,29535.5,29535.5,29526.1,29531.0,213.0
1783404420,29530.7,29539.5,29526.8,29539.3,193.0
1783404480,29539.3,29547.3,29539.3,29545.6,191.0
1783404540,29545.3,29547.6,29541.5,29543.1,179.0
1783404600,29543.1,29543.7,29536.1,29536.1,200.0
1783404660,29536.1,29538.1,29529.5,29537.7,186.0
1783404720,29537.7,29539.8,29527.0,29528.1,204.0
1783404780,29528.1,29531.2,29523.6,29525.8,201.0
1783404840,29525.8,29528.8,29519.5,29521.8,191.0
1783404900,29521.8,29524.2,29512.6,29514.3,209.0
1783404960,29514.7,29515.0,29498.2,29505.3,205.0
1783405020,29505.2,29514.6,29499.6,29512.7,201.0
1783405080,29512.8,29514.3,29507.0,29507.3,185.0
1783405140,29507.2,29513.0,29502.7,29506.0,202.0
1783405200,29506.0,29506.8,29501.0,29503.6,185.0
1783405260,29503.6,29503.6,29493.3,29500.3,174.0
1783405320,29500.1,29505.0,29493.0,29493.5,195.0
1783405380,29493.5,29496.5,29486.3,29486.7,180.0
1783405440,29487.0,29489.7,29477.6,29479.2,208.0
1783405500,29479.6,29489.5,29475.8,29488.2,211.0
1783405560,29488.2,29490.1,29476.7,29477.0,175.0
1783405620,29477.1,29477.8,29468.7,29476.2,178.0
1783405680,29476.3,29479.2,29461.7,29467.2,218.0
1783405740,29467.2,29467.2,29443.7,29448.3,207.0
1783405800,29448.3,29459.8,29435.8,29456.2,260.0
1783405860,29456.7,29464.6,29453.6,29457.7,238.0
1783405920,29458.7,29470.1,29458.1,29461.8,236.0
1783405980,29461.8,29467.0,29451.0,29455.6,240.0
1783406040,29455.3,29464.3,29445.0,29452.6,232.0
1783406100,29452.6,29467.1,29451.0,29458.5,232.0
1783406160,29458.2,29462.1,29453.8,29454.6,233.0
1783406220,29455.7,29472.0,29449.6,29470.6,215.0
1783406280,29470.7,29470.7,29465.7,29466.0,195.0
1783406340,29466.0,29470.2,29458.8,29458.8,232.0
1783406400,29458.2,29458.5,29448.8,29455.2,215.0
1783406460,29455.2,29455.7,29444.7,29446.6,196.0
1783406520,29446.6,29448.0,29439.5,29442.2,197.0
1783406580,29441.8,29442.2,29431.6,29432.7,221.0
1783406640,29433.2,29433.2,29426.7,29428.0,196.0
1783406700,29428.0,29428.0,29409.0,29410.2,224.0
1783406760,29411.0,29414.2,29400.8,29414.0,229.0
1783406820,29415.7,29418.2,29406.3,29414.3,232.0
1783406880,29414.6,29418.1,29395.2,29395.3,204.0
1783406940,29395.2,29406.2,29393.8,29403.5,220.0
1783407000,29404.0,29413.3,29403.8,29411.8,209.0
1783407060,29412.3,29414.8,29400.6,29401.1,220.0
1783407120,29400.8,29409.2,29400.3,29404.6,188.0
1783407180,29404.8,29413.0,29402.1,29402.1,219.0
1783407240,29401.6,29402.6,29394.3,29399.8,207.0
1783407300,29399.8,29402.6,29393.8,29401.1,195.0
1783407360,29401.1,29415.3,29400.7,29413.5,195.0
1783407420,29413.6,29424.5,29407.6,29424.1,197.0
1783407480,29424.1,29427.2,29419.1,29425.8,188.0
1783407540,29425.6,29438.5,29424.3,29431.5,211.0
1783407600,29432.3,29439.6,29425.2,29426.7,227.0
1783407660,29426.7,29426.8,29411.6,29418.5,223.0
1783407720,29418.2,29423.3,29410.7,29419.8,202.0
1783407780,29420.5,29432.3,29417.0,29431.3,207.0
1783407840,29432.1,29432.8,29419.2,29429.0,213.0
1783407900,29429.3,29441.8,29422.2,29441.8,206.0
1783407960,29442.7,29443.8,29431.5,29431.5,218.0
1783408020,29432.1,29438.7,29426.8,29428.0,227.0
1783408080,29428.0,29431.0,29422.5,29429.1,229.0
1783408140,29429.0,29432.8,29422.1,29424.2,190.0
1783408200,29424.2,29425.8,29419.8,29424.2,212.0
1783408260,29424.1,29425.2,29420.1,29421.8,210.0
1783408320,29421.8,29422.7,29408.6,29415.5,183.0
1783408380,29415.3,29417.3,29401.7,29404.0,177.0
1783408440,29404.0,29411.7,29401.6,29401.6,187.0
1783408500,29401.7,29410.3,29401.6,29406.3,163.0
1783408560,29406.3,29406.3,29394.8,29394.8,152.0
1783408620,29394.8,29395.8,29389.0,29391.1,202.0
1783408680,29390.5,29396.8,29387.5,29391.3,187.0
1783408740,29391.3,29394.6,29385.6,29391.6,170.0
1783408800,29391.7,29397.1,29390.3,29392.6,187.0
1783408860,29392.3,29395.6,29387.3,29394.6,199.0
1783408920,29394.6,29395.6,29380.3,29384.6,157.0
1783408980,29384.6,29388.8,29383.7,29385.3,144.0
1783409040,29385.7,29388.6,29382.2,29386.3,177.0
1783409100,29386.3,29389.2,29380.1,29381.7,166.0
1783409160,29381.8,29398.1,29380.0,29396.0,169.0
1783409220,29395.8,29399.6,29388.8,29399.3,167.0
1783409280,29399.0,29403.8,29393.8,29398.5,207.0
1783409340,29398.5,29404.7,29396.6,29401.6,191.0
1783409400,29401.6,29405.6,29396.8,29404.7,216.0
1783409460,29404.7,29419.8,29404.7,29414.8,190.0
1783409520,29414.8,29414.8,29403.6,29403.6,215.0
1783409580,29403.8,29411.7,29403.1,29407.7,204.0
1783409640,29406.3,29412.1,29402.2,29406.2,193.0
1783409700,29407.5,29408.3,29400.2,29401.6,199.0
1783409760,29401.8,29404.3,29395.5,29395.7,185.0
1783409820,29395.8,29397.3,29386.0,29396.2,176.0
1783409880,29395.8,29404.5,29392.2,29403.5,164.0
1783409940,29403.2,29412.6,29402.7,29407.3,178.0
1783410000,29406.0,29408.7,29400.5,29408.2,195.0
1783410060,29408.2,29412.7,29404.8,29405.8,217.0
1783410120,29405.8,29405.8,29398.7,29399.6,179.0
1783410180,29399.8,29405.2,29397.6,29398.8,183.0
1783410240,29398.8,29399.3,29396.0,29396.8,162.0
1783410300,29397.0,29403.0,29397.0,29398.5,157.0
1783410360,29398.6,29398.8,29394.0,29394.0,183.0
1783410420,29391.0,29391.0,29380.5,29381.8,181.0
1783410480,29381.2,29382.6,29377.7,29378.0,166.0
1783410540,29378.0,29383.2,29375.2,29378.6,200.0
1783410600,29378.5,29380.2,29372.7,29376.6,182.0
1783410660,29376.6,29389.3,29374.8,29385.8,188.0
1783410720,29385.8,29386.3,29381.8,29381.8,128.0
1783410780,29382.2,29384.7,29377.5,29377.6,135.0
1783410840,29377.5,29377.7,29371.3,29375.1,126.0
1783410900,29375.1,29376.5,29371.7,29375.2,151.0
1783410960,29375.6,29377.5,29372.8,29373.6,128.0
1783411020,29373.7,29376.3,29371.3,29376.0,135.0
1783411080,29376.1,29387.0,29375.8,29385.8,169.0
1783411140,29386.0,29389.6,29384.6,29388.8,149.0
1783411200,29388.8,29389.8,29380.0,29380.0,168.0
1783411260,29380.7,29380.7,29366.8,29368.5,196.0
1783411320,29368.8,29371.1,29362.7,29364.7,165.0
1783411380,29364.5,29371.2,29362.8,29367.6,166.0
1783411440,29367.6,29369.0,29361.0,29364.6,135.0
1783411500,29364.6,29367.6,29358.6,29358.8,153.0
1783411560,29358.8,29369.0,29356.6,29363.8,181.0
1783411620,29364.0,29364.1,29355.8,29361.0,143.0
1783411680,29360.7,29365.8,29357.7,29364.7,171.0
1783411740,29363.7,29365.1,29351.2,29357.2,194.0
1783411800,29357.5,29360.0,29353.2,29355.5,181.0
1783411860,29355.5,29357.8,29351.8,29357.2,162.0
1783411920,29357.2,29362.2,29352.8,29361.2,171.0
1783411980,29361.2,29366.0,29355.8,29356.0,171.0
1783412040,29356.0,29359.2,29349.0,29350.7,171.0
1783412100,29350.7,29352.8,29341.2,29341.7,198.0
1783412160,29341.2,29355.6,29341.1,29352.7,192.0
1783412220,29352.7,29360.7,29352.3,29355.8,170.0
1783412280,29355.7,29359.2,29352.6,29357.3,159.0
1783412340,29357.3,29360.7,29350.1,29352.7,150.0
1783412400,29352.7,29362.0,29349.3,29352.2,179.0
1783412460,29352.0,29356.5,29351.1,29352.6,165.0
1783412520,29352.2,29367.6,29350.1,29366.1,250.0
1783412580,29366.3,29370.8,29364.1,29364.6,244.0
1783412640,29364.5,29370.0,29357.7,29359.5,238.0
1783412700,29359.5,29359.5,29338.0,29344.2,226.0
1783412760,29344.2,29348.1,29338.3,29340.8,227.0
1783412820,29340.8,29341.8,29324.8,29325.5,217.0
1783412880,29325.5,29334.7,29321.8,29334.1,219.0
1783412940,29334.2,29355.5,29332.3,29354.2,232.0
1783413000,29354.1,29370.6,29354.1,29370.0,245.0
1783413060,29369.6,29385.8,29368.8,29384.8,243.0
1783413120,29385.0,29396.0,29385.0,29394.6,248.0
1783413180,29394.6,29395.3,29379.3,29387.0,238.0
1783413240,29386.7,29397.1,29383.1,29391.6,239.0
1783413300,29391.5,29405.6,29389.7,29403.8,222.0
1783413360,29403.8,29408.8,29399.5,29408.3,231.0
1783413420,29408.2,29417.7,29407.3,29410.7,230.0
1783413480,29410.3,29413.7,29402.3,29408.1,229.0
1783413540,29407.8,29416.8,29401.7,29415.2,233.0
1783413600,29415.6,29424.8,29411.6,29421.2,231.0
1783413660,29421.6,29428.0,29416.3,29417.1,240.0
1783413720,29416.8,29428.8,29412.5,29424.8,245.0
1783413780,29424.8,29425.7,29420.5,29422.1,226.0
1783413840,29421.5,29423.8,29417.3,29423.8,214.0
1783413900,29423.8,29428.3,29420.0,29425.8,218.0
1783413960,29426.3,29427.6,29416.7,29425.0,214.0
1783414020,29425.1,29432.8,29415.1,29420.8,225.0
1783414080,29420.8,29422.5,29409.1,29412.1,224.0
1783414140,29412.1,29416.1,29409.1,29415.8,223.0
1783414200,29415.5,29433.6,29414.3,29431.7,218.0
1783414260,29431.6,29448.0,29431.6,29447.2,186.0
1783414320,29447.1,29447.5,29439.2,29439.2,193.0
1783414380,29439.2,29445.1,29435.2,29440.3,223.0
1783414440,29440.6,29452.0,29440.6,29450.5,204.0
1783414500,29450.3,29465.6,29449.3,29465.0,214.0
1783414560,29465.2,29466.7,29461.6,29466.7,201.0
1783414620,29467.8,29467.8,29456.7,29457.2,194.0
1783414680,29457.2,29458.8,29448.1,29452.7,210.0
1783414740,29452.6,29455.8,29450.5,29452.3,195.0
1783414800,29451.8,29458.1,29447.2,29448.8,219.0
1783414860,29448.8,29463.5,29448.8,29461.3,214.0
1783414920,29461.2,29464.3,29456.6,29459.2,201.0
1783414980,29458.7,29459.8,29450.1,29450.6,199.0
1783415040,29450.6,29452.7,29442.0,29449.1,201.0
1783415100,29448.9,29449.9,29432.1,29432.1,209.0
1783415160,29432.9,29438.9,29431.3,29431.8,215.0
1783415220,29431.7,29436.1,29428.4,29431.2,205.0
1783415280,29431.1,29433.4,29422.3,29422.6,199.0
1783415340,29422.6,29425.1,29418.1,29419.9,204.0
1783415400,29420.2,29424.2,29410.4,29410.7,224.0
1783415460,29411.2,29412.3,29400.1,29401.3,188.0
1783415520,29401.8,29407.9,29399.2,29404.2,212.0
1783415580,29402.6,29405.2,29395.2,29403.3,202.0
1783415640,29402.8,29409.1,29398.3,29405.6,199.0
1783415700,29405.9,29424.6,29405.6,29422.7,212.0
1783415760,29422.7,29425.6,29418.4,29423.3,209.0
1783415820,29423.3,29425.8,29415.9,29419.9,205.0
1783415880,29420.1,29425.1,29409.9,29411.4,197.0
1783415940,29410.7,29416.2,29409.2,29413.4,211.0
1783416000,29414.1,29424.2,29409.8,29422.7,209.0
1783416060,29422.4,29434.4,29419.9,29431.7,212.0
1783416120,29431.4,29434.2,29426.6,29432.1,212.0
1783416180,29432.2,29436.2,29430.6,29431.8,187.0
1783416240,29431.7,29435.1,29428.4,29429.6,189.0
1783416300,29429.4,29437.4,29427.4,29429.6,199.0
1783416360,29429.8,29432.8,29422.4,29422.9,187.0
1783416420,29423.1,29427.2,29421.4,29426.2,192.0
1783416480,29426.3,29435.9,29425.9,29435.9,192.0
1783416540,29436.3,29436.3,29424.1,29425.8,216.0
1783416600,29423.4,29428.9,29410.2,29426.9,224.0
1783416660,29426.9,29432.9,29426.9,29430.4,191.0
1783416720,29431.9,29432.8,29426.7,29428.1,179.0
1783416780,29427.8,29434.8,29420.8,29421.3,191.0
1783416840,29421.2,29436.1,29418.7,29435.7,187.0
1783416900,29435.7,29438.6,29430.2,29437.7,175.0
1783416960,29437.7,29442.7,29435.1,29438.9,144.0
1783417020,29438.9,29443.8,29437.1,29441.9,136.0
1783417080,29441.9,29444.8,29439.7,29443.9,147.0
1783417140,29443.9,29446.8,29434.3,29436.2,134.0
1783417200,29436.2,29446.8,29436.1,29446.3,138.0
1783417260,29446.3,29447.2,29440.6,29441.9,152.0
1783417320,29441.9,29444.7,29438.2,29444.7,113.0
1783417380,29444.6,29446.8,29440.6,29443.7,96.0
1783417440,29443.7,29447.1,29438.9,29446.4,126.0
1783417500,29446.4,29447.4,29441.4,29445.7,122.0
1783417560,29445.7,29445.7,29430.9,29434.3,132.0
1783417620,29434.1,29434.3,29430.2,29431.6,114.0
1783417680,29431.6,29436.8,29430.2,29434.2,123.0
1783417740,29433.7,29439.4,29432.8,29433.3,118.0
1783417800,29433.3,29434.2,29427.3,29430.7,129.0
1783417860,29430.7,29437.7,29430.4,29434.7,129.0
1783417920,29434.8,29443.3,29434.8,29443.3,106.0
1783417980,29443.1,29447.6,29443.1,29447.2,119.0
1783418040,29446.7,29448.7,29444.2,29448.6,87.0
1783418100,29448.6,29454.2,29447.6,29448.8,136.0
1783418160,29448.6,29456.2,29447.8,29455.2,143.0
1783418220,29455.3,29456.7,29451.3,29451.3,132.0
1783418280,29451.3,29451.9,29448.6,29451.9,125.0
1783418340,29451.8,29453.8,29449.8,29453.2,145.0
1783418400,29452.6,29454.4,29431.4,29442.6,255.0
1783418460,29442.9,29462.3,29441.9,29461.7,225.0
1783418520,29461.7,29475.6,29458.1,29474.1,215.0
1783418580,29474.4,29475.6,29461.4,29472.4,190.0
1783418640,29472.6,29476.2,29460.4,29472.4,211.0
1783418700,29472.4,29481.2,29470.3,29474.7,199.0
1783418760,29474.7,29483.2,29472.4,29475.9,188.0
1783418820,29475.4,29476.2,29468.1,29472.2,157.0
1783418880,29472.2,29475.7,29460.6,29461.1,168.0
1783418940,29461.2,29464.2,29458.1,29463.3,145.0
1783419000,29463.3,29464.8,29451.1,29459.4,176.0
1783419060,29459.4,29461.2,29450.3,29450.3,206.0
1783419120,29450.9,29461.9,29450.9,29460.4,159.0
1783419180,29460.4,29486.9,29460.4,29485.1,153.0
1783419240,29485.1,29487.3,29479.8,29481.9,185.0
1783419300,29480.9,29491.4,29480.9,29491.4,209.0
1783419360,29491.4,29499.7,29489.2,29490.9,187.0
1783419420,29490.9,29493.2,29485.6,29489.1,182.0
1783419480,29489.2,29489.2,29479.4,29479.7,161.0
1783419540,29479.8,29486.1,29479.4,29483.2,157.0
1783419600,29483.3,29489.7,29476.4,29487.8,186.0
1783419660,29487.8,29494.2,29486.8,29490.6,179.0
1783419720,29490.8,29507.6,29490.8,29500.7,178.0
1783419780,29500.3,29505.2,29496.9,29499.7,168.0
1783419840,29499.6,29500.4,29485.3,29489.7,167.0
1783419900,29488.3,29494.8,29487.1,29493.6,176.0
1783419960,29493.6,29495.4,29477.9,29477.9,176.0
1783420020,29478.3,29490.2,29477.7,29490.2,167.0
1783420080,29490.2,29490.2,29484.7,29487.7,155.0
1783420140,29487.6,29487.8,29480.4,29480.4,145.0
1783420200,29480.4,29487.1,29476.8,29481.2,174.0
1783420260,29481.3,29481.7,29468.1,29469.1,155.0
1783420320,29468.9,29474.3,29468.3,29474.3,151.0
1783420380,29473.9,29474.8,29468.8,29473.9,175.0
1783420440,29473.9,29473.9,29466.8,29467.7,145.0
1783420500,29467.8,29470.2,29459.4,29461.3,170.0
1783420560,29461.3,29469.7,29460.1,29467.7,179.0
1783420620,29467.7,29467.7,29461.4,29462.8,127.0
1783420680,29462.8,29468.2,29462.3,29468.2,136.0
1783420740,29466.4,29466.4,29457.9,29462.2,119.0
1783420800,29462.3,29468.9,29461.2,29461.2,136.0
1783420860,29460.7,29467.2,29459.3,29460.8,127.0
1783420920,29461.1,29461.8,29458.4,29458.8,146.0
1783420980,29458.3,29465.6,29457.8,29465.4,159.0
1783421040,29465.4,29465.9,29456.1,29456.2,122.0
1783421100,29456.6,29456.9,29450.9,29453.4,141.0
1783421160,29453.1,29460.9,29453.1,29457.2,157.0
1783421220,29457.2,29463.1,29456.4,29458.7,152.0
1783421280,29458.4,29458.9,29449.2,29449.2,143.0
1783421340,29449.2,29455.4,29447.1,29449.9,157.0
1783421400,29449.7,29452.6,29445.1,29451.7,148.0
1783421460,29451.7,29454.9,29447.8,29448.6,159.0
1783421520,29448.6,29448.9,29436.1,29437.9,145.0
1783421580,29438.1,29444.7,29437.8,29438.2,162.0
1783421640,29438.2,29438.7,29433.9,29434.9,164.0
1783421700,29434.9,29435.9,29430.7,29431.2,156.0
1783421760,29431.2,29435.4,29429.3,29432.8,152.0
1783421820,29432.9,29434.9,29426.8,29428.1,145.0
1783421880,29427.9,29428.8,29420.4,29420.4,164.0
1783421940,29420.7,29420.8,29407.2,29409.8,192.0
1783422000,29412.1,29422.9,29405.9,29410.4,235.0
1783422060,29410.6,29430.1,29410.6,29424.8,232.0
1783422120,29424.4,29429.2,29411.4,29420.1,239.0
1783422180,29419.9,29422.1,29409.8,29409.8,187.0
1783422240,29409.3,29422.4,29405.3,29422.4,196.0
1783422300,29422.6,29425.1,29417.8,29424.2,176.0
1783422360,29424.1,29425.3,29411.1,29418.1,201.0
1783422420,29418.2,29420.2,29410.1,29417.4,200.0
1783422480,29417.3,29427.3,29415.3,29420.8,206.0
1783422540,29420.8,29425.4,29416.7,29423.2,205.0
1783422600,29423.6,29431.2,29420.4,29429.6,172.0
1783422660,29429.7,29438.1,29426.7,29437.2,190.0
1783422720,29437.2,29450.7,29435.2,29449.7,183.0
1783422780,29448.9,29457.9,29446.4,29452.9,215.0
1783422840,29452.6,29458.9,29451.1,29451.7,172.0
1783422900,29451.8,29457.8,29447.6,29454.1,172.0
1783422960,29453.9,29457.1,29448.8,29451.4,181.0
1783423020,29451.4,29461.4,29449.4,29460.4,169.0
1783423080,29460.4,29465.4,29456.4,29457.1,181.0
1783423140,29456.9,29462.3,29453.8,29461.7,158.0
1783423200,29461.7,29461.7,29450.8,29458.6,190.0
1783423260,29458.6,29461.9,29453.3,29454.3,150.0
1783423320,29454.4,29466.8,29454.2,29463.4,148.0
1783423380,29463.7,29468.9,29461.8,29464.2,129.0
1783423440,29464.2,29472.7,29460.8,29465.2,186.0
1783423500,29465.2,29467.4,29457.3,29461.3,190.0
1783423560,29460.2,29462.9,29449.1,29451.8,183.0
1783423620,29451.8,29451.8,29446.9,29449.7,173.0
1783423680,29448.9,29451.8,29446.1,29450.3,185.0
1783423740,29450.2,29456.6,29449.7,29455.2,181.0
1783423800,29456.4,29458.6,29439.7,29440.2,206.0
1783423860,29440.4,29452.4,29436.1,29449.2,181.0
1783423920,29449.2,29450.7,29445.6,29449.4,158.0
1783423980,29449.7,29453.7,29449.7,29451.2,155.0
1783424040,29450.9,29451.2,29437.3,29439.8,157.0
1783424100,29439.8,29441.7,29435.6,29439.8,142.0
1783424160,29439.8,29449.2,29439.1,29446.2,162.0
1783424220,29446.2,29451.7,29446.1,29448.4,154.0
1783424280,29448.4,29456.4,29446.9,29451.8,146.0
1783424340,29451.8,29458.2,29449.7,29457.9,162.0
1783424400,29458.2,29460.7,29454.9,29459.1,163.0
1783424460,29459.1,29468.2,29459.1,29468.1,154.0
1783424520,29468.2,29468.2,29452.3,29453.4,143.0
1783424580,29453.4,29454.8,29447.7,29452.4,128.0
1783424640,29451.8,29451.8,29445.9,29446.2,123.0
1783424700,29446.3,29451.9,29445.7,29450.2,143.0
1783424760,29450.2,29453.4,29448.4,29450.2,128.0
1783424820,29450.2,29453.2,29446.7,29449.8,148.0
1783424880,29449.7,29454.2,29448.2,29452.7,141.0
1783424940,29452.7,29456.8,29451.6,29453.7,129.0
1783425000,29453.7,29457.6,29447.7,29456.6,176.0
1783425060,29456.7,29459.4,29449.4,29457.4,167.0
1783425120,29457.2,29459.7,29446.3,29446.4,169.0
1783425180,29446.2,29446.2,29430.3,29432.9,196.0
1783425240,29432.8,29436.9,29431.2,29435.9,160.0
1783425300,29435.9,29436.1,29426.7,29427.9,153.0
1783425360,29427.9,29438.1,29426.2,29433.2,157.0
1783425420,29433.2,29434.6,29427.9,29433.1,169.0
1783425480,29433.2,29434.9,29428.6,29434.7,119.0
1783425540,29434.7,29434.9,29422.4,29422.9,143.0
1783425600,29422.6,29424.9,29407.6,29410.2,192.0
1783425660,29410.4,29414.1,29406.4,29411.2,206.0
1783425720,29412.9,29415.7,29406.8,29412.8,193.0
1783425780,29412.1,29427.4,29410.8,29425.1,174.0
1783425840,29425.4,29435.2,29421.7,29433.6,164.0
1783425900,29433.9,29434.9,29429.1,29432.6,179.0
1783425960,29432.3,29439.9,29431.3,29439.3,150.0
1783426020,29439.3,29443.2,29438.4,29441.2,147.0
1783426080,29441.2,29450.6,29438.1,29446.8,170.0
1783426140,29446.9,29446.9,29436.9,29438.2,161.0
1783426200,29437.9,29445.8,29432.2,29445.7,170.0
1783426260,29445.7,29452.2,29443.2,29449.1,156.0
1783426320,29449.2,29451.6,29447.4,29449.9,149.0
1783426380,29450.2,29450.3,29444.6,29448.8,120.0
1783426440,29449.7,29453.8,29448.3,29451.1,113.0
1783426500,29451.1,29451.8,29444.1,29444.3,129.0
1783426560,29444.3,29457.2,29444.1,29453.9,165.0
1783426620,29453.9,29456.7,29445.1,29446.8,146.0
1783426680,29446.8,29450.3,29445.7,29447.8,124.0
1783426740,29447.8,29448.1,29441.7,29442.9,107.0
1783426800,29442.9,29444.9,29440.7,29442.8,120.0
1783426860,29442.8,29443.3,29433.2,29436.1,138.0
1783426920,29435.6,29437.8,29433.2,29436.2,127.0
1783426980,29435.4,29437.3,29428.9,29429.6,129.0
1783427040,29429.4,29433.8,29429.4,29432.8,135.0
1783427100,29432.8,29434.7,29429.2,29433.2,134.0
1783427160,29433.7,29437.2,29427.4,29430.4,131.0
1783427220,29430.7,29437.2,29427.7,29431.2,171.0
1783427280,29431.2,29431.7,29425.6,29426.2,137.0
1783427340,29425.9,29427.4,29418.7,29418.9,149.0
1783427400,29419.2,29422.8,29409.8,29413.4,179.0
1783427460,29413.4,29416.4,29408.4,29409.1,152.0
1783427520,29408.9,29409.9,29405.6,29407.2,152.0
1783427580,29407.1,29416.3,29405.3,29406.2,164.0
1783427640,29406.2,29412.8,29400.3,29400.4,170.0
1783427700,29399.9,29402.7,29393.9,29402.4,175.0
1783427760,29402.4,29402.4,29394.7,29400.6,153.0
1783427820,29400.6,29408.2,29398.1,29407.9,136.0
1783427880,29407.8,29408.6,29395.1,29398.4,163.0
1783427940,29398.3,29412.2,29398.3,29411.9,186.0
1783428000,29411.7,29419.3,29409.2,29416.4,157.0
1783428060,29416.6,29422.6,29414.4,29421.6,167.0
1783428120,29421.6,29424.3,29419.9,29423.8,139.0
1783428180,29423.1,29424.4,29411.9,29412.7,144.0
1783428240,29412.7,29417.4,29411.4,29413.8,125.0
1783428300,29413.8,29415.4,29405.2,29409.4,179.0
1783428360,29410.2,29410.6,29400.8,29400.9,152.0
1783428420,29400.8,29400.8,29386.8,29392.4,189.0
1783428480,29391.9,29398.1,29389.9,29395.1,160.0
1783428540,29395.1,29401.2,29395.1,29398.4,142.0
1783428600,29398.4,29400.4,29390.9,29399.7,154.0
1783428660,29399.7,29414.9,29399.7,29414.3,176.0
1783428720,29414.4,29419.2,29412.7,29419.1,142.0
1783428780,29418.9,29420.7,29413.7,29413.7,147.0
1783428840,29413.8,29421.4,29411.8,29419.3,147.0
1783428900,29419.2,29424.9,29412.9,29424.4,152.0
1783428960,29424.4,29425.2,29416.4,29417.7,150.0
1783429020,29417.7,29421.2,29416.2,29419.2,126.0
1783429080,29419.2,29421.2,29417.3,29421.2,119.0
1783429140,29421.6,29428.2,29419.7,29426.2,135.0
1783429200,29426.4,29442.4,29424.9,29437.9,182.0
1783429260,29437.4,29443.7,29434.9,29440.1,156.0
1783429320,29440.2,29441.7,29432.9,29437.7,161.0
1783429380,29438.3,29451.3,29435.6,29442.2,165.0
1783429440,29442.2,29444.2,29429.2,29429.8,163.0
1783429500,29430.4,29436.4,29427.8,29429.7,167.0
1783429560,29429.7,29442.9,29429.2,29434.7,163.0
1783429620,29434.6,29436.4,29428.3,29428.6,150.0
1783429680,29428.6,29432.7,29426.3,29427.1,137.0
1783429740,29427.2,29427.2,29414.8,29418.7,159.0
1783429800,29418.7,29427.8,29417.7,29423.8,131.0
1783429860,29423.8,29424.4,29416.9,29419.3,149.0
1783429920,29419.4,29420.9,29417.2,29417.2,86.0
1783429980,29417.3,29419.4,29414.4,29414.4,132.0
1783430040,29414.4,29417.3,29405.6,29412.1,172.0
1783430100,29412.2,29415.9,29409.9,29414.3,151.0
1783430160,29414.2,29420.9,29414.2,29420.7,147.0
1783430220,29420.7,29448.9,29419.9,29448.9,150.0
1783430280,29450.8,29451.4,29444.4,29450.3,171.0
1783430340,29450.7,29450.7,29443.2,29444.2,119.0
1783430400,29444.2,29449.8,29439.2,29444.9,172.0
1783430460,29444.9,29445.2,29436.8,29437.1,145.0
1783430520,29437.1,29449.6,29436.2,29449.2,134.0
1783430580,29449.1,29449.6,29434.7,29436.2,161.0
1783430640,29433.7,29444.2,29430.6,29442.9,159.0
1783430700,29442.9,29449.6,29438.7,29444.4,126.0
1783430760,29444.4,29447.9,29443.7,29444.7,117.0
1783430820,29444.8,29447.4,29443.2,29445.2,144.0
1783430880,29446.2,29448.1,29441.7,29442.1,121.0
1783430940,29441.4,29442.2,29434.3,29437.2,145.0
1783431000,29436.2,29436.7,29428.1,29429.4,154.0
1783431060,29429.7,29432.9,29428.2,29429.9,131.0
1783431120,29429.2,29433.8,29425.4,29429.7,138.0
1783431180,29429.7,29433.9,29425.8,29427.2,134.0
1783431240,29427.3,29430.4,29413.2,29415.2,177.0
1783431300,29415.1,29420.9,29412.8,29415.3,147.0
1783431360,29415.1,29418.4,29408.8,29411.7,158.0
1783431420,29411.7,29417.1,29408.2,29415.2,113.0
1783431480,29414.9,29419.2,29414.1,29414.1,122.0
1783431540,29414.1,29419.2,29414.1,29417.7,137.0
1783431600,29417.8,29425.6,29416.8,29421.9,151.0
1783431660,29421.9,29422.2,29408.7,29411.2,151.0
1783431720,29411.1,29414.9,29407.9,29411.7,136.0
1783431780,29411.7,29413.2,29409.9,29410.1,145.0
1783431840,29410.1,29414.6,29409.1,29410.9,155.0
1783431900,29411.1,29414.2,29407.6,29411.1,132.0
1783431960,29411.2,29417.7,29409.3,29416.3,140.0
1783432020,29416.3,29417.2,29408.4,29412.9,159.0
1783432080,29412.9,29415.3,29410.6,29413.4,136.0
1783432140,29413.1,29413.8,29395.9,29398.6,164.0
1783432200,29398.3,29402.7,29391.8,29400.9,168.0
1783432260,29401.7,29404.9,29397.2,29397.8,167.0
1783432320,29397.8,29400.8,29391.2,29395.9,167.0
1783432380,29395.2,29397.1,29394.1,29396.9,169.0
1783432440,29397.1,29408.7,29397.1,29408.7,140.0
1783432500,29408.4,29412.2,29405.7,29411.8,154.0
1783432560,29411.7,29411.7,29407.4,29407.9,140.0
1783432620,29407.9,29414.2,29404.6,29413.7,163.0
1783432680,29412.9,29418.3,29412.4,29417.3,163.0
1783432740,29417.2,29423.1,29414.9,29423.1,114.0
1783432800,29422.4,29423.9,29387.9,29388.2,235.0
1783432860,29390.4,29393.7,29383.3,29391.6,234.0
1783432920,29390.6,29391.8,29374.1,29375.9,212.0
1783432980,29375.9,29378.8,29368.8,29374.7,213.0
1783433040,29374.7,29385.2,29370.2,29385.2,196.0
1783433100,29385.2,29392.1,29369.2,29376.2,210.0
1783433160,29375.9,29378.8,29367.6,29372.8,183.0
1783433220,29372.6,29384.8,29372.6,29384.6,180.0
1783433280,29385.2,29391.3,29384.2,29384.2,185.0
1783433340,29384.1,29385.6,29374.6,29376.4,181.0
1783433400,29376.3,29379.6,29370.9,29373.4,174.0
1783433460,29373.6,29378.7,29366.8,29372.7,188.0
1783433520,29372.7,29377.2,29370.6,29377.1,165.0
1783433580,29377.1,29387.7,29374.9,29380.7,183.0
1783433640,29379.6,29382.8,29374.3,29378.4,186.0
1783433700,29376.4,29387.9,29374.8,29387.8,198.0
1783433760,29387.2,29396.8,29386.1,29394.8,181.0
1783433820,29394.8,29399.2,29389.3,29391.2,184.0
1783433880,29392.4,29403.4,29391.8,29402.9,186.0
1783433940,29402.8,29403.4,29397.2,29398.1,150.0
1783434000,29398.2,29399.4,29389.2,29391.4,186.0
1783434060,29391.6,29404.4,29389.9,29400.2,169.0
1783434120,29400.2,29407.1,29400.2,29406.1,170.0
1783434180,29406.2,29408.4,29403.3,29407.7,172.0
1783434240,29408.4,29409.8,29401.3,29409.1,185.0
1783434300,29408.8,29414.6,29406.4,29411.9,199.0
1783434360,29412.6,29414.1,29408.1,29410.7,162.0
1783434420,29410.8,29412.7,29404.2,29405.4,175.0
1783434480,29405.4,29405.7,29399.7,29404.8,182.0
1783434540,29404.8,29410.4,29395.6,29395.7,194.0
1783434600,29395.6,29396.2,29387.7,29388.7,212.0
1783434660,29391.6,29393.2,29373.9,29373.9,208.0
1783434720,29373.9,29381.6,29367.9,29368.2,209.0
1783434780,29368.9,29375.9,29368.6,29372.4,165.0
1783434840,29371.6,29374.4,29364.6,29365.1,204.0
1783434900,29364.7,29369.8,29355.4,29369.3,199.0
1783434960,29369.2,29377.6,29369.2,29371.4,155.0
1783435020,29371.9,29372.6,29364.2,29371.2,149.0
1783435080,29371.2,29376.3,29363.2,29368.4,145.0
1783435140,29368.7,29372.2,29365.3,29369.4,185.0
1783435200,29369.2,29372.8,29361.6,29369.9,160.0
1783435260,29370.2,29372.6,29360.6,29361.3,201.0
1783435320,29361.3,29374.7,29358.9,29373.8,193.0
1783435380,29373.9,29375.7,29370.1,29373.9,179.0
1783435440,29374.4,29387.6,29367.3,29385.7,182.0
1783435500,29385.2,29392.9,29385.2,29389.7,195.0
1783435560,29390.1,29390.1,29380.7,29386.9,188.0
1783435620,29386.6,29387.1,29380.2,29383.8,194.0
1783435680,29382.6,29395.7,29379.3,29393.8,185.0
1783435740,29393.9,29399.8,29392.9,29397.3,166.0
1783435800,29397.3,29401.3,29390.6,29394.2,183.0
1783435860,29394.2,29395.2,29384.7,29386.2,160.0
1783435920,29386.4,29389.4,29377.7,29378.4,186.0
1783435980,29378.3,29379.9,29364.1,29370.9,227.0
1783436040,29370.4,29380.9,29370.4,29380.3,203.0
1783436100,29380.3,29390.3,29380.3,29388.3,184.0
1783436160,29388.3,29390.4,29383.7,29386.2,172.0
1783436220,29386.8,29394.9,29382.4,29394.7,175.0
1783436280,29394.7,29406.1,29394.4,29403.7,172.0
1783436340,29403.7,29409.6,29400.2,29405.2,203.0
1783436400,29404.6,29414.9,29403.6,29412.3,203.0
1783436460,29412.2,29417.7,29411.8,29415.1,196.0
1783436520,29415.3,29426.9,29411.9,29425.2,194.0
1783436580,29425.2,29426.9,29411.4,29413.6,183.0
1783436640,29414.3,29414.9,29406.1,29413.9,165.0
1783436700,29413.6,29444.2,29408.8,29440.4,222.0
1783436760,29440.1,29453.1,29437.4,29452.2,205.0
1783436820,29452.2,29461.3,29448.9,29455.6,244.0
1783436880,29454.2,29460.8,29445.7,29448.7,235.0
1783436940,29450.6,29457.2,29444.1,29456.4,212.0
1783437000,29456.7,29479.8,29456.1,29465.8,226.0
1783437060,29465.3,29470.9,29460.3,29462.3,229.0
1783437120,29462.2,29467.7,29456.8,29457.2,206.0
1783437180,29457.2,29465.1,29456.2,29461.3,209.0
1783437240,29461.2,29467.7,29454.6,29467.3,178.0
1783437300,29467.3,29469.3,29453.9,29453.9,173.0
1783437360,29453.9,29454.4,29447.9,29451.9,204.0
1783437420,29451.4,29451.6,29437.3,29439.9,224.0
1783437480,29440.3,29440.8,29431.2,29435.3,196.0
1783437540,29434.6,29444.8,29432.2,29440.3,214.0
1783437600,29440.8,29441.8,29431.7,29433.7,208.0
1783437660,29433.7,29445.2,29422.9,29428.8,222.0
1783437720,29429.3,29440.1,29428.6,29438.1,197.0
1783437780,29437.9,29439.6,29431.6,29436.8,181.0
1783437840,29436.9,29441.7,29433.1,29436.6,155.0
1783437900,29436.7,29443.9,29434.4,29443.6,192.0
1783437960,29442.6,29446.6,29437.8,29445.7,192.0
1783438020,29445.1,29450.9,29443.4,29448.8,170.0
1783438080,29448.7,29452.2,29445.6,29449.4,170.0
1783438140,29449.9,29451.4,29446.2,29450.9,177.0
1783438200,29450.9,29459.2,29446.8,29455.2,169.0
1783438260,29455.3,29458.4,29436.8,29440.4,211.0
1783438320,29440.3,29442.1,29432.9,29435.2,177.0
1783438380,29435.4,29440.1,29431.1,29434.2,192.0
1783438440,29434.1,29437.1,29427.3,29433.4,174.0
1783438500,29433.3,29444.4,29431.4,29443.7,182.0
1783438560,29443.7,29453.4,29440.7,29451.4,190.0
1783438620,29451.6,29454.9,29449.2,29452.8,176.0
1783438680,29452.9,29453.9,29446.4,29450.2,175.0
1783438740,29450.2,29458.8,29450.1,29455.2,192.0
1783438800,29455.7,29463.7,29454.4,29461.9,198.0
1783438860,29461.8,29462.2,29450.4,29453.9,207.0
1783438920,29453.9,29467.3,29450.9,29465.1,196.0
1783438980,29464.4,29471.8,29463.4,29464.8,202.0
1783439040,29464.2,29464.2,29446.9,29449.4,205.0
1783439100,29449.3,29450.7,29439.7,29440.6,206.0
1783439160,29440.6,29441.4,29432.9,29436.3,178.0
1783439220,29436.3,29444.2,29432.1,29436.9,219.0
1783439280,29436.7,29436.8,29400.6,29402.1,221.0
1783439340,29401.8,29410.3,29400.8,29408.3,205.0
1783439400,29408.1,29411.3,29401.9,29406.3,214.0
1783439460,29406.3,29413.7,29400.3,29410.1,212.0
1783439520,29410.1,29413.8,29398.2,29400.2,203.0
1783439580,29398.1,29400.2,29391.6,29394.2,208.0
1783439640,29394.2,29394.2,29386.1,29387.7,204.0
1783439700,29387.8,29397.6,29386.4,29396.1,223.0
1783439760,29396.3,29401.8,29387.1,29393.1,199.0
1783439820,29393.1,29397.6,29391.6,29395.6,193.0
1783439880,29396.7,29400.9,29393.8,29398.1,195.0
1783439940,29398.3,29407.2,29396.1,29406.3,193.0
1783440000,29405.3,29408.1,29398.9,29406.6,223.0
1783440060,29406.7,29408.1,29395.1,29401.4,230.0
1783440120,29401.6,29408.6,29393.8,29401.8,213.0
1783440180,29401.6,29404.9,29391.1,29397.9,216.0
1783440240,29397.8,29399.2,29382.9,29385.9,214.0
1783440300,29385.7,29388.7,29377.3,29383.3,220.0
1783440360,29383.2,29384.6,29378.4,29383.7,212.0
1783440420,29383.3,29405.7,29376.7,29405.7,231.0
1783440480,29405.6,29418.9,29403.8,29406.1,218.0
1783440540,29403.3,29408.4,29400.2,29402.3,216.0
1783440600,29402.3,29402.6,29395.1,29398.8,199.0
1783440660,29398.4,29408.4,29392.4,29406.2,203.0
1783440720,29406.6,29407.1,29398.8,29402.4,203.0
1783440780,29402.4,29413.8,29399.3,29406.9,196.0
1783440840,29406.8,29413.2,29405.1,29405.1,168.0
1783440900,29405.4,29415.9,29394.3,29394.3,222.0
1783440960,29394.8,29396.1,29381.9,29384.3,205.0
1783441020,29384.6,29387.4,29381.1,29381.3,221.0
1783441080,29381.3,29382.3,29368.8,29381.3,228.0
1783441140,29383.9,29391.1,29380.2,29383.9,212.0
1783441200,29384.2,29388.3,29379.4,29386.4,221.0
1783441260,29387.3,29387.3,29360.8,29364.2,227.0
1783441320,29364.7,29375.7,29363.2,29375.7,239.0
1783441380,29375.7,29382.3,29371.7,29378.4,202.0
1783441440,29378.6,29378.8,29369.7,29372.1,215.0
1783441500,29361.7,29369.1,29351.9,29354.8,245.0
1783441560,29354.8,29361.9,29351.9,29353.7,214.0
1783441620,29352.7,29357.9,29348.2,29352.9,238.0
1783441680,29353.1,29358.6,29347.7,29357.3,245.0
1783441740,29355.3,29368.3,29353.6,29356.4,248.0
1783441800,29351.1,29446.8,29334.7,29398.6,294.0
1783441860,29399.4,29421.4,29369.3,29403.7,295.0
1783441920,29403.3,29423.8,29355.1,29356.5,268.0
1783441980,29369.8,29372.6,29316.3,29326.1,284.0
1783442040,29327.2,29333.1,29280.6,29293.0,287.0
1783442100,29296.2,29316.1,29269.0,29285.7,285.0
1783442160,29285.2,29317.2,29275.3,29315.8,291.0
1783442220,29317.1,29340.1,29306.5,29316.3,291.0
1783442280,29314.6,29317.5,29255.5,29262.8,277.0
1783442340,29264.6,29335.0,29258.8,29309.8,285.0
1783442400,29307.6,29350.5,29292.1,29349.0,296.0
1783442460,29349.8,29357.0,29326.2,29333.2,289.0
1783442520,29332.6,29349.1,29303.1,29327.5,286.0
1783442580,29327.2,29364.8,29320.1,29337.0,285.0
1783442640,29335.3,29369.8,29318.7,29357.5,281.0
1783442700,29357.2,29360.1,29321.7,29329.7,282.0
1783442760,29327.2,29342.0,29293.7,29300.6,289.0
1783442820,29301.2,29312.5,29281.7,29282.6,279.0
1783442880,29283.1,29339.1,29282.2,29308.8,287.0
1783442940,29308.6,29313.1,29267.8,29275.7,275.0
1783443000,29275.3,29297.1,29269.1,29280.3,274.0
1783443060,29279.2,29293.0,29242.0,29271.7,280.0
1783443120,29270.3,29300.6,29252.7,29257.1,280.0
1783443180,29256.1,29256.1,29223.7,29232.7,277.0
1783443240,29231.7,29238.7,29208.7,29218.1,274.0
1783443300,29219.2,29225.3,29191.0,29192.8,278.0
1783443360,29192.6,29214.7,29192.6,29203.6,285.0
1783443420,29204.0,29220.0,29191.6,29197.5,282.0
1783443480,29196.7,29230.0,29185.0,29204.0,280.0
1783443540,29206.7,29247.7,29206.2,29233.2,282.0
1783443600,29233.6,29261.3,29210.0,29249.8,287.0
1783443660,29248.6,29267.5,29213.7,29232.3,286.0
1783443720,29233.3,29257.1,29220.1,29241.8,281.0
1783443780,29242.1,29247.2,29200.3,29204.7,286.0
1783443840,29205.7,29216.2,29187.0,29207.1,286.0
1783443900,29209.0,29221.7,29198.6,29208.7,284.0
1783443960,29207.0,29237.1,29202.5,29229.3,284.0
1783444020,29227.3,29232.3,29193.5,29213.5,279.0
1783444080,29213.8,29224.0,29180.0,29199.5,278.0
1783444140,29200.0,29224.7,29196.6,29207.0,277.0
1783444200,29206.2,29206.5,29176.3,29180.2,281.0
1783444260,29180.8,29182.0,29150.6,29156.0,275.0
1783444320,29156.8,29164.5,29133.8,29133.8,279.0
1783444380,29132.5,29155.7,29128.7,29132.6,280.0
1783444440,29131.0,29132.6,29097.8,29106.6,280.0
1783444500,29106.2,29107.0,29071.6,29097.3,286.0
1783444560,29098.2,29118.7,29086.2,29101.2,277.0
1783444620,29101.6,29108.1,29088.3,29097.2,283.0
1783444680,29097.0,29127.8,29092.1,29114.3,278.0
1783444740,29113.6,29131.8,29095.2,29127.5,279.0
1783444800,29128.5,29141.0,29090.6,29100.8,284.0
1783444860,29099.8,29106.0,29086.0,29098.0,276.0
1783444920,29099.2,29113.3,29084.2,29095.1,281.0
1783444980,29094.2,29096.2,29060.5,29072.2,287.0
1783445040,29073.0,29082.5,29055.0,29056.6,284.0
1783445100,29058.3,29058.6,29029.8,29040.8,278.0
1783445160,29040.1,29047.5,29024.3,29029.3,275.0
1783445220,29029.1,29059.2,29025.0,29047.6,286.0
1783445280,29047.6,29063.0,29037.6,29053.5,278.0
1783445340,29052.6,29075.5,29052.6,29067.3,290.0
1783445400,29068.6,29083.2,29051.7,29074.2,285.0
1783445460,29073.7,29090.3,29061.5,29069.1,282.0
1783445520,29068.3,29070.5,29035.2,29054.5,276.0
1783445580,29059.1,29083.7,29056.7,29073.0,282.0
1783445640,29073.1,29075.2,29043.0,29046.2,272.0
1783445700,29043.3,29048.7,29006.5,29013.2,269.0
1783445760,29016.0,29047.1,29006.5,29042.0,282.0
1783445820,29043.5,29043.5,29017.7,29035.6,279.0
1783445880,29036.2,29045.3,29025.0,29028.2,272.0
1783445940,29028.5,29044.1,29017.7,29020.1,282.0
1783446000,29020.1,29037.0,29016.2,29019.6,271.0
1783446060,29019.7,29022.2,28992.1,28992.1,285.0
1783446120,28991.6,29011.1,28974.5,29004.1,289.0
1783446180,29003.2,29015.0,28993.3,29003.1,280.0
1783446240,29003.2,29011.6,28990.2,29002.7,269.0
1783446300,29002.0,29026.3,28996.8,29011.6,281.0
1783446360,29011.2,29039.3,28999.7,29036.7,285.0
1783446420,29036.2,29050.3,29025.3,29040.5,280.0
1783446480,29040.5,29055.5,29020.1,29025.2,278.0
1783446540,29027.1,29039.6,29018.6,29030.6,276.0
1783446600,29030.1,29043.1,29019.3,29039.0,275.0
1783446660,29041.1,29060.0,29036.7,29048.2,281.0
1783446720,29045.6,29070.0,29035.1,29068.8,267.0
1783446780,29069.1,29079.0,29061.3,29064.5,277.0
1783446840,29064.2,29064.5,29041.0,29059.1,280.0
1783446900,29059.3,29083.2,29057.7,29068.5,276.0
1783446960,29070.5,29085.2,29048.5,29055.6,278.0
1783447020,29055.2,29071.8,29048.7,29071.5,275.0
1783447080,29071.0,29089.6,29068.3,29078.3,276.0
1783447140,29077.7,29087.1,29065.8,29066.5,268.0
1783447200,29065.1,29072.2,29053.7,29059.7,288.0
1783447260,29061.5,29066.2,29036.7,29066.2,269.0
1783447320,29066.2,29072.3,29053.2,29060.2,271.0
1783447380,29059.1,29081.0,29055.0,29076.0,264.0
1783447440,29077.0,29088.7,29064.5,29079.7,276.0
1783447500,29080.5,29092.3,29066.2,29066.2,262.0
1783447560,29066.0,29085.2,29063.2,29082.0,265.0
1783447620,29082.0,29089.0,29062.1,29087.3,265.0
1783447680,29087.2,29098.8,29082.1,29082.5,277.0
1783447740,29082.2,29096.3,29076.5,29091.3,265.0
1783447800,29091.0,29102.1,29084.8,29096.1,275.0
1783447860,29096.5,29107.6,29090.5,29096.3,261.0
1783447920,29097.7,29116.1,29087.0,29110.8,277.0
1783447980,29113.7,29121.5,29101.8,29121.1,269.0
1783448040,29119.8,29119.8,29082.1,29082.7,274.0
1783448100,29082.1,29083.0,29061.3,29070.1,285.0
1783448160,29069.7,29080.2,29050.3,29069.3,267.0
1783448220,29069.3,29075.1,29049.5,29056.0,275.0
1783448280,29055.7,29064.0,29048.2,29056.5,273.0
1783448340,29056.3,29056.7,29039.5,29046.1,278.0
1783448400,29044.3,29055.8,29038.2,29045.5,278.0
1783448460,29046.1,29081.0,29041.7,29072.2,264.0
1783448520,29070.7,29079.7,29056.5,29059.5,273.0
1783448580,29059.7,29060.5,29044.6,29051.6,275.0
1783448640,29052.5,29060.2,29036.3,29044.3,278.0
1783448700,29045.7,29056.1,29041.0,29053.3,258.0
1783448760,29052.6,29066.8,29044.7,29066.0,264.0
1783448820,29066.8,29072.6,29055.1,29068.5,268.0
1783448880,29068.2,29085.0,29050.5,29050.8,260.0
1783448940,29051.0,29078.6,29050.0,29078.6,260.0
1783449000,29078.3,29086.7,29055.1,29066.7,276.0
1783449060,29066.8,29071.0,29054.3,29068.0,258.0
1783449120,29068.5,29075.6,29064.0,29067.0,262.0
1783449180,29066.0,29082.0,29063.8,29070.2,273.0
1783449240,29069.1,29078.0,29054.0,29054.1,273.0
1783449300,29057.8,29057.8,29035.6,29055.7,279.0
1783449360,29057.1,29077.5,29056.6,29061.0,264.0
1783449420,29062.2,29065.1,29045.0,29054.2,257.0
1783449480,29054.5,29058.1,29040.6,29043.0,266.0
1783449540,29042.3,29047.0,29021.8,29022.2,270.0
1783449600,29022.3,29040.0,29012.6,29038.8,276.0
1783449660,29038.3,29048.3,29026.1,29047.8,271.0
1783449720,29047.5,29064.3,29038.8,29061.5,259.0
1783449780,29060.6,29072.0,29046.3,29064.5,257.0
1783449840,29063.6,29093.2,29058.5,29093.2,264.0
1783449900,29093.6,29127.8,29089.6,29114.6,274.0
1783449960,29113.1,29123.2,29105.3,29110.5,269.0
1783450020,29111.2,29132.0,29108.7,29112.5,272.0
1783450080,29112.6,29139.6,29108.5,29131.5,267.0
1783450140,29133.0,29133.5,29096.8,29096.8,268.0
1783450200,29096.6,29112.7,29096.6,29107.7,264.0
1783450260,29106.7,29122.3,29104.0,29121.7,270.0
1783450320,29121.7,29142.5,29114.1,29137.8,264.0
1783450380,29137.5,29143.2,29131.8,29139.8,262.0
1783450440,29139.7,29139.8,29123.5,29133.0,262.0
1783450500,29132.6,29140.0,29118.1,29118.5,267.0
1783450560,29117.3,29136.0,29111.1,29126.5,268.0
1783450620,29128.0,29142.0,29128.0,29136.3,259.0
1783450680,29137.2,29147.6,29136.7,29142.3,252.0
1783450740,29141.3,29152.5,29136.1,29150.7,255.0
1783450800,29153.1,29171.7,29140.7,29162.1,262.0
1783450860,29160.8,29180.0,29160.1,29176.6,242.0
1783450920,29175.3,29194.3,29175.3,29188.0,256.0
1783450980,29187.6,29190.6,29179.5,29188.7,259.0
1783451040,29188.8,29190.0,29176.8,29183.7,253.0
1783451100,29183.8,29195.0,29168.1,29194.1,269.0
1783451160,29193.8,29215.3,29192.7,29193.8,267.0
1783451220,29194.5,29196.8,29175.6,29191.0,263.0
1783451280,29190.6,29193.8,29162.2,29169.0,260.0
1783451340,29168.8,29182.5,29166.0,29175.5,252.0
1783451400,29176.2,29197.5,29175.2,29185.1,265.0
1783451460,29184.7,29199.8,29180.1,29198.7,268.0
1783451520,29198.5,29221.6,29198.5,29219.6,268.0
1783451580,29219.3,29233.3,29217.6,29230.7,252.0
1783451640,29230.3,29233.5,29220.1,29230.2,256.0
1783451700,29229.8,29231.2,29218.2,29219.0,261.0
1783451760,29219.7,29231.1,29218.1,29225.5,262.0
1783451820,29223.5,29230.6,29218.1,29222.3,260.0
1783451880,29222.5,29225.2,29215.1,29217.7,258.0
1783451940,29217.1,29237.6,29214.8,29232.2,252.0
1783452000,29231.3,29265.7,29231.3,29259.7,257.0
1783452060,29259.5,29266.3,29251.3,29263.7,254.0
1783452120,29263.6,29296.2,29263.6,29292.8,248.0
1783452180,29290.8,29309.8,29280.8,29283.8,264.0
1783452240,29283.7,29291.2,29269.0,29269.3,266.0
1783452300,29270.1,29285.1,29265.6,29284.2,273.0
1783452360,29284.0,29300.7,29282.7,29299.6,258.0
1783452420,29299.6,29308.0,29294.8,29300.2,261.0
1783452480,29300.1,29309.1,29295.3,29297.3,240.0
1783452540,29297.3,29310.0,29295.8,29299.8,239.0
1783452600,29296.1,29321.1,29294.6,29314.8,264.0
1783452660,29315.0,29318.3,29301.8,29311.1,254.0
1783452720,29312.0,29317.6,29296.8,29299.1,243.0
1783452780,29300.2,29300.2,29277.1,29278.0,258.0
1783452840,29278.8,29302.7,29278.6,29293.5,254.0
1783452900,29294.1,29302.1,29266.6,29267.7,254.0
1783452960,29266.5,29269.1,29250.6,29258.3,261.0
1783453020,29258.6,29291.0,29256.0,29286.6,251.0
1783453080,29286.0,29286.0,29271.1,29273.1,257.0
1783453140,29273.8,29284.0,29272.3,29278.3,248.0
1783453200,29278.2,29291.1,29264.5,29267.1,264.0
1783453260,29267.3,29273.7,29260.8,29266.1,251.0
1783453320,29265.0,29271.0,29256.0,29267.3,249.0
1783453380,29268.3,29285.0,29267.6,29283.2,256.0
1783453440,29283.2,29291.7,29281.0,29291.7,252.0
1783453500,29291.1,29311.3,29289.0,29307.5,247.0
1783453560,29307.6,29307.8,29285.5,29294.5,253.0
1783453620,29294.3,29303.7,29289.8,29295.6,248.0
1783453680,29295.8,29301.8,29292.5,29294.6,229.0
1783453740,29294.5,29305.6,29290.3,29303.8,254.0
1783453800,29303.8,29313.8,29293.3,29311.1,244.0
1783453860,29310.7,29315.6,29306.0,29308.8,250.0
1783453920,29309.3,29321.3,29308.6,29319.6,232.0
1783453980,29319.6,29319.6,29302.0,29309.3,241.0
1783454040,29309.8,29310.0,29297.1,29299.0,245.0
1783454100,29299.1,29299.3,29279.0,29283.5,252.0
1783454160,29283.6,29290.6,29282.3,29288.5,237.0
1783454220,29287.8,29292.8,29277.1,29279.0,251.0
1783454280,29279.1,29283.0,29267.2,29279.6,249.0
1783454340,29280.0,29309.1,29277.6,29303.7,256.0
1783454400,29303.1,29310.7,29296.7,29309.6,250.0
1783454460,29310.3,29317.2,29299.0,29304.2,234.0
1783454520,29305.5,29315.0,29303.0,29310.8,235.0
1783454580,29311.0,29311.0,29294.1,29296.6,242.0
1783454640,29296.8,29317.3,29296.8,29315.1,247.0
1783454700,29315.5,29330.2,29313.5,29323.1,252.0
1783454760,29323.7,29332.6,29311.6,29327.8,249.0
1783454820,29327.1,29339.6,29326.6,29333.1,246.0
1783454880,29332.8,29344.3,29330.7,29331.6,251.0
1783454940,29332.6,29343.1,29328.1,29337.1,255.0
1783455000,29337.6,29338.6,29307.5,29310.8,262.0
1783455060,29310.6,29318.0,29300.3,29317.6,239.0
1783455120,29318.2,29318.2,29307.8,29312.3,237.0
1783455180,29312.1,29320.8,29306.3,29307.3,237.0
1783455240,29307.6,29309.8,29294.2,29296.6,238.0
1783455300,29296.8,29299.3,29283.5,29295.8,259.0
1783455360,29296.5,29299.8,29275.3,29275.6,258.0
1783455420,29275.2,29285.6,29275.2,29278.6,242.0
1783455480,29279.5,29292.8,29274.2,29285.1,252.0
1783455540,29285.0,29293.8,29279.8,29289.5,252.0
1783455600,29289.7,29303.8,29287.8,29298.6,259.0
1783455660,29299.1,29323.8,29296.3,29322.1,262.0
1783455720,29322.8,29331.1,29315.0,29315.2,259.0
1783455780,29315.8,29325.8,29302.0,29325.7,252.0
1783455840,29325.6,29336.8,29318.5,29319.5,259.0
1783455900,29319.2,29319.2,29301.3,29313.5,259.0
1783455960,29313.8,29314.0,29293.1,29298.5,254.0
1783456020,29299.0,29305.5,29295.2,29300.6,242.0
1783456080,29300.3,29304.1,29288.0,29292.8,251.0
1783456140,29293.2,29299.2,29289.3,29297.8,251.0
1783456200,29297.2,29313.5,29297.2,29313.5,274.0
1783456260,29314.3,29320.7,29312.7,29318.8,245.0
1783456320,29319.2,29324.8,29303.6,29305.3,260.0
1783456380,29305.8,29320.6,29300.0,29314.3,261.0
1783456440,29314.6,29317.7,29309.1,29312.0,249.0
1783456500,29311.5,29320.5,29309.0,29319.7,241.0
1783456560,29320.1,29330.6,29320.1,29320.8,240.0
1783456620,29321.1,29321.3,29309.3,29316.3,248.0
1783456680,29315.8,29317.7,29299.3,29301.1,260.0
1783456740,29301.6,29324.5,29301.0,29320.6,238.0
1783456800,29320.8,29324.2,29314.3,29322.0,244.0
1783456860,29322.2,29332.1,29320.0,29329.3,254.0
1783456920,29329.8,29331.1,29321.6,29328.3,242.0
1783456980,29328.6,29332.3,29320.1,29321.2,228.0
1783457040,29322.0,29326.1,29307.5,29325.1,246.0
1783457100,29325.1,29328.8,29310.1,29316.5,242.0
1783457160,29316.8,29318.2,29295.1,29299.6,269.0
1783457220,29299.5,29311.7,29297.2,29298.5,236.0
1783457280,29298.8,29313.3,29293.3,29311.6,242.0
1783457340,29311.1,29311.8,29297.2,29305.0,252.0
1783457400,29305.1,29307.1,29295.5,29303.3,226.0
1783457460,29303.3,29315.1,29300.3,29313.3,229.0
1783457520,29313.0,29323.1,29311.0,29322.2,242.0
1783457580,29322.1,29322.1,29294.1,29294.3,241.0
1783457640,29293.5,29308.0,29293.5,29301.6,230.0
1783457700,29302.5,29306.5,29296.5,29303.6,233.0
1783457760,29304.1,29325.3,29303.0,29322.0,227.0
1783457820,29321.3,29321.5,29313.3,29319.1,214.0
1783457880,29318.8,29318.8,29311.6,29314.3,197.0
1783457940,29314.3,29331.2,29309.2,29331.2,221.0
1783458000,29330.8,29337.8,29321.6,29322.7,270.0
1783458060,29322.3,29335.8,29320.3,29332.2,247.0
1783458120,29332.0,29333.5,29307.5,29310.7,250.0
1783458180,29311.3,29313.6,29301.3,29311.2,250.0
1783458240,29311.0,29315.6,29307.3,29315.6,225.0
1783458300,29314.8,29326.6,29314.6,29318.3,237.0
1783458360,29316.8,29317.1,29297.3,29301.7,244.0
1783458420,29301.7,29311.1,29299.7,29307.1,248.0
1783458480,29306.2,29313.8,29298.6,29299.3,243.0
1783458540,29299.3,29305.1,29295.6,29303.3,230.0
1783458600,29304.8,29309.3,29300.1,29306.8,242.0
1783458660,29305.8,29313.1,29303.3,29307.8,236.0
1783458720,29307.3,29323.3,29306.3,29321.1,247.0
1783458780,29321.2,29324.1,29314.2,29316.8,228.0
1783458840,29317.0,29323.8,29309.8,29310.8,224.0
1783458900,29311.3,29317.6,29300.6,29314.1,238.0
1783458960,29314.0,29315.8,29304.7,29307.5,236.0
1783459020,29308.1,29312.3,29301.5,29305.7,226.0
1783459080,29306.3,29309.2,29300.3,29301.1,227.0
1783459140,29301.1,29307.6,29296.2,29306.3,222.0
1783459200,29306.1,29308.6,29297.0,29304.8,229.0
1783459260,29304.8,29314.6,29302.1,29313.0,231.0
1783459320,29312.6,29318.0,29299.1,29316.1,220.0
1783459380,29316.3,29324.2,29314.2,29315.1,243.0
1783459440,29315.1,29316.1,29309.6,29314.1,218.0
1783459500,29313.2,29314.3,29305.8,29313.5,232.0
1783459560,29313.8,29317.8,29297.3,29302.6,229.0
1783459620,29302.5,29303.7,29292.8,29294.0,231.0
1783459680,29294.8,29298.1,29281.2,29282.1,236.0
1783459740,29281.6,29286.3,29275.2,29281.0,254.0
1783459800,29281.8,29289.5,29264.7,29279.8,251.0
1783459860,29279.7,29290.0,29275.5,29289.6,252.0
1783459920,29289.1,29294.7,29277.1,29277.1,245.0
1783459980,29276.8,29282.3,29260.1,29267.1,250.0
1783460040,29266.8,29276.2,29266.2,29268.7,245.0
1783460100,29265.8,29276.3,29253.3,29276.3,251.0
1783460160,29277.6,29281.8,29255.7,29265.8,252.0
1783460220,29266.3,29275.6,29264.3,29266.3,235.0
1783460280,29266.3,29277.3,29264.6,29274.5,227.0
1783460340,29274.3,29275.3,29266.3,29269.6,221.0
1783460400,29269.7,29270.0,29250.3,29252.1,241.0
1783460460,29251.3,29257.7,29236.1,29241.6,233.0
1783460520,29241.6,29243.5,29224.0,29224.5,258.0
1783460580,29224.1,29229.3,29216.8,29228.3,253.0
1783460640,29228.8,29237.3,29224.3,29236.3,241.0
1783460700,29236.3,29241.2,29229.0,29233.1,240.0
1783460760,29232.1,29234.7,29222.8,29227.1,238.0
1783460820,29227.3,29234.1,29227.1,29233.7,228.0
1783460880,29235.1,29248.3,29228.3,29229.7,254.0
1783460940,29228.5,29228.5,29183.8,29215.2,287.0
1783461000,29215.0,29219.5,29195.8,29199.7,273.0
1783461060,29199.8,29201.0,29169.5,29187.2,274.0
1783461120,29186.5,29190.5,29175.5,29178.3,265.0
1783461180,29178.0,29185.5,29166.5,29168.3,266.0
1783461240,29168.5,29189.7,29162.8,29182.7,273.0
1783461300,29182.7,29184.1,29171.8,29174.7,269.0
1783461360,29174.8,29179.8,29165.0,29178.0,272.0
1783461420,29178.3,29186.3,29154.1,29160.5,264.0
1783461480,29160.6,29172.0,29155.6,29157.2,271.0
1783461540,29156.8,29159.8,29148.7,29154.5,263.0
1783461600,29156.2,29165.5,29128.7,29136.6,267.0
1783461660,29138.8,29139.3,29118.0,29131.3,267.0
1783461720,29130.2,29144.3,29130.2,29135.2,272.0
1783461780,29136.7,29142.6,29131.6,29131.6,251.0
1783461840,29131.3,29139.7,29122.3,29139.7,263.0
1783461900,29139.3,29162.7,29133.0,29156.6,277.0
1783461960,29155.5,29172.7,29140.2,29140.6,276.0
1783462020,29140.2,29141.7,29118.2,29121.0,266.0
1783462080,29122.0,29124.5,29101.7,29104.8,277.0
1783462140,29105.8,29108.6,29098.3,29101.1,270.0
1783462200,29101.8,29105.1,29091.0,29094.6,269.0
1783462260,29095.6,29095.6,29083.3,29093.7,269.0
1783462320,29095.0,29095.0,29085.0,29089.7,269.0
1783462380,29090.6,29112.5,29087.2,29108.0,264.0
1783462440,29107.7,29110.3,29092.2,29098.5,251.0
1783462500,29097.0,29098.3,29071.6,29075.5,270.0
1783462560,29074.8,29074.8,29063.5,29065.1,260.0
1783462620,29064.7,29072.5,29057.5,29061.1,267.0
1783462680,29060.7,29063.3,29035.5,29041.7,266.0
1783462740,29040.8,29076.8,29040.8,29071.3,270.0
1783462800,29071.2,29086.1,29057.0,29072.1,265.0
1783462860,29072.0,29079.2,29065.2,29069.8,266.0
1783462920,29070.5,29087.8,29069.2,29077.8,273.0
1783462980,29077.7,29085.0,29071.6,29072.0,267.0
1783463040,29071.7,29079.2,29062.2,29075.8,271.0
1783463100,29074.1,29077.0,29049.6,29058.8,268.0
1783463160,29058.2,29060.7,29044.7,29050.0,270.0
1783463220,29050.3,29085.7,29050.0,29079.3,266.0
1783463280,29078.7,29092.0,29072.6,29078.6,266.0
1783463340,29078.5,29092.3,29075.5,29084.6,268.0
1783463400,29082.3,29128.1,29080.8,29121.6,281.0
1783463460,29121.1,29133.3,29117.8,29123.5,274.0
1783463520,29125.2,29125.2,29109.3,29119.6,264.0
1783463580,29121.2,29134.5,29117.3,29125.8,272.0
1783463640,29126.7,29134.6,29116.7,29133.0,267.0
1783463700,29132.5,29133.0,29104.7,29108.7,270.0
1783463760,29109.3,29112.5,29088.7,29095.0,263.0
1783463820,29095.5,29096.7,29083.6,29096.7,259.0
1783463880,29095.1,29113.7,29093.5,29099.1,263.0
1783463940,29099.8,29099.8,29081.8,29087.3,252.0
1783464000,29086.8,29090.7,29068.0,29078.0,266.0
1783464060,29078.8,29083.8,29069.8,29082.6,268.0
1783464120,29083.1,29086.0,29069.7,29074.2,259.0
1783464180,29074.5,29081.0,29069.3,29072.7,253.0
1783464240,29073.0,29085.1,29070.7,29074.1,256.0
1783464300,29075.6,29093.3,29071.2,29089.7,270.0
1783464360,29089.1,29097.2,29082.6,29087.2,273.0
1783464420,29087.1,29092.2,29070.7,29079.5,268.0
1783464480,29080.7,29099.2,29075.2,29093.6,259.0
1783464540,29094.0,29105.3,29088.8,29101.7,256.0
1783464600,29105.2,29130.7,29104.3,29115.2,257.0
1783464660,29114.8,29114.8,29083.1,29103.2,276.0
1783464720,29101.8,29108.7,29093.8,29107.6,265.0
1783464780,29105.0,29117.6,29097.5,29113.2,262.0
1783464840,29114.0,29133.8,29106.0,29133.0,272.0
1783464900,29132.3,29153.2,29132.3,29148.7,269.0
1783464960,29147.7,29150.8,29140.3,29143.3,272.0
1783465020,29144.8,29145.0,29131.6,29138.5,263.0
1783465080,29138.1,29155.7,29131.6,29151.7,247.0
1783465140,29152.2,29162.8,29146.7,29155.0,278.0
1783465200,29159.2,29176.8,29152.2,29172.3,272.0
1783465260,29172.0,29174.2,29154.5,29172.8,266.0
1783465320,29172.7,29178.1,29158.6,29170.0,240.0
1783465380,29170.1,29173.7,29164.7,29167.6,225.0
1783465440,29167.3,29183.5,29166.1,29182.7,215.0
1783465500,29183.3,29189.6,29174.3,29180.6,228.0
1783465560,29179.7,29194.7,29179.6,29189.7,220.0
1783465620,29189.3,29193.2,29186.2,29190.7,203.0
1783465680,29190.7,29200.8,29189.7,29195.6,213.0
1783465740,29195.7,29197.6,29187.5,29189.8,198.0
1783465800,29189.0,29190.7,29180.3,29184.5,210.0
1783465860,29184.7,29192.2,29183.8,29191.8,163.0
1783465920,29192.0,29193.0,29184.1,29185.3,164.0
1783465980,29185.3,29187.2,29178.5,29179.8,160.0
1783466040,29180.1,29184.0,29177.6,29180.6,186.0
1783466100,29180.2,29184.6,29178.1,29182.8,150.0
1783466160,29182.8,29184.1,29177.0,29177.5,164.0
1783466220,29177.6,29182.3,29175.8,29177.6,126.0
1783466280,29177.8,29179.8,29159.8,29162.5,159.0
1783466340,29162.5,29168.3,29162.5,29166.8,159.0
1783466400,29167.0,29170.6,29166.0,29167.3,112.0
1783466460,29168.0,29172.2,29167.3,29170.5,139.0
1783466520,29171.2,29173.5,29170.2,29171.1,146.0
1783466580,29171.5,29172.6,29167.3,29169.1,130.0
1783466640,29169.1,29177.7,29168.1,29177.7,109.0
1783466700,29177.3,29183.0,29177.2,29182.6,107.0
1783466760,29182.6,29187.1,29181.0,29184.5,123.0
1783466820,29184.3,29185.0,29179.2,29179.2,118.0
1783466880,29179.2,29179.8,29170.8,29175.6,130.0
1783466940,29175.8,29180.7,29174.6,29179.8,102.0
1783467000,29179.6,29182.3,29177.8,29182.3,93.0
1783467060,29182.3,29184.1,29177.3,29184.0,113.0
1783467120,29184.1,29187.8,29182.1,29182.1,117.0
1783467180,29182.1,29185.1,29180.8,29180.8,107.0
1783467240,29181.3,29183.5,29179.3,29182.0,124.0
1783467300,29182.1,29184.5,29179.7,29180.6,93.0
1783467360,29180.6,29181.8,29177.8,29181.6,123.0
1783467420,29181.6,29184.0,29180.8,29181.6,107.0
1783467480,29181.8,29186.8,29181.2,29184.1,101.0
1783467540,29184.1,29185.7,29180.6,29182.5,114.0
1783467600,29182.6,29184.8,29180.5,29181.3,92.0
1783467660,29181.3,29183.1,29179.7,29182.6,99.0
1783467720,29183.1,29186.2,29180.6,29180.7,103.0
1783467780,29180.8,29185.2,29180.8,29183.5,84.0
1783467840,29183.6,29184.3,29179.5,29179.7,101.0
1783467900,29179.5,29181.3,29176.8,29177.8,107.0
1783467960,29177.8,29179.7,29176.3,29179.1,99.0
1783468020,29179.1,29181.7,29177.8,29178.1,73.0
1783468080,29178.0,29182.8,29177.7,29180.8,97.0
1783468140,29180.8,29183.1,29180.5,29182.0,97.0
1783468200,29182.0,29182.6,29178.2,29178.2,109.0
1783468260,29178.7,29181.3,29177.8,29181.3,71.0
1783468320,29181.3,29183.1,29180.2,29180.3,83.0
1783468380,29180.5,29185.1,29179.6,29181.3,83.0
1783468440,29181.3,29183.3,29181.3,29182.2,77.0
1783468500,29182.1,29182.7,29179.6,29182.2,100.0
1783468560,29182.2,29185.1,29180.8,29180.8,92.0
1783468620,29180.8,29185.2,29179.8,29182.1,97.0
1783468680,29182.1,29184.7,29181.3,29181.8,106.0
1783472400,29115.8,29122.3,29087.4,29092.8,201.0
1783472460,29094.9,29136.3,29094.3,29126.8,229.0
1783472520,29126.3,29133.8,29122.7,29133.2,190.0
1783472580,29133.0,29139.2,29124.5,29128.7,182.0
1783472640,29128.9,29128.9,29112.5,29123.2,151.0
1783472700,29122.5,29135.0,29118.0,29121.0,164.0
1783472760,29120.9,29125.7,29120.8,29120.8,118.0
1783472820,29120.8,29122.8,29118.9,29121.9,120.0
1783472880,29121.7,29141.2,29121.5,29137.9,159.0
1783472940,29138.9,29140.7,29131.5,29131.5,138.0
1783473000,29132.0,29137.2,29127.2,29135.9,133.0
1783473060,29136.0,29140.8,29132.7,29140.8,99.0
1783473120,29140.8,29142.4,29137.8,29139.0,123.0
1783473180,29139.0,29140.0,29131.7,29138.3,145.0
1783473240,29138.3,29142.5,29134.4,29142.4,126.0
1783473300,29142.4,29149.0,29141.9,29147.9,113.0
1783473360,29148.0,29150.8,29147.5,29150.8,101.0
1783473420,29150.8,29152.9,29146.9,29148.3,114.0
1783473480,29147.3,29148.5,29142.7,29147.0,102.0
1783473540,29147.0,29147.3,29140.8,29144.9,100.0
1783473600,29144.9,29147.9,29139.7,29140.9,94.0
1783473660,29140.9,29143.9,29139.5,29143.3,86.0
1783473720,29143.3,29151.4,29141.2,29151.3,95.0
1783473780,29151.3,29153.2,29148.9,29148.9,109.0
1783473840,29148.8,29149.0,29139.4,29144.0,129.0
1783473900,29143.3,29143.3,29134.9,29138.3,109.0
1783473960,29138.3,29138.7,29133.9,29134.4,77.0
1783474020,29134.8,29137.0,29132.0,29136.9,93.0
1783474080,29136.9,29138.9,29136.7,29137.9,77.0
1783474140,29137.9,29140.8,29136.9,29139.8,112.0
1783474200,29140.0,29140.8,29132.7,29135.7,107.0
1783474260,29135.7,29136.4,29131.4,29134.7,92.0
1783474320,29134.7,29138.4,29133.4,29138.4,97.0
1783474380,29138.3,29146.7,29137.4,29144.7,120.0
1783474440,29144.7,29156.0,29139.2,29154.4,148.0
1783474500,29154.4,29158.5,29153.3,29156.9,126.0
1783474560,29155.9,29158.8,29152.8,29152.8,104.0
1783474620,29152.8,29155.5,29151.8,29154.0,85.0
1783474680,29154.0,29157.9,29153.5,29156.3,98.0
1783474740,29156.2,29159.8,29155.7,29159.8,81.0
1783474800,29159.8,29165.3,29157.4,29164.3,115.0
1783474860,29164.3,29164.3,29143.7,29147.0,113.0
1783474920,29146.4,29157.2,29145.8,29156.0,125.0
1783474980,29156.2,29156.2,29145.9,29148.7,119.0
1783475040,29148.5,29154.4,29148.5,29150.4,85.0
1783475100,29150.5,29152.4,29141.0,29147.3,125.0
1783475160,29147.3,29152.9,29145.3,29149.9,98.0
1783475220,29149.9,29157.4,29144.8,29155.4,101.0
1783475280,29155.4,29161.0,29149.9,29160.4,91.0
1783475340,29160.5,29161.5,29157.0,29157.2,64.0
1783475400,29157.2,29158.3,29154.8,29155.2,56.0
1783475460,29155.5,29160.4,29154.2,29157.7,69.0
1783475520,29157.7,29159.9,29149.2,29149.4,78.0
1783475580,29149.4,29156.9,29148.0,29154.8,110.0
1783475640,29155.2,29155.2,29148.7,29148.7,99.0
1783475700,29148.7,29153.7,29143.4,29151.4,109.0
1783475760,29151.4,29160.9,29151.3,29156.8,128.0
1783475820,29156.8,29156.8,29147.3,29147.3,149.0
1783475880,29147.4,29154.7,29147.3,29154.2,108.0
1783475940,29154.2,29155.7,29149.7,29149.7,81.0
1783476000,29149.7,29155.3,29149.3,29149.8,88.0
1783476060,29149.9,29160.0,29149.9,29159.5,76.0
1783476120,29160.4,29160.8,29150.9,29152.8,106.0
1783476180,29152.9,29152.9,29132.2,29135.3,140.0
1783476240,29135.3,29139.7,29131.5,29139.5,102.0
1783476300,29139.4,29156.3,29136.5,29155.4,168.0
1783476360,29155.5,29161.8,29152.2,29155.3,140.0
1783476420,29155.2,29156.4,29150.8,29151.4,96.0
1783476480,29150.8,29154.2,29144.7,29154.0,144.0
1783476540,29154.2,29154.2,29137.9,29138.5,124.0
1783476600,29138.5,29144.0,29134.5,29135.8,126.0
1783476660,29136.4,29136.4,29124.8,29133.5,128.0
1783476720,29133.4,29134.3,29131.4,29132.0,123.0
1783476780,29132.0,29138.0,29127.0,29137.3,82.0
1783476840,29137.3,29145.8,29134.7,29144.5,113.0
1783476900,29144.5,29144.5,29141.9,29142.2,73.0
1783476960,29142.2,29150.7,29141.0,29143.4,93.0
1783477020,29143.7,29157.7,29143.3,29156.3,138.0
1783477080,29156.3,29168.2,29156.2,29164.5,141.0
1783477140,29164.7,29172.9,29164.3,29170.9,123.0
1783477200,29170.8,29171.8,29164.3,29164.7,127.0
1783477260,29164.7,29166.2,29160.8,29161.3,113.0
1783477320,29161.3,29164.4,29157.4,29163.5,120.0
1783477380,29163.5,29163.5,29159.4,29161.0,77.0
1783477440,29161.0,29163.3,29157.8,29160.9,74.0
1783477500,29160.8,29165.8,29158.2,29160.3,100.0
1783477560,29160.4,29161.0,29158.5,29160.3,83.0
1783477620,29160.3,29161.7,29157.5,29161.7,93.0
1783477680,29161.7,29166.0,29159.4,29163.5,109.0
1783477740,29164.0,29166.7,29162.7,29163.4,102.0
1783477800,29163.4,29171.3,29157.8,29169.7,107.0
1783477860,29169.7,29172.2,29161.3,29162.8,94.0
1783477920,29162.7,29162.7,29151.8,29153.4,120.0
1783477980,29153.4,29155.2,29148.0,29151.2,112.0
1783478040,29150.9,29154.0,29150.0,29151.7,74.0
1783478100,29151.7,29152.2,29137.3,29139.8,123.0
1783478160,29139.5,29141.0,29134.3,29138.4,125.0
1783478220,29138.2,29139.0,29128.4,29134.8,123.0
1783478280,29134.8,29139.8,29114.7,29116.5,137.0
1783478340,29116.3,29123.9,29114.5,29123.9,142.0
1783478400,29122.8,29122.8,29110.9,29116.3,126.0
1783478460,29116.3,29118.7,29115.3,29116.3,95.0
1783478520,29116.3,29117.9,29112.8,29117.3,93.0
1783478580,29118.7,29124.4,29107.8,29109.0,145.0
1783478640,29109.0,29113.7,29106.3,29111.7,160.0
1783478700,29111.3,29126.3,29111.2,29115.3,235.0
1783478760,29115.4,29115.4,29103.0,29107.4,199.0
1783478820,29107.2,29113.0,29102.7,29112.3,218.0
1783478880,29111.5,29114.2,29095.3,29104.8,190.0
1783478940,29104.8,29104.8,29092.9,29103.7,184.0
1783479000,29103.4,29110.5,29094.0,29096.5,185.0
1783479060,29096.8,29099.5,29090.0,29090.0,153.0
1783479120,29090.2,29098.8,29089.8,29095.3,155.0
1783479180,29095.0,29096.3,29082.9,29085.7,152.0
1783479240,29086.5,29090.0,29080.9,29088.2,174.0
1783479300,29088.2,29089.2,29080.4,29080.5,148.0
1783479360,29080.5,29083.8,29073.9,29074.7,160.0
1783479420,29075.4,29080.0,29074.7,29075.4,163.0
1783479480,29075.4,29077.3,29060.8,29064.4,163.0
1783479540,29064.3,29068.8,29060.4,29067.5,208.0
1783479600,29066.8,29086.2,29034.7,29036.8,282.0
1783479660,29037.2,29056.2,29034.7,29051.3,252.0
1783479720,29051.4,29057.5,29039.7,29056.8,240.0
1783479780,29055.2,29077.8,29041.8,29069.0,263.0
1783479840,29068.9,29102.9,29068.9,29102.9,244.0
1783479900,29103.2,29130.7,29100.3,29127.3,265.0
1783479960,29127.3,29146.5,29126.8,29141.5,278.0
1783480020,29142.5,29146.0,29130.9,29131.9,274.0
1783480080,29131.9,29150.7,29126.8,29133.5,265.0
1783480140,29133.2,29176.8,29132.3,29167.9,266.0
1783480200,29167.9,29167.9,29142.9,29147.8,265.0
1783480260,29147.9,29165.4,29145.8,29165.4,258.0
1783480320,29165.0,29174.9,29150.7,29174.2,256.0
1783480380,29173.9,29184.0,29171.8,29183.2,255.0
1783480440,29183.4,29193.0,29176.9,29182.4,264.0
1783480500,29182.5,29207.8,29182.5,29189.5,259.0
1783480560,29189.4,29197.8,29181.0,29185.5,261.0
1783480620,29184.7,29186.3,29162.5,29166.4,249.0
1783480680,29166.0,29178.8,29158.9,29164.0,273.0
1783480740,29164.8,29187.0,29163.5,29183.0,252.0
1783480800,29182.8,29184.9,29170.4,29176.2,244.0
1783480860,29175.9,29195.2,29169.9,29192.2,261.0
1783480920,29191.5,29213.2,29188.3,29197.2,269.0
1783480980,29197.3,29212.8,29194.8,29211.0,266.0
1783481040,29211.5,29232.3,29211.5,29231.2,242.0
1783481100,29231.5,29235.4,29224.8,29227.9,248.0
1783481160,29228.4,29241.9,29223.7,29241.0,246.0
1783481220,29241.0,29244.4,29237.8,29239.9,236.0
1783481280,29240.2,29242.2,29231.8,29232.7,231.0
1783481340,29232.9,29236.2,29204.3,29220.9,243.0
1783481400,29220.5,29220.8,29206.2,29211.5,260.0
1783481460,29211.4,29220.5,29207.8,29220.2,261.0
1783481520,29219.2,29219.2,29201.7,29206.7,248.0
1783481580,29207.0,29211.3,29187.5,29188.3,242.0
1783481640,29188.2,29195.2,29182.7,29190.3,243.0
1783481700,29189.8,29195.3,29175.5,29179.5,242.0
1783481760,29179.2,29206.8,29178.9,29203.5,260.0
1783481820,29202.0,29216.9,29201.4,29212.7,241.0
1783481880,29212.0,29223.8,29209.0,29223.8,241.0
1783481940,29223.8,29246.9,29221.8,29243.8,236.0
1783482000,29243.5,29254.7,29242.4,29252.3,247.0
1783482060,29253.9,29256.9,29245.2,29250.5,231.0
1783482120,29250.5,29264.8,29250.5,29264.4,211.0
1783482180,29264.0,29271.8,29263.5,29268.5,235.0
1783482240,29268.8,29282.9,29268.5,29282.9,230.0
1783482300,29282.2,29304.2,29279.4,29297.7,256.0
1783482360,29296.4,29296.5,29287.2,29294.5,232.0
1783482420,29294.0,29297.9,29286.7,29296.8,226.0
1783482480,29296.5,29300.0,29282.2,29282.2,217.0
1783482540,29282.7,29293.4,29280.4,29291.0,234.0
1783482600,29290.8,29298.0,29290.5,29296.5,221.0
1783482660,29296.7,29301.4,29289.4,29290.2,226.0
1783482720,29290.0,29295.0,29285.8,29295.0,224.0
1783482780,29296.5,29297.4,29292.3,29295.9,217.0
1783482840,29295.9,29298.9,29291.5,29297.5,225.0
1783482900,29297.8,29307.4,29294.4,29302.3,206.0
1783482960,29302.3,29302.3,29292.3,29297.5,224.0
1783483020,29298.5,29299.9,29292.8,29297.4,200.0
1783483080,29297.4,29310.4,29296.7,29300.7,221.0
1783483140,29300.7,29313.0,29300.7,29309.9,206.0
1783483200,29311.5,29314.3,29301.0,29310.4,238.0
1783483260,29310.3,29315.5,29305.3,29305.3,232.0
1783483320,29304.7,29305.9,29290.0,29300.7,245.0
1783483380,29299.9,29302.4,29292.0,29292.5,229.0
1783483440,29292.5,29304.3,29288.8,29289.5,226.0
1783483500,29289.7,29293.7,29273.5,29274.7,248.0
1783483560,29274.5,29278.5,29267.3,29269.4,235.0
1783483620,29269.5,29272.5,29262.0,29266.7,235.0
1783483680,29267.3,29285.7,29266.7,29285.7,254.0
1783483740,29285.3,29285.8,29274.2,29276.5,256.0
1783483800,29277.0,29301.2,29277.0,29299.0,256.0
1783483860,29299.0,29305.4,29296.9,29301.9,212.0
1783483920,29301.5,29313.7,29301.0,29312.4,232.0
1783483980,29311.2,29324.4,29310.4,29321.9,219.0
1783484040,29320.3,29321.4,29315.2,29317.3,212.0
1783484100,29317.4,29321.5,29303.4,29305.8,218.0
1783484160,29305.7,29311.8,29303.8,29309.0,237.0
1783484220,29309.0,29310.0,29301.5,29303.7,222.0
1783484280,29303.2,29303.7,29291.7,29293.3,218.0
1783484340,29293.2,29299.4,29287.4,29297.9,223.0
1783484400,29297.8,29299.9,29279.2,29279.4,235.0
1783484460,29279.3,29283.4,29275.2,29276.4,206.0
1783484520,29276.8,29280.3,29271.4,29280.2,229.0
1783484580,29280.2,29293.2,29277.9,29277.9,222.0
1783484640,29278.2,29281.5,29265.7,29271.2,225.0
1783484700,29271.4,29277.5,29268.0,29270.4,218.0
1783484760,29270.3,29279.2,29270.3,29276.7,219.0
1783484820,29276.7,29280.2,29257.4,29257.8,232.0
1783484880,29257.5,29257.5,29248.5,29251.9,232.0
1783484940,29251.8,29255.4,29248.4,29253.0,225.0
1783485000,29253.0,29261.4,29245.8,29247.4,244.0
1783485060,29247.0,29254.3,29241.9,29248.3,248.0
1783485120,29248.8,29258.9,29239.7,29246.0,247.0
1783485180,29246.4,29246.4,29225.7,29226.8,232.0
1783485240,29226.5,29236.4,29220.4,29234.2,233.0
1783485300,29234.2,29238.2,29229.2,29231.0,252.0
1783485360,29231.0,29234.8,29210.7,29215.9,249.0
1783485420,29215.5,29219.7,29211.5,29218.0,242.0
1783485480,29216.7,29219.2,29194.4,29199.2,238.0
1783485540,29201.0,29222.8,29197.0,29222.0,245.0
1783485600,29222.2,29238.5,29222.2,29233.4,255.0
1783485660,29232.3,29237.8,29205.7,29208.0,236.0
1783485720,29208.4,29232.4,29207.8,29222.7,241.0
1783485780,29222.5,29232.9,29214.3,29218.4,239.0
1783485840,29218.9,29234.9,29214.8,29224.8,242.0
1783485900,29225.4,29243.3,29224.4,29241.4,263.0
1783485960,29241.3,29248.2,29233.3,29238.7,255.0
1783486020,29238.3,29245.5,29233.5,29245.4,245.0
1783486080,29245.3,29252.0,29232.2,29234.4,254.0
1783486140,29234.3,29240.9,29228.0,29237.2,248.0
1783486200,29237.3,29243.9,29235.7,29239.8,234.0
1783486260,29239.7,29242.5,29217.8,29220.2,245.0
1783486320,29220.2,29226.7,29217.0,29226.7,246.0
1783486380,29225.3,29227.0,29213.9,29216.0,236.0
1783486440,29216.8,29216.8,29200.7,29202.4,228.0
1783486500,29202.8,29207.2,29194.8,29206.4,243.0
1783486560,29206.5,29207.8,29194.2,29196.5,255.0
1783486620,29196.5,29210.0,29194.5,29202.8,248.0
1783486680,29203.4,29215.3,29201.2,29208.8,227.0
1783486740,29208.9,29211.3,29203.2,29203.3,241.0
1783486800,29207.2,29208.9,29180.0,29182.3,251.0
1783486860,29182.3,29183.0,29174.2,29182.4,259.0
1783486920,29181.5,29183.3,29171.2,29171.5,231.0
1783486980,29171.9,29182.9,29170.7,29175.4,248.0
1783487040,29175.4,29179.7,29169.4,29175.8,240.0
1783487100,29176.3,29176.8,29164.5,29169.3,237.0
1783487160,29168.5,29174.7,29161.2,29162.9,244.0
1783487220,29162.8,29173.9,29162.4,29173.9,251.0
1783487280,29174.4,29183.9,29161.3,29164.0,241.0
1783487340,29164.0,29174.5,29156.4,29174.3,246.0
1783487400,29173.5,29183.5,29169.8,29178.9,243.0
1783487460,29178.2,29187.7,29172.3,29172.9,240.0
1783487520,29173.4,29174.0,29155.3,29167.2,231.0
1783487580,29167.5,29184.2,29163.4,29176.9,233.0
1783487640,29176.9,29177.9,29163.2,29163.7,230.0
1783487700,29163.7,29176.4,29163.2,29175.7,228.0
1783487760,29175.5,29178.2,29159.2,29161.2,232.0
1783487820,29161.2,29169.8,29159.8,29168.4,223.0
1783487880,29168.3,29180.5,29165.5,29179.3,232.0
1783487940,29179.3,29196.3,29176.4,29191.8,221.0
1783488000,29192.3,29200.3,29184.5,29185.2,248.0
1783488060,29184.5,29196.5,29175.7,29196.5,240.0
1783488120,29195.3,29201.3,29181.0,29185.5,236.0
1783488180,29185.3,29204.8,29185.3,29204.0,208.0
1783488240,29204.0,29209.4,29201.5,29207.9,229.0
1783488300,29206.2,29216.5,29204.4,29215.7,220.0
1783488360,29215.4,29225.4,29214.0,29222.0,237.0
1783488420,29222.0,29222.0,29202.9,29208.0,248.0
1783488480,29207.5,29213.5,29198.4,29200.8,230.0
1783488540,29200.8,29203.4,29186.7,29187.7,223.0
1783488600,29188.7,29194.3,29183.7,29189.0,255.0
1783488660,29189.3,29191.3,29175.2,29182.8,244.0
1783488720,29182.8,29184.4,29168.8,29170.0,214.0
1783488780,29169.9,29175.4,29166.7,29172.3,220.0
1783488840,29172.0,29181.5,29170.7,29178.5,219.0
1783488900,29178.5,29185.3,29173.9,29173.9,214.0
1783488960,29173.9,29177.3,29167.3,29173.5,231.0
1783489020,29174.0,29181.8,29168.9,29181.0,216.0
1783489080,29181.3,29186.5,29178.4,29180.7,202.0
1783489140,29181.0,29186.0,29178.8,29185.0,212.0
1783489200,29185.3,29193.5,29183.7,29191.9,219.0
1783489260,29191.8,29202.4,29191.0,29194.8,211.0
1783489320,29195.4,29202.7,29186.7,29202.2,210.0
1783489380,29202.2,29206.0,29200.7,29202.8,192.0
1783489440,29202.9,29223.7,29202.9,29223.0,187.0
1783489500,29223.5,29235.8,29222.9,29231.7,224.0
1783489560,29231.4,29232.3,29222.3,29227.8,221.0
1783489620,29227.9,29236.4,29226.9,29236.0,211.0
1783489680,29236.0,29242.0,29228.7,29228.7,227.0
1783489740,29228.7,29233.3,29225.2,29229.4,218.0
1783489800,29229.4,29233.8,29220.8,29221.5,222.0
1783489860,29221.3,29227.7,29219.8,29222.3,213.0
1783489920,29222.5,29223.3,29214.0,29215.3,211.0
1783489980,29215.2,29226.9,29212.7,29226.2,227.0
1783490040,29226.4,29229.7,29220.4,29228.8,218.0
1783490100,29228.8,29236.3,29228.8,29230.2,188.0
1783490160,29230.2,29233.4,29223.5,29232.4,207.0
1783490220,29232.5,29235.2,29226.5,29233.5,194.0
1783490280,29233.7,29236.0,29228.3,29229.5,187.0
1783490340,29229.5,29230.9,29218.8,29227.9,213.0
1783490400,29228.0,29239.8,29228.0,29228.9,215.0
1783490460,29228.8,29251.3,29228.4,29249.3,208.0
1783490520,29248.9,29251.0,29244.0,29248.4,211.0
1783490580,29248.4,29248.7,29240.7,29248.0,197.0
1783490640,29247.4,29251.0,29243.4,29248.2,169.0
1783490700,29248.5,29251.2,29244.5,29246.9,178.0
1783490760,29246.9,29250.0,29235.0,29237.4,200.0
1783490820,29238.2,29246.4,29234.8,29245.3,201.0
1783490880,29245.9,29248.4,29238.4,29241.8,184.0
1783490940,29241.3,29253.3,29240.0,29251.3,172.0
1783491000,29251.3,29258.4,29250.3,29257.9,205.0
1783491060,29257.9,29260.4,29255.3,29259.4,181.0
1783491120,29259.4,29262.2,29256.7,29259.5,193.0
1783491180,29259.0,29260.3,29249.2,29253.5,195.0
1783491240,29253.4,29256.8,29252.8,29254.7,162.0
1783491300,29254.9,29261.4,29251.8,29261.2,186.0
1783491360,29261.2,29264.0,29256.5,29261.2,182.0
1783491420,29261.4,29261.7,29248.0,29250.5,189.0
1783491480,29250.4,29251.5,29245.4,29251.2,178.0
1783491540,29251.3,29255.9,29243.8,29246.7,206.0
1783491600,29246.5,29259.5,29243.0,29258.4,196.0
1783491660,29258.0,29259.9,29249.8,29258.4,172.0
1783491720,29258.4,29262.3,29256.3,29260.2,190.0
1783491780,29260.0,29271.7,29259.8,29263.4,172.0
1783491840,29263.4,29268.9,29262.9,29268.4,161.0
1783491900,29268.0,29274.5,29267.5,29274.4,165.0
1783491960,29274.2,29282.7,29271.9,29281.7,167.0
1783492020,29281.2,29282.8,29277.9,29281.3,188.0
1783492080,29281.3,29285.7,29279.5,29282.9,167.0
1783492140,29283.0,29284.8,29280.9,29282.5,183.0
1783492200,29281.0,29296.7,29280.4,29293.5,208.0
1783492260,29293.7,29298.9,29288.9,29296.9,219.0
1783492320,29295.7,29296.4,29279.4,29279.8,226.0
1783492380,29279.9,29283.9,29274.2,29276.2,225.0
1783492440,29276.4,29279.5,29269.9,29277.2,219.0
1783492500,29276.9,29279.2,29269.5,29277.2,188.0
1783492560,29277.2,29284.0,29275.9,29280.8,211.0
1783492620,29280.9,29283.3,29274.5,29276.4,201.0
1783492680,29276.5,29276.8,29269.4,29271.0,193.0
1783492740,29271.3,29272.9,29265.3,29271.9,195.0
1783492800,29272.2,29272.9,29255.7,29258.0,178.0
1783492860,29258.0,29261.7,29254.5,29257.2,192.0
1783492920,29256.7,29259.0,29255.4,29258.5,166.0
1783492980,29258.8,29262.7,29250.7,29251.5,201.0
1783493040,29251.3,29255.4,29249.0,29255.4,199.0
1783493100,29255.3,29260.7,29249.3,29253.0,200.0
1783493160,29253.2,29253.7,29246.4,29252.5,183.0
1783493220,29252.7,29257.8,29242.4,29243.7,192.0
1783493280,29243.4,29247.3,29243.4,29245.7,186.0
1783493340,29245.8,29253.2,29243.4,29249.2,185.0
1783493400,29249.0,29255.9,29239.9,29242.0,199.0
1783493460,29243.2,29244.5,29239.0,29240.8,184.0
1783493520,29240.9,29243.5,29235.0,29242.8,193.0
1783493580,29243.2,29244.2,29236.5,29238.8,204.0
1783493640,29239.0,29245.3,29239.0,29239.4,191.0
1783493700,29239.4,29240.0,29235.0,29237.4,204.0
1783493760,29238.2,29238.5,29233.4,29236.3,185.0
1783493820,29236.3,29240.4,29234.7,29238.2,194.0
1783493880,29238.2,29239.9,29234.5,29237.0,184.0
1783493940,29236.9,29237.2,29231.9,29234.0,177.0
1783494000,29234.2,29240.3,29222.0,29222.9,201.0
1783494060,29222.9,29229.9,29218.9,29229.2,218.0
1783494120,29229.4,29233.8,29227.8,29227.9,217.0
1783494180,29227.5,29229.8,29225.3,29227.3,189.0
1783494240,29227.3,29231.2,29225.5,29227.2,193.0
1783494300,29227.3,29229.9,29222.0,29222.3,208.0
1783494360,29222.4,29228.4,29221.7,29224.5,192.0
1783494420,29224.5,29227.9,29221.2,29221.7,209.0
1783494480,29221.5,29233.8,29217.2,29230.3,212.0
1783494540,29230.9,29235.3,29228.5,29231.5,202.0
1783494600,29231.5,29231.7,29221.2,29221.2,191.0
1783494660,29221.0,29223.4,29216.2,29217.7,185.0
1783494720,29218.0,29220.5,29213.8,29215.7,211.0
1783494780,29215.7,29215.7,29200.3,29204.2,218.0
1783494840,29204.2,29210.9,29204.2,29209.7,213.0
1783494900,29209.7,29210.8,29204.7,29204.7,217.0
1783494960,29205.0,29205.5,29198.0,29202.4,193.0
1783495020,29202.4,29213.7,29200.4,29202.4,197.0
1783495080,29202.3,29210.7,29199.2,29205.9,203.0
1783495140,29205.4,29209.3,29200.8,29200.9,182.0
1783495200,29200.9,29208.5,29195.4,29206.2,201.0
1783495260,29206.3,29216.3,29204.3,29216.3,203.0
1783495320,29216.4,29222.2,29214.7,29220.3,217.0
1783495380,29220.4,29228.8,29219.0,29224.0,210.0
1783495440,29223.4,29231.3,29223.0,29226.4,212.0
1783495500,29226.4,29227.5,29217.5,29221.3,197.0
1783495560,29221.4,29226.3,29218.9,29220.5,191.0
1783495620,29220.5,29220.5,29211.0,29214.4,176.0
1783495680,29214.9,29216.7,29209.0,29209.0,189.0
1783495740,29209.3,29210.9,29205.9,29208.3,205.0
1783495800,29208.8,29212.4,29205.5,29205.5,225.0
1783495860,29205.8,29205.8,29190.0,29194.7,218.0
1783495920,29196.5,29199.3,29187.7,29187.7,209.0
1783495980,29186.3,29187.5,29179.4,29179.5,209.0
1783496040,29179.5,29185.4,29171.7,29179.0,209.0
1783496100,29179.2,29186.7,29175.8,29179.0,239.0
1783496160,29178.4,29178.9,29170.4,29175.4,206.0
1783496220,29174.9,29179.0,29169.9,29176.8,211.0
1783496280,29176.8,29180.8,29163.0,29164.0,230.0
1783496340,29163.2,29175.4,29158.4,29170.9,218.0
1783496400,29171.0,29186.5,29170.0,29179.4,243.0
1783496460,29179.2,29180.9,29170.2,29174.4,230.0
1783496520,29175.0,29184.7,29171.9,29172.9,225.0
1783496580,29172.3,29172.5,29161.2,29167.3,203.0
1783496640,29167.5,29180.2,29167.5,29176.4,221.0
1783496700,29176.4,29176.5,29165.7,29166.2,206.0
1783496760,29167.3,29174.8,29163.0,29164.5,226.0
1783496820,29164.9,29171.8,29163.7,29168.0,223.0
1783496880,29168.0,29185.3,29164.8,29185.3,223.0
1783496940,29185.3,29187.7,29163.4,29164.9,232.0
1783497000,29165.0,29166.5,29160.3,29162.8,209.0
1783497060,29163.0,29171.7,29161.3,29168.8,215.0
1783497120,29169.2,29171.5,29162.4,29163.5,226.0
1783497180,29164.0,29164.7,29156.4,29161.0,169.0
1783497240,29161.2,29161.2,29151.8,29152.2,227.0
1783497300,29152.3,29152.7,29143.8,29149.5,232.0
1783497360,29149.9,29167.3,29149.2,29166.8,243.0
1783497420,29167.0,29173.5,29160.7,29165.0,240.0
1783497480,29164.9,29180.4,29163.3,29179.8,237.0
1783497540,29179.8,29184.0,29175.2,29182.7,224.0
1783497600,29182.7,29199.5,29179.8,29198.0,245.0
1783497660,29198.4,29202.3,29177.5,29184.3,238.0
1783497720,29184.5,29187.7,29171.7,29175.0,235.0
1783497780,29175.0,29183.0,29167.8,29180.2,233.0
1783497840,29180.0,29191.3,29179.8,29182.7,247.0
1783497900,29182.3,29190.0,29180.8,29185.5,245.0
1783497960,29185.3,29213.5,29185.2,29212.9,221.0
1783498020,29211.4,29212.3,29201.3,29201.4,218.0
1783498080,29201.4,29203.8,29196.5,29198.9,222.0
1783498140,29198.8,29203.9,29193.0,29196.0,244.0
1783498200,29195.9,29196.3,29178.0,29189.8,227.0
1783498260,29189.8,29195.4,29186.8,29193.2,236.0
1783498320,29192.9,29196.5,29185.8,29188.9,230.0
1783498380,29188.7,29193.8,29177.9,29183.3,243.0
1783498440,29183.7,29193.9,29173.5,29175.3,245.0
1783498500,29175.5,29196.4,29174.2,29196.3,253.0
1783498560,29196.3,29198.9,29183.0,29184.4,226.0
1783498620,29184.0,29184.8,29169.9,29170.0,224.0
1783498680,29170.0,29181.9,29167.4,29181.2,227.0
1783498740,29181.2,29186.4,29177.7,29182.5,216.0
1783498800,29184.0,29190.7,29174.3,29174.5,230.0
1783498860,29174.7,29179.7,29169.2,29174.9,227.0
1783498920,29175.3,29178.5,29161.8,29167.3,206.0
1783498980,29167.9,29169.9,29157.7,29159.5,214.0
1783499040,29160.0,29160.8,29155.3,29156.5,215.0
1783499100,29156.8,29166.4,29152.7,29160.5,233.0
1783499160,29160.7,29173.0,29159.8,29164.9,235.0
1783499220,29164.0,29166.0,29158.3,29158.5,219.0
1783499280,29158.7,29161.2,29153.2,29158.8,220.0
1783499340,29158.9,29159.5,29146.5,29151.8,208.0
1783499400,29151.4,29151.8,29136.9,29138.4,225.0
1783499460,29138.3,29139.0,29129.8,29138.0,212.0
1783499520,29138.0,29140.5,29123.5,29125.4,221.0
1783499580,29126.3,29129.0,29116.7,29127.2,233.0
1783499640,29127.2,29146.2,29125.7,29135.7,246.0
1783499700,29135.4,29147.9,29134.5,29138.3,249.0
1783499760,29138.8,29140.8,29131.5,29137.5,228.0
1783499820,29136.9,29138.3,29123.2,29126.8,224.0
1783499880,29127.0,29129.5,29124.0,29129.5,235.0
1783499940,29129.8,29130.8,29121.5,29123.8,214.0
1783500000,29123.0,29126.8,29114.9,29121.5,231.0
1783500060,29120.9,29125.3,29118.0,29122.9,240.0
1783500120,29122.8,29142.4,29122.8,29141.2,221.0
1783500180,29142.3,29144.8,29124.8,29127.4,236.0
1783500240,29127.4,29130.7,29114.0,29119.7,232.0
1783500300,29119.8,29120.2,29113.4,29118.7,221.0
1783500360,29118.5,29119.5,29101.9,29105.5,222.0
1783500420,29104.8,29104.8,29093.7,29093.9,201.0
1783500480,29094.2,29096.0,29088.0,29092.8,184.0
1783500540,29093.2,29095.8,29083.3,29083.4,212.0
1783500600,29083.4,29092.3,29079.3,29092.3,225.0
1783500660,29092.3,29095.3,29085.2,29085.4,238.0
1783500720,29085.7,29100.4,29081.8,29099.3,228.0
1783500780,29099.5,29102.2,29089.5,29091.5,239.0
1783500840,29092.0,29105.8,29089.5,29105.2,195.0
1783500900,29105.7,29118.5,29104.8,29112.8,200.0
1783500960,29113.0,29121.4,29107.4,29120.7,208.0
1783501020,29120.9,29129.9,29119.5,29122.7,228.0
1783501080,29122.2,29123.2,29114.2,29115.0,216.0
1783501140,29115.0,29115.7,29108.8,29114.5,240.0
1783501200,29116.2,29116.3,29097.7,29100.5,234.0
1783501260,29100.8,29106.4,29097.4,29102.0,220.0
1783501320,29102.3,29109.4,29101.5,29107.7,220.0
1783501380,29107.8,29110.3,29102.3,29108.7,213.0
1783501440,29108.7,29124.9,29107.3,29120.0,206.0
1783501500,29120.9,29130.5,29108.0,29109.6,224.0
1783501560,29109.4,29112.9,29107.6,29111.0,206.0
1783501620,29111.0,29122.6,29106.9,29117.9,214.0
1783501680,29118.1,29125.4,29115.3,29123.9,221.0
1783501740,29123.9,29124.6,29118.4,29121.3,189.0
1783501800,29121.3,29127.8,29111.9,29113.3,213.0
1783501860,29112.6,29114.3,29108.1,29108.8,186.0
1783501920,29108.8,29111.0,29103.0,29106.1,213.0
1783501980,29106.1,29107.3,29099.4,29100.1,195.0
1783502040,29100.0,29111.9,29098.9,29111.9,206.0
1783502100,29111.8,29116.4,29103.8,29106.6,211.0
1783502160,29106.5,29108.4,29102.0,29106.6,201.0
1783502220,29106.6,29119.8,29105.3,29117.9,194.0
1783502280,29118.0,29119.6,29112.0,29114.9,222.0
1783502340,29115.0,29116.1,29102.5,29107.0,195.0
1783502400,29106.0,29106.0,29094.6,29096.9,177.0
1783502460,29096.6,29106.1,29089.4,29100.0,227.0
1783502520,29099.3,29102.1,29096.1,29101.3,198.0
1783502580,29101.0,29106.5,29088.8,29106.5,204.0
1783502640,29106.8,29122.8,29106.8,29120.1,212.0
1783502700,29119.9,29125.0,29105.0,29106.1,235.0
1783502760,29106.3,29113.6,29102.6,29102.6,201.0
1783502820,29100.9,29115.9,29098.8,29111.9,208.0
1783502880,29112.4,29113.0,29096.6,29097.5,208.0
1783502940,29097.6,29097.6,29088.0,29091.4,213.0
1783503000,29088.6,29098.1,29071.5,29078.5,242.0
1783503060,29078.1,29081.9,29070.8,29080.9,223.0
1783503120,29080.9,29085.5,29077.9,29080.0,199.0
1783503180,29080.4,29080.5,29068.6,29072.4,205.0
1783503240,29072.4,29073.1,29067.1,29071.0,185.0
1783503300,29071.0,29073.8,29063.9,29072.8,198.0
1783503360,29072.6,29076.4,29068.3,29071.5,190.0
1783503420,29071.4,29073.0,29064.0,29070.4,167.0
1783503480,29070.5,29070.5,29061.9,29064.5,162.0
1783503540,29064.6,29072.9,29062.3,29072.0,175.0
1783503600,29071.6,29079.5,29068.0,29075.9,147.0
1783503660,29075.9,29081.5,29065.1,29067.9,187.0
1783503720,29067.1,29071.1,29061.9,29065.3,160.0
1783503780,29065.5,29068.6,29058.0,29061.3,139.0
1783503840,29061.1,29062.0,29053.5,29057.3,155.0
1783503900,29056.8,29058.9,29050.0,29053.0,160.0
1783503960,29052.9,29058.9,29051.4,29057.1,168.0
1783504020,29057.0,29074.5,29053.3,29072.6,179.0
1783504080,29073.0,29084.8,29072.4,29083.3,169.0
1783504140,29084.0,29085.3,29075.5,29085.3,169.0
1783504200,29085.5,29108.6,29084.9,29108.1,168.0
1783504260,29108.4,29115.9,29104.1,29115.5,178.0
1783504320,29115.6,29119.1,29108.1,29113.1,168.0
1783504380,29114.4,29119.1,29108.1,29112.3,168.0
1783504440,29113.1,29114.4,29104.9,29107.0,168.0
1783504500,29106.8,29107.4,29100.6,29105.0,150.0
1783504560,29105.0,29106.3,29098.5,29103.6,162.0
1783504620,29103.5,29105.0,29091.3,29091.9,156.0
1783504680,29091.8,29094.1,29088.5,29090.5,153.0
1783504740,29089.9,29097.1,29087.9,29097.1,174.0
1783504800,29097.6,29102.4,29071.1,29073.3,238.0
1783504860,29072.0,29075.3,29066.5,29072.4,224.0
1783504920,29073.3,29076.6,29062.4,29070.9,186.0
1783504980,29070.5,29075.9,29067.9,29071.5,208.0
1783505040,29069.9,29079.6,29068.8,29071.8,208.0
1783505100,29072.0,29077.1,29054.1,29055.3,222.0
1783505160,29055.6,29069.3,29054.5,29058.3,217.0
1783505220,29057.5,29061.3,29053.3,29059.4,224.0
1783505280,29059.3,29064.1,29056.0,29056.6,212.0
1783505340,29057.0,29065.5,29049.4,29065.5,213.0
1783505400,29066.8,29073.8,29061.3,29067.8,220.0
1783505460,29067.0,29090.5,29067.0,29087.4,206.0
1783505520,29086.9,29086.9,29074.9,29082.8,222.0
1783505580,29082.6,29087.9,29074.5,29080.0,221.0
1783505640,29080.0,29086.9,29069.9,29070.3,205.0
1783505700,29070.3,29070.9,29058.9,29069.9,207.0
1783505760,29069.1,29081.0,29062.6,29067.6,215.0
1783505820,29067.1,29068.1,29052.6,29052.6,189.0
1783505880,29052.8,29064.9,29048.9,29064.9,205.0
1783505940,29065.0,29072.3,29059.3,29071.6,214.0
1783506000,29072.4,29077.8,29063.4,29074.6,182.0
1783506060,29074.4,29079.5,29067.3,29074.1,207.0
1783506120,29074.6,29083.3,29066.4,29078.5,197.0
1783506180,29079.0,29094.1,29074.1,29094.0,202.0
1783506240,29093.8,29108.9,29092.4,29108.5,228.0
1783506300,29109.0,29118.5,29105.4,29110.4,218.0
1783506360,29111.3,29119.6,29107.6,29113.3,219.0
1783506420,29113.1,29114.3,29102.9,29103.3,217.0
1783506480,29103.3,29120.0,29103.3,29118.3,188.0
1783506540,29116.8,29122.5,29114.8,29118.8,194.0
1783506600,29118.6,29144.9,29113.9,29144.9,197.0
1783506660,29144.9,29151.3,29140.8,29151.3,223.0
1783506720,29151.0,29153.6,29146.5,29150.0,228.0
1783506780,29149.9,29152.4,29142.5,29147.9,203.0
1783506840,29148.5,29166.5,29146.9,29166.5,202.0
1783506900,29166.4,29175.1,29158.0,29161.8,225.0
1783506960,29161.8,29166.0,29153.9,29156.4,188.0
1783507020,29156.3,29157.5,29144.5,29146.6,209.0
1783507080,29146.8,29149.1,29127.3,29130.0,216.0
1783507140,29129.3,29134.5,29126.3,29127.6,171.0
1783507200,29127.8,29140.3,29127.8,29139.5,156.0
1783507260,29139.5,29141.9,29134.1,29140.1,160.0
1783507320,29140.1,29145.5,29137.1,29137.6,148.0
1783507380,29139.4,29141.5,29135.5,29140.5,175.0
1783507440,29140.1,29161.3,29138.5,29161.3,186.0
1783507500,29161.8,29165.1,29154.0,29158.9,194.0
1783507560,29160.4,29169.6,29159.8,29165.6,188.0
1783507620,29165.1,29170.5,29161.9,29165.1,136.0
1783507680,29165.1,29171.0,29163.0,29166.4,187.0
1783507740,29166.4,29169.9,29154.4,29162.1,189.0
1783507800,29162.1,29162.3,29146.1,29146.3,197.0
1783507860,29147.1,29156.8,29145.9,29153.8,182.0
1783507920,29153.9,29154.0,29140.9,29140.9,184.0
1783507980,29140.9,29147.6,29137.4,29146.9,170.0
1783508040,29148.8,29155.4,29148.8,29155.0,136.0
1783508100,29154.9,29154.9,29144.1,29152.5,153.0
1783508160,29152.3,29153.1,29146.1,29149.8,167.0
1783508220,29150.1,29155.6,29146.8,29153.8,156.0
1783508280,29153.4,29157.5,29146.1,29146.1,157.0
1783508340,29147.0,29152.8,29142.4,29148.4,192.0
1783508400,29151.3,29153.5,29137.4,29137.5,233.0
1783508460,29137.4,29139.9,29129.4,29132.3,219.0
1783508520,29132.1,29138.0,29126.3,29126.4,213.0
1783508580,29126.3,29138.5,29125.6,29133.4,223.0
1783508640,29132.5,29134.3,29116.0,29118.1,209.0
1783508700,29118.1,29128.4,29117.4,29123.5,213.0
1783508760,29124.0,29131.1,29113.3,29115.3,201.0
1783508820,29115.5,29125.5,29109.1,29116.3,211.0
1783508880,29116.4,29130.6,29112.6,29130.0,208.0
1783508940,29129.6,29143.4,29129.4,29139.3,214.0
1783509000,29138.5,29152.3,29135.5,29152.3,188.0
1783509060,29151.5,29171.3,29144.9,29171.3,216.0
1783509120,29171.5,29179.0,29160.5,29172.1,217.0
1783509180,29171.5,29172.1,29160.8,29164.4,207.0
1783509240,29164.8,29178.6,29164.6,29176.4,198.0
1783509300,29176.1,29181.4,29164.8,29165.8,212.0
1783509360,29165.4,29168.5,29077.5,29081.0,256.0
1783509420,29079.8,29093.1,29036.4,29036.4,289.0
1783509480,29035.6,29069.8,29021.0,29049.6,283.0
1783509540,29049.6,29055.4,29022.1,29030.9,281.0
1783509600,29030.4,29055.6,29014.6,29030.0,271.0
1783509660,29030.1,29030.1,28993.3,29007.3,279.0
1783509720,29007.4,29013.0,28992.4,28997.3,275.0
1783509780,28997.4,29006.5,28938.3,28938.4,276.0
1783509840,28934.4,28941.5,28889.8,28894.3,278.0
1783509900,28892.5,28896.1,28842.0,28888.0,284.0
1783509960,28885.9,28902.9,28873.6,28874.8,285.0
1783510020,28874.9,28890.9,28853.3,28870.4,273.0
1783510080,28872.3,28884.4,28833.3,28856.3,283.0
1783510140,28856.3,28871.4,28841.9,28847.4,283.0
1783510200,28847.6,28848.1,28809.0,28816.9,285.0
1783510260,28813.0,28832.4,28804.3,28830.4,278.0
1783510320,28830.5,28845.0,28816.5,28841.5,271.0
1783510380,28843.1,28865.9,28841.4,28853.3,276.0
1783510440,28852.5,28871.1,28836.4,28852.5,274.0
1783510500,28852.1,28868.1,28810.0,28810.6,280.0
1783510560,28808.3,28809.9,28778.9,28786.5,267.0
1783510620,28786.1,28797.1,28770.6,28797.1,271.0
1783510680,28795.6,28799.4,28756.0,28757.9,275.0
1783510740,28757.6,28781.9,28744.0,28748.3,275.0
1783510800,28748.3,28756.5,28726.0,28747.3,278.0
1783510860,28747.3,28775.8,28733.0,28733.0,281.0
1783510920,28734.4,28765.0,28731.6,28763.6,270.0
1783510980,28765.8,28776.1,28759.4,28765.0,269.0
1783511040,28764.9,28796.4,28761.8,28788.0,273.0
1783511100,28787.3,28799.8,28770.0,28780.0,271.0
1783511160,28779.1,28804.8,28778.1,28791.3,258.0
1783511220,28791.3,28818.6,28782.3,28816.8,252.0
1783511280,28816.8,28820.5,28804.5,28811.5,245.0
1783511340,28812.6,28813.4,28795.4,28803.4,260.0
1783511400,28803.9,28820.3,28790.9,28819.0,257.0
1783511460,28818.6,28839.6,28817.4,28833.0,238.0
1783511520,28833.0,28845.9,28830.0,28838.6,239.0
1783511580,28843.1,28860.9,28839.1,28847.8,237.0
1783511640,28849.1,28854.0,28826.4,28833.8,251.0
1783511700,28833.9,28865.1,28832.3,28854.8,248.0
1783511760,28854.8,28855.9,28825.3,28828.8,252.0
1783511820,28828.6,28830.3,28802.3,28803.1,261.0
1783511880,28802.9,28804.4,28775.6,28776.8,246.0
1783511940,28776.5,28782.3,28770.0,28777.1,252.0
1783512000,28777.0,28790.8,28756.5,28780.6,248.0
1783512060,28779.6,28791.4,28769.0,28788.4,246.0
1783512120,28788.4,28800.8,28784.0,28784.8,243.0
1783512180,28783.1,28788.9,28763.5,28763.5,244.0
1783512240,28764.0,28771.6,28748.5,28762.4,253.0
1783512300,28762.5,28766.0,28748.1,28749.4,238.0
1783512360,28750.1,28758.0,28738.8,28743.5,249.0
1783512420,28744.0,28748.6,28733.1,28735.0,246.0
1783512480,28735.4,28738.6,28712.6,28719.5,265.0
1783512540,28719.9,28723.8,28699.1,28716.9,263.0
1783512600,28715.8,28732.0,28704.4,28720.6,263.0
1783512660,28720.8,28741.6,28714.1,28717.3,248.0
1783512720,28717.6,28724.6,28705.9,28713.3,229.0
1783512780,28712.8,28720.8,28707.8,28711.6,233.0
1783512840,28711.1,28721.3,28680.3,28681.4,248.0
1783512900,28681.4,28693.3,28678.1,28687.6,268.0
1783512960,28685.4,28715.8,28681.1,28705.6,257.0
1783513020,28705.4,28717.9,28691.8,28714.0,242.0
1783513080,28711.5,28721.0,28685.5,28701.1,231.0
1783513140,28701.1,28719.0,28700.9,28718.1,238.0
1783513200,28718.3,28731.4,28717.0,28725.9,253.0
1783513260,28725.1,28729.0,28699.3,28706.8,251.0
1783513320,28706.8,28723.5,28699.6,28718.5,242.0
1783513380,28718.0,28724.6,28709.9,28722.8,247.0
1783513440,28722.4,28725.8,28702.9,28702.9,237.0
1783513500,28703.9,28710.8,28690.4,28702.9,234.0
1783513560,28702.8,28715.5,28697.1,28714.3,222.0
1783513620,28714.3,28727.6,28711.8,28714.1,240.0
1783513680,28713.8,28721.3,28713.6,28717.4,213.0
1783513740,28717.8,28737.8,28715.9,28728.1,238.0
1783513800,28727.5,28746.0,28720.5,28737.0,238.0
1783513860,28737.5,28740.4,28724.4,28740.4,207.0
1783513920,28742.8,28749.9,28737.4,28746.6,225.0
1783513980,28746.6,28752.3,28740.5,28747.5,206.0
1783514040,28747.4,28761.5,28747.4,28754.9,221.0
1783514100,28754.8,28770.1,28751.5,28768.4,227.0
1783514160,28768.4,28777.6,28767.9,28769.9,231.0
1783514220,28769.1,28771.9,28739.9,28739.9,241.0
1783514280,28740.0,28743.9,28731.5,28732.9,237.0
1783514340,28732.5,28750.1,28732.1,28749.8,229.0
1783514400,28750.1,28752.5,28733.9,28734.1,211.0
1783514460,28734.3,28750.6,28727.3,28740.0,232.0
1783514520,28740.0,28742.1,28729.5,28738.8,231.0
1783514580,28738.8,28744.5,28720.9,28726.1,237.0
1783514640,28725.8,28756.1,28723.9,28755.8,222.0
1783514700,28755.5,28758.1,28736.4,28740.4,181.0
1783514760,28740.4,28747.5,28727.0,28740.6,226.0
1783514820,28740.9,28742.1,28724.8,28740.3,188.0
1783514880,28740.3,28766.6,28736.4,28764.3,195.0
1783514940,28764.0,28769.0,28750.5,28751.0,201.0
1783515000,28751.5,28755.6,28741.5,28748.0,219.0
1783515060,28748.0,28757.9,28737.4,28748.6,204.0
1783515120,28748.6,28765.8,28747.4,28764.1,192.0
1783515180,28764.6,28770.5,28758.3,28768.5,197.0
1783515240,28768.4,28771.5,28748.0,28748.0,217.0
1783515300,28748.1,28755.5,28733.3,28739.5,215.0
1783515360,28740.4,28746.4,28731.9,28738.8,229.0
1783515420,28738.9,28741.0,28727.4,28733.1,202.0
1783515480,28733.1,28738.6,28722.4,28724.4,190.0
1783515540,28724.5,28728.1,28715.6,28725.6,199.0
1783515600,28728.6,28751.4,28727.0,28736.3,231.0
1783515660,28736.5,28743.5,28725.3,28736.8,209.0
1783515720,28736.4,28737.4,28718.5,28732.6,208.0
1783515780,28731.9,28731.9,28714.8,28717.3,169.0
1783515840,28717.3,28721.8,28711.8,28717.0,188.0
1783515900,28716.9,28721.6,28703.0,28708.9,206.0
1783515960,28706.6,28707.4,28695.1,28703.6,226.0
1783516020,28704.0,28705.6,28694.1,28705.6,194.0
1783516080,28705.6,28713.5,28699.3,28703.6,181.0
1783516140,28703.8,28716.4,28700.0,28716.4,200.0
1783516200,28716.4,28717.4,28698.5,28703.5,202.0
1783516260,28703.6,28708.6,28695.6,28697.8,185.0
1783516320,28697.8,28709.8,28692.9,28702.3,229.0
1783516380,28702.8,28707.5,28694.0,28698.1,222.0
1783516440,28698.1,28725.1,28695.8,28724.8,204.0
1783516500,28725.5,28736.1,28717.5,28718.8,200.0
1783516560,28718.8,28729.6,28715.8,28729.1,203.0
1783516620,28729.0,28746.5,28727.6,28738.6,207.0
1783516680,28738.6,28742.5,28731.6,28741.3,199.0
1783516740,28741.1,28754.9,28740.0,28754.3,217.0
1783516800,28754.3,28769.0,28752.3,28765.8,241.0
1783516860,28765.8,28768.0,28758.3,28765.1,209.0
1783516920,28764.9,28764.9,28743.5,28758.1,201.0
1783516980,28758.5,28762.3,28746.4,28746.4,213.0
1783517040,28746.0,28759.1,28746.0,28754.9,213.0
1783517100,28754.8,28772.3,28752.5,28766.1,191.0
1783517160,28766.1,28769.9,28761.0,28765.8,217.0
1783517220,28766.0,28768.3,28760.1,28763.6,173.0
1783517280,28763.6,28782.8,28762.3,28781.3,199.0
1783517340,28781.4,28789.0,28780.9,28787.9,184.0
1783517400,28787.4,28787.4,28769.1,28769.4,225.0
1783517460,28769.3,28802.4,28763.0,28798.5,234.0
1783517520,28798.3,28802.1,28791.4,28796.3,229.0
1783517580,28795.6,28815.8,28795.0,28802.6,244.0
1783517640,28803.1,28813.5,28795.6,28800.0,219.0
1783517700,28800.0,28819.1,28800.0,28819.1,218.0
1783517760,28819.1,28819.4,28800.1,28802.3,212.0
1783517820,28802.1,28821.6,28799.9,28808.0,223.0
1783517880,28808.0,28814.1,28802.1,28805.5,211.0
1783517940,28804.4,28816.0,28794.8,28809.6,215.0
1783518000,28809.8,28816.5,28807.0,28810.5,214.0
1783518060,28810.5,28815.6,28808.0,28811.5,163.0
1783518120,28814.5,28818.3,28806.9,28808.9,177.0
1783518180,28808.9,28820.1,28808.4,28817.3,191.0
1783518240,28816.4,28820.5,28809.5,28816.1,176.0
1783518300,28815.6,28823.9,28811.3,28820.6,193.0
1783518360,28820.5,28821.9,28808.3,28819.3,197.0
1783518420,28819.3,28827.4,28809.9,28809.9,190.0
1783518480,28809.6,28812.1,28803.6,28805.6,196.0
1783518540,28805.8,28810.9,28796.3,28810.3,188.0
1783518600,28810.9,28818.5,28806.1,28808.0,198.0
1783518660,28808.1,28816.4,28808.1,28813.4,164.0
1783518720,28813.4,28815.9,28810.5,28814.1,152.0
1783518780,28813.8,28814.5,28808.8,28810.4,168.0
1783518840,28810.4,28812.3,28802.8,28809.1,168.0
1783518900,28809.1,28822.1,28808.3,28818.5,174.0
1783518960,28818.5,28821.3,28814.8,28815.8,172.0
1783519020,28816.5,28816.5,28797.4,28797.4,177.0
1783519080,28798.8,28803.9,28794.1,28796.0,200.0
1783519140,28796.5,28796.8,28780.8,28786.3,215.0
1783519200,28786.6,28789.9,28762.0,28762.8,251.0
1783519260,28763.9,28795.4,28763.9,28787.8,233.0
1783519320,28786.8,28790.4,28776.4,28777.4,220.0
1783519380,28777.4,28778.4,28766.5,28767.0,224.0
1783519440,28767.1,28772.3,28756.4,28761.5,216.0
1783519500,28761.4,28781.3,28757.8,28777.5,234.0
1783519560,28777.5,28791.1,28776.8,28786.5,219.0
1783519620,28786.5,28790.5,28773.4,28783.9,204.0
1783519680,28784.0,28790.6,28775.9,28779.3,219.0
1783519740,28779.3,28779.6,28761.8,28765.0,194.0
1783519800,28765.6,28770.4,28758.6,28759.6,182.0
1783519860,28759.6,28759.6,28745.0,28745.0,190.0
1783519920,28746.0,28772.0,28744.8,28771.4,214.0
1783519980,28771.4,28771.4,28761.8,28765.8,157.0
1783520040,28765.8,28773.9,28762.4,28769.8,188.0
1783520100,28769.6,28771.4,28762.4,28762.8,178.0
1783520160,28763.0,28772.3,28759.5,28762.9,177.0
1783520220,28762.9,28763.3,28755.6,28758.0,182.0
1783520280,28758.1,28764.6,28754.6,28764.6,186.0
1783520340,28764.8,28779.4,28764.3,28770.3,190.0
1783520400,28771.5,28774.9,28757.8,28771.6,185.0
1783520460,28771.0,28777.8,28769.1,28769.8,171.0
1783520520,28769.8,28771.6,28760.5,28760.8,173.0
1783520580,28760.8,28762.0,28751.9,28757.5,199.0
1783520640,28757.6,28757.9,28743.3,28748.6,192.0
1783520700,28748.6,28759.0,28747.4,28759.0,193.0
1783520760,28759.1,28767.1,28753.1,28756.8,199.0
1783520820,28756.9,28758.4,28752.0,28752.8,180.0
1783520880,28752.8,28754.9,28748.9,28751.4,185.0
1783520940,28751.4,28752.8,28744.9,28751.6,182.0
1783521000,28754.4,28756.6,28741.3,28750.5,214.0
1783521060,28750.5,28761.4,28750.5,28753.8,199.0
1783521120,28753.8,28759.5,28747.3,28749.8,178.0
1783521180,28749.5,28776.1,28749.1,28775.5,182.0
1783521240,28775.6,28783.8,28770.6,28783.6,190.0
1783521300,28784.1,28799.6,28784.0,28790.8,212.0
1783521360,28791.4,28792.8,28780.8,28782.9,189.0
1783521420,28782.9,28794.4,28782.9,28788.3,173.0
1783521480,28786.9,28787.0,28771.0,28775.3,219.0
1783521540,28775.3,28782.5,28767.9,28771.3,209.0
1783521600,28771.6,28775.8,28770.3,28771.6,199.0
1783521660,28771.6,28774.3,28760.1,28767.1,186.0
1783521720,28767.3,28772.5,28763.0,28771.8,181.0
1783521780,28771.5,28877.1,28769.0,28863.5,251.0
1783521840,28858.0,28887.0,28847.1,28853.1,277.0
1783521900,28854.4,28855.4,28839.3,28844.6,265.0
1783521960,28845.5,28853.4,28830.5,28833.9,242.0
1783522020,28834.1,28849.6,28833.4,28834.5,257.0
1783522080,28832.6,28867.5,28832.6,28866.0,225.0
1783522140,28866.0,28872.6,28842.5,28847.0,245.0
1783522200,28846.3,28847.3,28821.9,28825.0,216.0
1783522260,28824.9,28849.5,28821.4,28849.5,214.0
1783522320,28849.4,28857.3,28840.9,28844.9,226.0
1783522380,28844.1,28857.5,28838.5,28856.4,237.0
1783522440,28856.4,28863.0,28856.0,28859.9,182.0
1783522500,28859.9,28882.5,28858.8,28873.0,237.0
1783522560,28872.8,28877.4,28855.4,28855.4,237.0
1783522620,28854.5,28857.3,28844.3,28846.1,219.0
1783522680,28846.1,28854.4,28844.4,28853.9,202.0
1783522740,28853.4,28856.6,28844.6,28856.1,178.0
1783522800,28854.9,28856.3,28823.3,28823.5,239.0
1783522860,28823.6,28855.9,28821.6,28844.5,230.0
1783522920,28843.8,28856.0,28842.6,28856.0,190.0
1783522980,28856.0,28872.1,28854.5,28866.5,220.0
1783523040,28866.9,28877.9,28864.4,28875.4,202.0
1783523100,28875.5,28911.3,28875.5,28903.4,254.0
1783523160,28903.3,28912.0,28900.6,28910.4,233.0
1783523220,28910.9,28946.5,28909.3,28943.6,263.0
1783523280,28943.4,28947.9,28933.9,28934.1,223.0
1783523340,28934.4,28943.4,28932.5,28941.0,215.0
1783523400,28941.0,28949.5,28929.3,28936.6,235.0
1783523460,28936.6,28943.4,28928.1,28928.3,216.0
1783523520,28928.4,28939.3,28925.8,28934.8,198.0
1783523580,28935.3,28938.8,28927.4,28928.8,185.0
1783523640,28928.8,28928.8,28913.5,28916.6,214.0
1783523700,28916.6,28917.9,28907.6,28916.0,215.0
1783523760,28915.9,28922.3,28904.0,28910.9,214.0
1783523820,28911.4,28915.8,28905.0,28915.3,210.0
1783523880,28915.5,28924.8,28914.5,28920.9,228.0
1783523940,28921.0,28924.3,28914.3,28918.6,222.0
1783524000,28918.1,28920.5,28912.6,28914.9,188.0
1783524060,28914.6,28918.8,28907.6,28907.6,208.0
1783524120,28907.6,28908.3,28893.3,28896.5,204.0
1783524180,28896.5,28899.6,28892.6,28896.8,211.0
1783524240,28896.8,28904.4,28896.0,28897.4,191.0
1783524300,28897.5,28897.9,28891.8,28896.8,209.0
1783524360,28896.6,28909.5,28893.4,28908.5,216.0
1783524420,28909.0,28922.8,28906.1,28922.0,212.0
1783524480,28922.5,28929.3,28920.3,28925.6,222.0
1783524540,28925.5,28946.5,28921.9,28943.9,216.0
1783524600,28944.4,28955.6,28932.8,28932.9,235.0
1783524660,28932.8,28959.4,28928.0,28951.5,226.0
1783524720,28950.6,28954.6,28926.8,28928.8,223.0
1783524780,28928.4,28934.9,28924.3,28925.3,211.0
1783524840,28924.6,28926.3,28916.0,28923.8,210.0
1783524900,28924.4,28925.1,28917.3,28918.3,201.0
1783524960,28918.1,28939.1,28913.5,28932.3,213.0
1783525020,28932.1,28938.4,28930.5,28934.1,191.0
1783525080,28934.1,28934.5,28926.0,28932.5,161.0
1783525140,28932.5,28940.6,28928.0,28932.9,189.0
1783525200,28932.9,28938.6,28926.0,28928.0,207.0
1783525260,28928.0,28931.1,28924.4,28929.9,170.0
1783525320,28927.9,28939.5,28927.6,28934.9,183.0
1783525380,28935.0,28946.6,28932.9,28945.9,185.0
1783525440,28946.0,28952.5,28945.5,28950.8,191.0
1783525500,28951.1,28960.3,28949.3,28951.1,209.0
1783525560,28951.1,28958.8,28940.9,28941.1,220.0
1783525620,28941.1,28952.0,28937.0,28951.8,215.0
1783525680,28951.4,28959.3,28948.3,28958.6,217.0
1783525740,28958.5,28958.6,28944.3,28945.9,208.0
1783525800,28946.3,28959.3,28944.4,28956.9,203.0
1783525860,28956.1,28964.9,28954.0,28963.9,217.0
1783525920,28963.6,28966.5,28954.9,28954.9,216.0
1783525980,28954.8,28961.6,28954.8,28958.8,171.0
1783526040,28959.3,28988.5,28959.3,28985.1,243.0
1783526100,28985.0,28991.0,28980.8,28988.1,221.0
1783526160,28987.9,29003.6,28947.3,28955.9,266.0
1783526220,28957.4,28959.5,28933.6,28945.5,266.0
1783526280,28946.0,28953.3,28933.6,28935.4,259.0
1783526340,28935.9,28936.8,28919.3,28921.3,259.0
1783526400,28921.3,28942.6,28919.1,28919.5,265.0
1783526460,28919.4,28945.0,28916.5,28939.8,256.0
1783526520,28939.3,28954.0,28934.3,28947.9,249.0
1783526580,28948.1,28959.4,28940.4,28949.4,252.0
1783526640,28949.6,28951.4,28941.8,28947.9,245.0
1783526700,28949.3,28957.9,28938.5,28950.9,248.0
1783526760,28951.5,28951.5,28924.6,28929.4,239.0
1783526820,28929.0,28941.5,28927.4,28929.4,236.0
1783526880,28929.4,28959.9,28929.0,28953.8,253.0
1783526940,28953.0,28959.0,28941.9,28955.3,227.0
1783527000,28955.3,28955.8,28940.4,28940.4,221.0
1783527060,28939.9,28942.5,28935.1,28935.9,217.0
1783527120,28934.3,28977.1,28933.3,28976.4,237.0
1783527180,28976.9,28985.9,28968.1,28972.0,234.0
1783527240,28973.6,28988.6,28972.5,28978.6,244.0
1783527300,28979.5,28982.5,28966.8,28969.8,246.0
1783527360,28970.8,28973.1,28963.5,28966.0,228.0
1783527420,28965.6,28992.5,28964.6,28987.8,228.0
1783527480,28986.0,28993.0,28979.9,28984.3,234.0
1783527540,28982.9,28988.6,28976.0,28981.4,225.0
1783527600,28981.3,28984.8,28966.8,28968.8,241.0
1783527660,28968.4,28971.5,28957.8,28959.1,237.0
1783527720,28957.9,28958.5,28948.9,28950.1,213.0
1783527780,28951.4,28955.4,28937.9,28939.0,236.0
1783527840,28939.0,28950.3,28939.0,28948.1,232.0
1783527900,28944.5,28944.5,28921.6,28940.0,230.0
1783527960,28940.1,28947.6,28934.8,28945.3,236.0
1783528020,28946.0,28976.5,28937.8,28976.5,261.0
1783528080,28985.8,28995.6,28972.0,28972.9,261.0
1783528140,28973.1,28976.0,28942.6,28970.1,275.0
1783528200,28968.9,29042.6,28968.9,29019.9,297.0
1783528260,29016.1,29063.0,28990.8,29062.4,296.0
1783528320,29064.3,29094.4,29050.9,29079.1,280.0
1783528380,29079.3,29086.5,29051.0,29064.2,284.0
1783528440,29064.0,29087.3,29055.4,29069.4,284.0
1783528500,29070.9,29096.7,29047.9,29076.2,290.0
1783528560,29070.7,29102.8,29041.9,29065.2,289.0
1783528620,29064.4,29082.2,29028.5,29065.8,293.0
1783528680,29065.4,29065.4,29022.4,29037.3,288.0
1783528740,29036.0,29095.5,29035.3,29087.9,286.0
1783528800,29089.3,29147.8,29080.2,29140.4,290.0
1783528860,29141.3,29152.3,29124.2,29132.9,266.0
1783528920,29134.0,29138.9,29098.7,29110.0,286.0
1783528980,29109.8,29126.3,29098.4,29113.0,283.0
1783529040,29112.0,29135.8,29104.3,29114.9,286.0
1783529100,29116.3,29155.3,29108.7,29151.4,289.0
1783529160,29150.5,29163.5,29137.0,29158.5,276.0
1783529220,29157.8,29165.0,29123.3,29132.4,289.0
1783529280,29134.2,29145.4,29113.3,29114.3,280.0
1783529340,29115.5,29115.5,29069.8,29070.8,286.0
1783529400,29070.5,29104.3,29055.9,29094.2,265.0
1783529460,29096.4,29140.2,29091.4,29100.3,285.0
1783529520,29099.8,29116.5,29080.0,29098.7,293.0
1783529580,29099.9,29128.2,29093.7,29106.8,291.0
1783529640,29104.5,29114.3,29088.7,29090.2,284.0
1783529700,29089.7,29097.7,29060.0,29074.5,284.0
1783529760,29075.5,29096.7,29061.9,29095.4,281.0
1783529820,29096.0,29120.7,29094.9,29105.4,280.0
1783529880,29104.8,29148.2,29102.0,29143.2,284.0
1783529940,29142.4,29161.3,29132.8,29136.0,266.0
1783530000,29133.8,29152.0,29105.2,29137.0,289.0
1783530060,29137.8,29141.4,29108.4,29109.0,282.0
1783530120,29106.7,29106.7,29078.4,29088.7,280.0
1783530180,29091.3,29093.0,29065.4,29084.2,290.0
1783530240,29085.4,29100.7,29075.3,29083.2,281.0
1783530300,29083.3,29110.7,29081.3,29106.0,284.0
1783530360,29106.3,29114.2,29085.4,29088.7,279.0
1783530420,29090.5,29097.0,29075.3,29076.2,272.0
1783530480,29077.0,29110.3,29075.0,29090.4,287.0
1783530540,29090.3,29104.4,29073.9,29090.2,280.0
1783530600,29088.3,29101.2,29052.9,29054.3,287.0
1783530660,29054.7,29060.8,29034.3,29038.4,286.0
1783530720,29039.4,29043.4,29013.5,29020.9,288.0
1783530780,29018.5,29065.2,29014.8,29037.4,278.0
1783530840,29038.4,29052.3,29032.3,29039.2,248.0
1783530900,29038.5,29041.0,29002.9,29019.0,275.0
1783530960,29017.8,29044.9,29006.2,29023.9,281.0
1783531020,29024.2,29073.0,29016.3,29064.5,288.0
1783531080,29062.9,29082.7,29041.0,29053.8,291.0
1783531140,29053.0,29058.9,29021.9,29054.4,285.0
1783531200,29052.5,29088.7,29036.3,29068.5,281.0
1783531260,29069.0,29139.5,29067.0,29134.9,288.0
1783531320,29133.4,29136.4,29102.5,29127.4,277.0
1783531380,29127.2,29134.8,29106.4,29110.3,267.0
1783531440,29111.4,29115.7,29072.2,29080.7,277.0
1783531500,29080.4,29113.4,29080.4,29109.5,279.0
1783531560,29110.2,29124.8,29085.9,29086.9,282.0
1783531620,29086.8,29089.9,29023.2,29089.3,287.0
1783531680,29087.9,29089.7,29051.3,29062.8,280.0
1783531740,29062.3,29084.2,29059.8,29060.3,280.0
1783531800,29059.9,29084.5,29054.5,29065.7,292.0
1783531860,29067.8,29077.4,29048.2,29073.8,282.0
1783531920,29073.7,29073.7,29049.4,29065.3,276.0
1783531980,29064.5,29087.0,29031.8,29083.4,284.0
1783532040,29081.4,29101.7,29069.0,29078.4,283.0
1783532100,29078.2,29078.2,29034.7,29036.3,287.0
1783532160,29035.9,29049.9,29016.3,29023.7,282.0
1783532220,29022.9,29076.7,29011.8,29057.2,281.0
1783532280,29057.5,29061.9,29030.0,29036.9,281.0
1783532340,29037.8,29042.4,29018.2,29021.7,284.0
1783532400,29021.2,29045.3,29013.9,29032.3,282.0
1783532460,29032.5,29049.2,29017.2,29046.9,281.0
1783532520,29044.4,29044.5,29010.4,29010.8,275.0
1783532580,29011.7,29013.7,28976.5,29001.7,281.0
1783532640,29000.8,29033.2,28992.3,29021.5,283.0
1783532700,29019.8,29025.0,28978.5,28991.9,270.0
1783532760,28990.9,29006.3,28974.8,28974.8,282.0
1783532820,28975.9,28976.3,28947.3,28951.8,275.0
1783532880,28951.2,28974.2,28948.5,28962.0,278.0
1783532940,28964.7,28964.7,28940.8,28940.8,262.0
1783533000,28940.5,28958.7,28919.9,28941.5,279.0
1783533060,28941.9,28966.8,28938.8,28966.8,280.0
1783533120,28966.8,29010.3,28959.9,29006.0,273.0
1783533180,29005.2,29062.4,28978.8,29026.7,277.0
1783533240,29033.3,29038.7,29006.0,29014.0,285.0
1783533300,29012.9,29032.7,28992.8,29026.2,284.0
1783533360,29026.4,29055.0,29022.4,29024.4,288.0
1783533420,29024.3,29027.8,28984.7,28998.8,281.0
1783533480,28998.8,29000.3,28960.9,28973.9,276.0
1783533540,28974.3,28982.2,28962.2,28978.3,275.0
1783533600,28982.4,28990.2,28965.5,28984.2,285.0
1783533660,28984.7,28986.3,28958.7,28965.9,279.0
1783533720,28965.5,28976.8,28954.7,28971.5,276.0
1783533780,28969.9,28978.9,28956.8,28967.9,267.0
1783533840,28966.7,28974.9,28948.3,28950.3,276.0
1783533900,28950.4,28987.0,28947.5,28985.0,276.0
1783533960,28983.5,28989.2,28951.3,28952.3,270.0
1783534020,28953.0,28967.4,28953.0,28963.4,269.0
1783534080,28963.0,28980.5,28959.7,28976.3,275.0
1783534140,28975.0,28982.7,28957.4,28961.4,273.0
1783534200,28961.4,28976.7,28947.3,28971.3,274.0
1783534260,28970.2,28973.3,28956.7,28958.3,270.0
1783534320,28957.0,28965.2,28927.2,28959.8,270.0
1783534380,28961.2,28963.3,28926.8,28931.3,261.0
1783534440,28930.4,28930.4,28899.0,28905.0,280.0
1783534500,28905.0,28928.2,28900.7,28907.8,274.0
1783534560,28908.4,28908.4,28875.7,28879.0,273.0
1783534620,28878.5,28888.3,28861.8,28873.2,274.0
1783534680,28872.3,28887.4,28865.3,28885.9,274.0
1783534740,28885.8,28927.9,28883.4,28909.0,275.0
1783534800,28908.5,28918.4,28889.5,28904.7,273.0
1783534860,28904.7,28904.7,28883.0,28890.9,274.0
1783534920,28890.9,28892.7,28853.8,28859.0,264.0
1783534980,28857.8,28859.5,28833.5,28834.8,275.0
1783535040,28834.0,28845.5,28823.3,28830.5,269.0
1783535100,28829.5,28841.5,28813.3,28820.4,272.0
1783535160,28821.4,28838.3,28802.2,28817.8,275.0
1783535220,28816.5,28825.9,28806.3,28813.5,276.0
1783535280,28813.5,28835.3,28810.8,28821.5,277.0
1783535340,28820.7,28838.3,28820.7,28824.5,260.0
1783535400,28827.0,28840.5,28802.7,28822.0,282.0
1783535460,28822.2,28833.8,28813.4,28829.2,270.0
1783535520,28828.8,28852.5,28827.4,28845.8,278.0
1783535580,28845.8,28873.5,28844.8,28858.9,277.0
1783535640,28857.9,28873.8,28848.7,28873.3,280.0
1783535700,28872.0,28891.9,28851.9,28887.4,268.0
1783535760,28887.5,28907.9,28869.4,28907.9,269.0
1783535820,28907.5,28919.5,28898.8,28910.5,281.0
1783535880,28910.4,28911.2,28881.7,28894.4,267.0
1783535940,28894.5,28896.9,28867.8,28873.8,264.0
1783536000,28874.9,28910.4,28870.3,28907.3,275.0
1783536060,28907.8,28911.3,28892.9,28904.5,276.0
1783536120,28903.9,28906.4,28870.3,28872.3,265.0
1783536180,28873.2,28894.8,28872.5,28882.5,251.0
1783536240,28882.9,28887.8,28875.3,28881.7,247.0
1783536300,28881.2,28881.7,28849.9,28880.7,271.0
1783536360,28878.9,28897.8,28869.3,28873.8,269.0
1783536420,28873.3,28873.3,28848.5,28863.3,269.0
1783536480,28864.3,28867.8,28854.4,28858.7,268.0
1783536540,28856.5,28868.0,28848.9,28862.5,268.0
1783536600,28862.9,28867.2,28843.0,28856.2,267.0
1783536660,28855.7,28856.2,28833.7,28843.5,265.0
1783536720,28843.8,28849.4,28829.4,28833.4,274.0
1783536780,28832.8,28844.0,28818.9,28842.7,267.0
1783536840,28842.7,28845.8,28824.4,28845.8,272.0
1783536900,28846.4,28866.5,28845.9,28856.7,277.0
1783536960,28855.8,28861.0,28832.0,28836.5,268.0
1783537020,28836.4,28847.3,28831.3,28847.3,267.0
1783537080,28847.5,28855.8,28835.9,28855.8,269.0
1783537140,28854.5,28875.5,28851.5,28863.9,266.0
1783537200,28869.9,28909.7,28861.5,28897.9,275.0
1783537260,28897.7,28906.0,28889.3,28896.7,269.0
1783537320,28896.9,28906.9,28887.8,28890.0,262.0
1783537380,28889.8,28902.0,28879.2,28896.0,274.0
1783537440,28895.7,28909.3,28886.0,28906.0,266.0
1783537500,28906.3,28931.4,28904.5,28918.8,273.0
1783537560,28919.2,28923.8,28907.3,28916.2,268.0
1783537620,28917.5,28924.8,28906.4,28920.0,266.0
1783537680,28919.2,28920.7,28893.4,28912.5,258.0
1783537740,28912.2,28943.0,28904.9,28936.3,274.0
1783537800,28936.7,28969.5,28936.7,28960.9,271.0
1783537860,28960.4,28975.2,28955.7,28962.7,263.0
1783537920,28962.8,28978.4,28962.8,28975.4,260.0
1783537980,28976.0,28983.0,28964.4,28972.7,252.0
1783538040,28971.7,28988.7,28971.7,28982.0,256.0
1783538100,28982.8,28990.8,28966.9,28966.9,267.0
1783538160,28966.7,28984.0,28963.3,28976.9,267.0
1783538220,28977.5,29005.4,28976.0,29003.7,267.0
1783538280,29001.4,29008.2,28994.8,28998.7,259.0
1783538340,28997.9,29007.9,28991.8,29007.9,263.0
1783538400,29010.0,29030.8,29008.0,29029.9,263.0
1783538460,29028.8,29053.3,29021.5,29047.9,277.0
1783538520,29048.9,29063.9,29043.4,29049.3,269.0
1783538580,29048.7,29062.7,29044.7,29047.5,269.0
1783538640,29047.8,29047.8,29018.4,29025.0,258.0
1783538700,29025.2,29040.2,29021.8,29036.5,261.0
1783538760,29036.2,29055.4,29035.5,29046.4,257.0
1783538820,29046.0,29069.4,29039.7,29051.2,260.0
1783538880,29051.4,29062.4,29048.7,29050.9,257.0
1783538940,29050.9,29053.9,29040.3,29044.5,232.0
1783539000,29044.0,29080.8,29037.8,29077.3,262.0
1783539060,29076.8,29097.9,29069.4,29069.4,266.0
1783539120,29069.4,29073.0,29058.5,29066.7,267.0
1783539180,29066.5,29071.0,29061.0,29067.7,263.0
1783539240,29067.4,29070.7,29040.4,29042.7,253.0
1783539300,29042.4,29080.2,29037.8,29047.8,256.0
1783539360,29047.7,29048.9,29025.9,29029.9,249.0
1783539420,29029.5,29036.8,29014.8,29027.0,250.0
1783539480,29027.5,29030.2,29016.4,29026.3,255.0
1783539540,29025.8,29065.4,29017.2,29065.2,251.0
1783539600,29062.7,29116.3,29046.3,29100.7,294.0
1783539660,29096.4,29103.9,29077.5,29086.7,269.0
1783539720,29085.8,29096.0,29079.5,29087.7,259.0
1783539780,29087.8,29106.7,29078.4,29096.4,273.0
1783539840,29098.4,29113.8,29095.7,29098.5,268.0
1783539900,29098.8,29101.3,29077.5,29087.4,256.0
1783539960,29088.8,29108.4,29085.0,29104.5,271.0
1783540020,29103.4,29105.2,29094.2,29097.7,265.0
1783540080,29097.7,29104.7,29090.4,29097.8,252.0
1783540140,29097.8,29118.0,29097.8,29115.2,255.0
1783540200,29117.7,29128.0,29108.5,29121.7,268.0
1783540260,29122.0,29125.5,29099.8,29123.5,273.0
1783540320,29123.5,29135.4,29115.5,29132.7,259.0
1783540380,29133.5,29139.3,29118.9,29134.3,256.0
1783540440,29134.0,29135.0,29121.7,29125.2,251.0
1783540500,29125.2,29140.2,29113.9,29124.0,264.0
1783540560,29123.2,29132.2,29117.0,29129.0,258.0
1783540620,29129.3,29141.0,29125.8,29140.0,257.0
1783540680,29140.0,29143.5,29132.7,29140.4,250.0
1783540740,29140.8,29143.8,29134.7,29140.9,253.0
1783540800,29141.2,29143.0,29113.8,29124.5,266.0
1783540860,29124.8,29128.8,29119.0,29124.8,227.0
1783540920,29124.9,29135.8,29112.5,29119.5,250.0
1783540980,29119.9,29126.9,29111.5,29113.2,261.0
1783541040,29113.7,29124.7,29111.8,29118.8,267.0
1783541100,29119.5,29123.3,29114.4,29119.9,239.0
1783541160,29119.8,29146.9,29115.5,29145.2,267.0
1783541220,29144.8,29156.7,29135.3,29152.7,255.0
1783541280,29152.9,29156.7,29135.5,29143.8,246.0
1783541340,29144.3,29145.2,29127.0,29127.9,251.0
1783541400,29128.7,29131.9,29117.4,29122.8,255.0
1783541460,29121.3,29121.5,29105.5,29121.3,261.0
1783541520,29121.4,29129.2,29115.0,29121.9,250.0
1783541580,29121.3,29130.0,29121.3,29127.7,239.0
1783541640,29127.7,29128.3,29102.8,29104.0,259.0
1783541700,29103.8,29117.5,29103.2,29113.2,269.0
1783541760,29113.4,29129.9,29113.3,29123.0,253.0
1783541820,29123.7,29131.8,29119.2,29125.2,250.0
1783541880,29125.5,29125.5,29117.3,29122.0,248.0
1783541940,29121.5,29149.8,29117.0,29144.7,263.0
1783542000,29144.5,29152.5,29135.9,29147.3,257.0
1783542060,29148.5,29172.8,29147.8,29165.9,265.0
1783542120,29163.5,29170.8,29160.3,29166.2,263.0
1783542180,29166.4,29179.9,29164.0,29176.3,252.0
1783542240,29176.5,29187.9,29175.7,29187.3,261.0
1783542300,29188.3,29209.4,29188.3,29200.3,275.0
1783542360,29199.4,29199.4,29181.7,29192.7,256.0
1783542420,29192.5,29196.8,29183.8,29188.0,260.0
1783542480,29187.9,29204.2,29187.9,29200.8,252.0
1783542540,29200.9,29211.4,29200.5,29208.0,233.0
1783542600,29209.5,29219.7,29202.9,29215.3,258.0
1783542660,29214.7,29224.0,29206.0,29212.3,257.0
1783542720,29212.5,29218.9,29205.3,29206.2,254.0
1783542780,29206.2,29214.2,29203.7,29208.9,258.0
1783542840,29208.7,29218.2,29203.7,29204.2,244.0
1783542900,29204.4,29213.5,29195.8,29212.0,250.0
1783542960,29213.2,29216.4,29202.7,29208.4,252.0
1783543020,29208.4,29211.2,29202.4,29202.9,245.0
1783543080,29203.2,29207.4,29191.5,29196.3,260.0
1783543140,29196.4,29201.2,29189.8,29190.4,252.0
1783543200,29191.7,29193.8,29181.4,29184.7,254.0
1783543260,29185.2,29185.7,29164.0,29164.3,270.0
1783543320,29164.7,29176.0,29156.9,29174.5,256.0
1783543380,29174.2,29174.4,29157.7,29162.4,246.0
1783543440,29162.7,29162.8,29150.9,29155.4,246.0
1783543500,29155.3,29155.7,29122.4,29133.4,258.0
1783543560,29133.7,29146.4,29124.0,29145.2,258.0
1783543620,29145.3,29145.3,29130.5,29132.2,255.0
1783543680,29131.7,29132.8,29117.3,29120.3,240.0
1783543740,29121.3,29130.3,29114.7,29121.7,255.0
1783543800,29122.2,29148.7,29117.0,29144.2,262.0
1783543860,29143.9,29144.5,29130.3,29142.2,249.0
1783543920,29140.5,29156.2,29138.5,29151.5,259.0
1783543980,29151.3,29152.9,29130.9,29131.7,248.0
1783544040,29131.4,29133.4,29122.0,29122.4,258.0
1783544100,29122.3,29122.3,29098.5,29108.7,253.0
1783544160,29109.0,29109.9,29092.2,29099.2,248.0
1783544220,29099.2,29104.4,29093.3,29102.9,244.0
1783544280,29102.5,29118.3,29100.3,29110.0,235.0
1783544340,29110.0,29120.9,29109.0,29120.5,251.0
1783544400,29116.8,29154.8,29096.8,29139.5,279.0
1783544460,29141.0,29170.3,29135.2,29164.4,265.0
1783544520,29165.5,29181.4,29156.5,29160.9,266.0
1783544580,29161.3,29180.2,29161.2,29171.9,252.0
1783544640,29170.9,29185.9,29168.2,29171.5,249.0
1783544700,29171.9,29178.3,29144.2,29164.5,262.0
1783544760,29163.0,29165.5,29154.9,29163.0,256.0
1783544820,29163.5,29171.9,29156.7,29161.9,251.0
1783544880,29161.9,29177.9,29159.9,29177.9,248.0
1783544940,29177.3,29180.9,29169.3,29180.3,252.0
1783545000,29178.9,29185.3,29159.8,29180.3,259.0
1783545060,29180.5,29183.0,29172.7,29181.2,250.0
1783545120,29182.0,29183.8,29170.0,29173.0,257.0
1783545180,29173.4,29179.4,29162.2,29179.4,245.0
1783545240,29179.3,29190.4,29170.8,29173.7,254.0
1783545300,29173.8,29185.8,29168.5,29180.0,244.0
1783545360,29180.4,29180.4,29152.2,29157.5,253.0
1783545420,29157.9,29167.3,29150.7,29162.3,240.0
1783545480,29161.5,29170.8,29153.2,29160.0,246.0
1783545540,29160.2,29181.5,29158.9,29178.9,252.0
1783545600,29177.7,29177.7,29158.4,29158.5,252.0
1783545660,29158.5,29167.4,29158.5,29166.3,255.0
1783545720,29167.4,29176.7,29165.0,29166.7,251.0
1783545780,29166.7,29170.3,29156.9,29158.2,236.0
1783545840,29155.0,29163.5,29148.9,29150.4,250.0
1783545900,29150.9,29161.0,29143.4,29155.0,247.0
1783545960,29155.8,29162.3,29150.9,29159.3,255.0
1783546020,29159.8,29171.9,29158.0,29162.9,239.0
1783546080,29162.3,29170.0,29148.5,29150.8,243.0
1783546140,29150.5,29153.0,29137.9,29139.4,228.0
1783546200,29138.8,29144.3,29120.8,29122.4,256.0
1783546260,29122.5,29136.8,29115.7,29134.3,250.0
1783546320,29134.0,29147.0,29125.3,29125.3,259.0
1783546380,29125.5,29128.7,29114.9,29121.9,242.0
1783546440,29122.3,29128.5,29122.2,29126.7,249.0
1783546500,29126.8,29133.8,29122.2,29128.5,262.0
1783546560,29128.8,29154.7,29127.0,29147.9,269.0
1783546620,29148.8,29173.7,29148.2,29165.7,258.0
1783546680,29165.2,29178.7,29163.0,29167.3,244.0
1783546740,29167.2,29178.5,29165.4,29175.7,255.0
1783546800,29175.2,29185.2,29163.2,29167.9,250.0
1783546860,29167.0,29171.0,29145.3,29149.2,258.0
1783546920,29149.8,29157.4,29140.2,29141.4,241.0
1783546980,29142.5,29162.7,29141.2,29161.4,225.0
1783547040,29161.4,29171.2,29160.7,29168.7,251.0
1783547100,29168.3,29172.7,29157.0,29166.2,239.0
1783547160,29166.2,29169.3,29161.2,29168.8,235.0
1783547220,29168.5,29171.0,29155.2,29158.7,234.0
1783547280,29158.7,29166.3,29148.0,29164.7,224.0
1783547340,29165.2,29176.3,29165.0,29170.4,230.0
1783547400,29169.4,29176.3,29163.2,29175.3,237.0
1783547460,29175.4,29181.2,29170.5,29180.9,244.0
1783547520,29180.7,29191.5,29167.7,29175.7,257.0
1783547580,29175.4,29181.4,29163.0,29166.4,251.0
1783547640,29165.5,29176.7,29164.7,29171.5,226.0
1783547700,29172.8,29173.2,29159.0,29161.5,243.0
1783547760,29160.4,29163.7,29151.4,29159.5,228.0
1783547820,29159.2,29165.3,29156.9,29164.4,227.0
1783547880,29164.2,29165.3,29153.8,29161.2,243.0
1783547940,29161.0,29175.4,29155.7,29172.3,245.0
1783548000,29172.5,29203.4,29170.2,29187.9,262.0
1783548060,29188.4,29193.4,29169.0,29172.5,267.0
1783548120,29172.2,29173.7,29161.5,29164.7,263.0
1783548180,29164.3,29173.4,29160.2,29166.2,253.0
1783548240,29167.0,29169.7,29160.9,29168.9,245.0
1783548300,29167.4,29176.4,29152.5,29161.7,260.0
1783548360,29161.7,29161.7,29144.5,29156.8,263.0
1783548420,29161.7,29174.7,29161.7,29168.4,253.0
1783548480,29167.4,29179.3,29158.9,29179.3,261.0
1783548540,29179.4,29180.5,29165.3,29176.4,238.0
1783548600,29176.5,29178.8,29164.0,29172.3,251.0
1783548660,29172.3,29176.2,29160.4,29167.3,242.0
1783548720,29166.8,29169.3,29157.3,29166.3,251.0
1783548780,29166.0,29170.0,29159.2,29159.9,244.0
1783548840,29159.9,29168.3,29156.7,29163.7,242.0
1783548900,29163.5,29168.4,29156.4,29156.9,257.0
1783548960,29156.8,29162.7,29148.4,29156.2,230.0
1783549020,29156.7,29160.0,29148.0,29157.2,242.0
1783549080,29157.2,29169.0,29157.0,29162.5,255.0
1783549140,29162.7,29166.5,29155.9,29157.4,258.0
1783549200,29158.8,29168.9,29151.5,29168.7,241.0
1783549260,29168.9,29185.9,29163.3,29180.0,243.0
1783549320,29178.7,29183.0,29166.4,29166.5,248.0
1783549380,29167.5,29176.0,29164.0,29171.0,233.0
1783549440,29170.7,29175.9,29170.2,29174.4,232.0
1783549500,29175.5,29183.8,29172.5,29179.8,244.0
1783549560,29179.7,29182.9,29172.4,29176.7,231.0
1783549620,29176.3,29187.7,29173.9,29182.8,231.0
1783549680,29182.3,29186.9,29175.2,29177.5,233.0
1783549740,29178.3,29205.2,29177.7,29192.2,231.0
1783549800,29192.7,29200.4,29166.8,29168.7,275.0
1783549860,29168.4,29175.3,29156.2,29169.7,269.0
1783549920,29169.3,29179.3,29164.8,29170.8,261.0
1783549980,29172.8,29174.7,29162.3,29166.2,246.0
1783550040,29165.5,29171.3,29160.7,29165.9,261.0
1783550100,29166.2,29171.8,29159.9,29170.7,262.0
1783550160,29169.9,29190.7,29169.0,29188.9,241.0
1783550220,29188.7,29193.7,29184.4,29192.3,241.0
1783550280,29192.4,29194.7,29180.4,29181.7,235.0
1783550340,29182.2,29187.3,29178.0,29182.4,245.0
1783550400,29180.7,29183.9,29170.7,29173.4,267.0
1783550460,29173.0,29174.5,29162.5,29168.7,242.0
1783550520,29168.7,29171.3,29163.4,29168.7,260.0
1783550580,29168.9,29181.9,29168.0,29180.9,259.0
1783550640,29181.5,29187.0,29176.4,29185.3,247.0
1783550700,29183.4,29190.9,29171.5,29178.8,262.0
1783550760,29179.2,29189.0,29171.5,29171.9,252.0
1783550820,29171.8,29172.2,29151.7,29155.2,248.0
1783550880,29155.0,29177.4,29154.2,29168.7,261.0
1783550940,29167.5,29178.8,29167.3,29171.7,247.0
1783551000,29171.7,29195.8,29156.7,29188.5,275.0
1783551060,29188.0,29216.3,29184.4,29202.5,251.0
1783551120,29201.4,29207.8,29194.9,29205.5,251.0
1783551180,29205.9,29217.9,29204.3,29210.3,247.0
1783551240,29209.5,29229.3,29209.5,29227.4,247.0
1783551300,29229.3,29239.2,29220.5,29234.4,272.0
1783551360,29233.7,29239.7,29227.2,29239.4,250.0
1783551420,29239.7,29264.7,29237.2,29256.2,265.0
1783551480,29255.3,29264.8,29248.0,29257.2,255.0
1783551540,29256.5,29266.8,29224.2,29224.2,267.0
1783551600,29225.7,29235.3,29209.4,29209.4,262.0
1783551660,29208.3,29216.0,29198.2,29199.8,257.0
1783551720,29199.8,29204.4,29194.0,29197.8,230.0
1783551780,29197.7,29202.3,29191.9,29192.5,235.0
1783551840,29192.4,29206.9,29192.4,29206.2,203.0
1783551900,29206.4,29206.4,29195.8,29203.9,207.0
1783551960,29203.9,29216.2,29201.3,29203.4,217.0
1783552020,29203.4,29205.3,29196.7,29198.2,192.0
1783552080,29197.7,29204.7,29194.9,29204.4,194.0
1783552140,29204.4,29207.9,29200.0,29204.0,178.0
1783552200,29203.3,29203.3,29192.2,29193.7,179.0
1783552260,29193.0,29193.4,29171.2,29189.0,233.0
1783552320,29189.0,29189.3,29181.4,29183.4,183.0
1783552380,29183.4,29191.4,29183.4,29190.5,177.0
1783552440,29190.5,29196.7,29188.4,29191.4,185.0
1783552500,29191.4,29191.9,29177.9,29177.9,164.0
1783552560,29177.9,29177.9,29153.7,29163.9,232.0
1783552620,29163.8,29163.9,29157.5,29160.4,198.0
1783552680,29160.4,29169.7,29160.2,29168.9,177.0
1783552740,29168.5,29171.9,29161.9,29162.4,184.0
1783552800,29163.4,29168.4,29158.8,29163.9,165.0
1783552860,29162.8,29164.3,29154.2,29160.2,171.0
1783552920,29160.2,29162.0,29156.9,29160.4,160.0
1783552980,29160.4,29167.2,29158.4,29164.7,164.0
1783553040,29164.7,29166.8,29158.4,29164.0,162.0
1783553100,29164.0,29165.9,29161.4,29163.4,137.0
1783553160,29163.0,29166.5,29159.4,29160.0,133.0
1783553220,29159.9,29165.7,29157.2,29159.3,153.0
1783553280,29159.2,29165.8,29157.3,29165.5,142.0
1783553340,29165.5,29166.5,29161.0,29161.9,128.0
1783553400,29162.2,29165.4,29153.4,29160.7,169.0
1783553460,29160.7,29161.9,29143.9,29145.7,199.0
1783553520,29145.7,29150.2,29141.4,29147.7,166.0
1783553580,29147.7,29158.0,29147.0,29148.2,178.0
1783553640,29148.8,29149.2,29140.2,29143.4,201.0
1783553700,29143.2,29144.7,29129.7,29137.7,201.0
1783553760,29137.7,29137.7,29120.3,29131.2,217.0
1783553820,29131.2,29140.7,29125.4,29128.7,180.0
1783553880,29128.7,29137.7,29126.4,29135.9,193.0
1783553940,29135.8,29146.4,29131.2,29145.2,186.0
1783554000,29145.2,29162.3,29141.8,29154.5,199.0
1783554060,29153.7,29159.3,29151.5,29158.4,172.0
1783554120,29158.0,29163.7,29155.0,29161.9,159.0
1783554180,29161.5,29164.4,29157.7,29164.2,125.0
1783554240,29164.3,29164.3,29150.5,29151.4,171.0
1783554300,29152.8,29154.7,29147.3,29150.2,162.0
1783554360,29150.2,29152.7,29148.5,29151.8,136.0
1783554420,29150.8,29158.8,29149.8,29158.8,153.0
1783554480,29158.0,29161.5,29154.7,29156.8,145.0
1783554540,29156.7,29157.9,29151.3,29155.0,134.0
1783554600,29155.0,29158.5,29152.7,29157.5,126.0
1783554660,29157.9,29169.2,29157.4,29168.9,163.0
1783554720,29169.7,29169.7,29157.7,29157.7,151.0
1783554780,29158.7,29159.7,29154.5,29159.0,141.0
1783554840,29159.2,29160.8,29157.7,29157.8,107.0
1783554900,29158.0,29159.4,29150.5,29152.9,136.0
1783554960,29152.7,29153.5,29141.3,29152.7,133.0
1783555020,29152.0,29167.9,29150.9,29162.9,134.0
1783555080,29162.9,29167.5,29153.3,29167.2,116.0
1783558800,29187.1,29204.2,29180.5,29196.7,109.0
1783558860,29196.7,29199.8,29186.1,29199.0,136.0
1783558920,29199.0,29213.1,29194.3,29213.0,114.0
1783558980,29212.8,29215.7,29211.2,29211.3,91.0
1783559040,29211.3,29211.3,29199.6,29205.0,112.0
1783559100,29204.8,29204.8,29194.0,29202.0,101.0
1783559160,29202.5,29215.3,29199.8,29199.8,115.0
1783559220,29199.8,29199.8,29174.8,29186.1,130.0
1783559280,29186.1,29193.7,29182.6,29187.7,98.0
1783559340,29187.7,29190.5,29183.5,29188.5,78.0
1783559400,29188.3,29194.5,29184.5,29191.7,83.0
1783559460,29191.6,29204.7,29184.1,29202.6,102.0
1783559520,29201.7,29208.2,29198.7,29202.5,68.0
1783559580,29202.5,29205.8,29197.1,29202.3,94.0
1783559640,29202.3,29204.5,29199.7,29204.2,72.0
1783559700,29204.2,29212.0,29202.6,29211.3,57.0
1783559760,29211.3,29219.2,29211.3,29216.7,85.0
1783559820,29216.7,29219.3,29210.1,29217.6,82.0
1783559880,29217.3,29217.5,29196.2,29196.2,89.0
1783559940,29196.2,29199.6,29191.5,29199.2,106.0
1783560000,29198.1,29198.5,29185.5,29187.7,85.0
1783560060,29187.1,29187.5,29182.0,29183.5,66.0
1783560120,29183.3,29185.2,29181.2,29183.6,73.0
1783560180,29183.6,29185.8,29180.6,29185.2,45.0
1783560240,29184.7,29195.5,29184.7,29194.0,78.0
1783560300,29194.0,29195.7,29188.2,29189.5,59.0
1783560360,29189.5,29189.5,29177.2,29182.6,97.0
1783560420,29182.3,29187.0,29180.2,29186.1,89.0
1783560480,29186.2,29188.2,29184.0,29187.7,71.0
1783560540,29187.7,29193.8,29184.6,29193.6,69.0
1783560600,29193.8,29202.6,29185.8,29186.0,128.0
1783560660,29185.7,29187.7,29178.7,29184.6,112.0
1783560720,29185.0,29185.0,29178.0,29181.5,118.0
1783560780,29181.6,29188.3,29180.1,29187.2,97.0
1783560840,29187.3,29206.8,29180.0,29202.5,120.0
1783560900,29202.7,29203.3,29192.5,29197.0,137.0
1783560960,29196.8,29200.2,29195.5,29199.0,69.0
1783561020,29199.0,29200.6,29191.7,29192.5,110.0
1783561080,29192.6,29195.1,29187.3,29187.3,89.0
1783561140,29188.2,29189.2,29182.1,29185.5,85.0
1783561200,29185.5,29187.5,29182.7,29184.5,108.0
1783561260,29184.2,29187.3,29179.1,29185.6,85.0
1783561320,29186.8,29187.0,29184.6,29185.0,63.0
1783561380,29185.0,29186.0,29177.5,29181.7,89.0
1783561440,29181.7,29187.0,29179.2,29179.2,51.0
1783561500,29178.6,29187.3,29178.6,29181.2,76.0
1783561560,29181.2,29184.0,29180.1,29183.0,66.0
1783561620,29183.0,29183.7,29179.1,29183.3,65.0
1783561680,29184.0,29185.8,29181.1,29183.3,61.0
1783561740,29183.3,29186.0,29183.3,29184.8,64.0
1783561800,29184.8,29188.7,29181.0,29181.0,82.0
1783561860,29181.1,29184.3,29181.1,29182.8,74.0
1783561920,29183.0,29190.7,29183.0,29190.7,90.0
1783561980,29190.6,29193.7,29183.7,29185.0,102.0
1783562040,29185.0,29186.7,29176.2,29179.1,84.0
1783562100,29179.1,29181.6,29177.1,29180.0,67.0
1783562160,29180.0,29188.1,29180.0,29186.5,58.0
1783562220,29186.5,29186.6,29183.2,29185.0,63.0
1783562280,29185.3,29189.2,29185.3,29189.2,68.0
1783562340,29189.2,29198.7,29188.8,29195.7,99.0
1783562400,29195.7,29199.6,29193.2,29199.0,85.0
1783562460,29199.0,29204.1,29194.8,29196.3,112.0
1783562520,29196.2,29201.7,29195.2,29195.2,96.0
1783562580,29195.3,29204.8,29195.3,29203.1,101.0
1783562640,29203.0,29205.3,29200.3,29203.7,83.0
1783562700,29203.7,29205.8,29198.1,29204.6,77.0
1783562760,29205.6,29224.6,29205.6,29220.6,148.0
1783562820,29220.7,29224.3,29218.0,29219.1,108.0
1783562880,29219.3,29221.3,29217.7,29220.0,101.0
1783562940,29220.1,29224.8,29218.3,29221.1,83.0
1783563000,29221.1,29223.6,29217.8,29223.6,92.0
1783563060,29223.6,29225.2,29219.5,29223.3,113.0
1783563120,29223.2,29223.3,29215.1,29215.6,101.0
1783563180,29214.0,29216.2,29213.1,29214.6,78.0
1783563240,29214.6,29216.6,29212.0,29215.5,48.0
1783563300,29215.5,29215.5,29211.0,29211.2,68.0
1783563360,29210.5,29211.3,29201.5,29202.1,73.0
1783563420,29202.1,29202.6,29184.5,29185.5,153.0
1783563480,29185.8,29189.7,29185.1,29187.1,92.0
1783563540,29187.1,29187.1,29180.2,29180.2,122.0
1783563600,29179.6,29179.6,29166.2,29174.6,134.0
1783563660,29174.6,29176.8,29171.3,29172.2,103.0
1783563720,29172.2,29176.1,29172.2,29175.2,82.0
1783563780,29175.3,29185.8,29175.0,29182.6,95.0
1783563840,29182.1,29189.8,29182.1,29183.6,107.0
1783563900,29183.6,29184.8,29176.3,29176.3,92.0
1783563960,29176.6,29179.2,29168.5,29176.0,142.0
1783564020,29176.1,29182.3,29176.0,29177.2,102.0
1783564080,29177.2,29189.6,29175.0,29185.2,141.0
1783564140,29185.2,29195.7,29183.5,29194.7,98.0
1783564200,29193.7,29193.7,29179.0,29180.3,93.0
1783564260,29180.3,29181.5,29171.3,29181.5,82.0
1783564320,29181.5,29194.5,29181.5,29193.5,106.0
1783564380,29193.3,29214.6,29193.3,29208.8,135.0
1783564440,29209.0,29210.2,29204.1,29206.8,121.0
1783564500,29207.0,29255.7,29201.2,29254.3,180.0
1783564560,29253.3,29253.5,29222.8,29229.7,174.0
1783564620,29229.8,29230.3,29224.3,29225.0,101.0
1783564680,29224.8,29226.2,29214.1,29217.2,131.0
1783564740,29217.2,29219.2,29216.8,29218.5,74.0
1783564800,29218.3,29233.7,29213.6,29232.8,131.0
1783564860,29232.8,29240.8,29230.1,29238.5,105.0
1783564920,29238.6,29240.7,29225.0,29229.2,130.0
1783564980,29229.3,29235.1,29224.5,29232.6,94.0
1783565040,29232.6,29254.0,29232.6,29251.8,114.0
1783565100,29250.6,29264.0,29245.6,29263.6,237.0
1783565160,29263.6,29268.7,29244.5,29246.7,220.0
1783565220,29246.7,29253.8,29242.1,29251.5,192.0
1783565280,29251.5,29258.1,29249.7,29253.5,161.0
1783565340,29253.3,29255.8,29242.6,29255.1,158.0
1783565400,29255.6,29260.0,29241.6,29247.8,201.0
1783565460,29247.8,29256.8,29243.2,29245.5,154.0
1783565520,29245.6,29248.3,29239.7,29246.7,159.0
1783565580,29246.0,29257.6,29239.5,29250.0,212.0
1783565640,29250.1,29257.1,29250.0,29253.7,172.0
1783565700,29253.8,29266.6,29253.3,29266.3,202.0
1783565760,29266.5,29268.8,29259.3,29265.3,180.0
1783565820,29265.3,29272.7,29263.8,29271.3,193.0
1783565880,29272.0,29273.2,29263.6,29263.7,194.0
1783565940,29263.6,29272.6,29262.3,29262.3,218.0
1783566000,29262.5,29296.7,29262.5,29279.7,246.0
1783566060,29279.7,29289.1,29270.5,29275.7,256.0
1783566120,29274.3,29294.3,29270.1,29289.3,253.0
1783566180,29290.6,29302.6,29289.3,29300.7,234.0
1783566240,29299.8,29311.0,29293.1,29297.2,244.0
1783566300,29296.7,29307.1,29288.3,29307.1,243.0
1783566360,29307.1,29310.8,29293.7,29308.1,261.0
1783566420,29308.0,29315.3,29302.7,29311.6,254.0
1783566480,29311.5,29319.6,29305.1,29315.1,224.0
1783566540,29315.5,29316.3,29305.1,29309.8,252.0
1783566600,29310.0,29315.0,29300.7,29307.5,245.0
1783566660,29307.5,29329.8,29306.2,29322.7,242.0
1783566720,29322.8,29330.1,29317.1,29329.7,224.0
1783566780,29329.1,29334.3,29324.3,29330.5,217.0
1783566840,29330.2,29334.7,29326.6,29333.8,210.0
1783566900,29334.1,29337.5,29325.0,29336.3,228.0
1783566960,29336.3,29337.2,29316.5,29319.5,243.0
1783567020,29319.3,29322.5,29309.1,29317.1,245.0
1783567080,29316.8,29317.1,29293.7,29306.7,248.0
1783567140,29306.8,29306.8,29289.3,29294.6,248.0
1783567200,29295.1,29301.8,29291.2,29297.7,244.0
1783567260,29297.7,29318.1,29296.0,29315.2,231.0
1783567320,29315.3,29321.7,29308.8,29310.2,215.0
1783567380,29310.5,29317.2,29309.6,29312.8,216.0
1783567440,29312.8,29312.8,29304.8,29309.2,205.0
1783567500,29309.5,29318.1,29305.7,29305.7,210.0
1783567560,29306.2,29308.2,29297.7,29299.1,223.0
1783567620,29299.1,29305.8,29297.5,29303.8,227.0
1783567680,29303.7,29312.2,29300.8,29311.5,211.0
1783567740,29311.5,29335.3,29311.1,29331.5,229.0
1783567800,29332.2,29352.3,29332.2,29340.5,227.0
1783567860,29340.5,29345.1,29309.0,29310.5,238.0
1783567920,29310.1,29325.7,29307.8,29323.8,246.0
1783567980,29323.7,29323.7,29301.6,29306.7,243.0
1783568040,29307.1,29310.1,29298.2,29308.5,232.0
1783568100,29308.6,29310.3,29296.6,29297.8,244.0
1783568160,29298.8,29321.8,29295.1,29320.3,229.0
1783568220,29320.1,29322.1,29313.1,29318.0,231.0
1783568280,29317.3,29324.5,29313.7,29321.5,236.0
1783568340,29321.2,29323.2,29304.6,29307.3,226.0
1783568400,29307.3,29307.5,29283.2,29295.1,227.0
1783568460,29295.3,29296.6,29289.6,29290.5,237.0
1783568520,29290.3,29298.1,29290.3,29293.2,234.0
1783568580,29293.7,29298.2,29289.5,29294.5,237.0
1783568640,29294.5,29298.5,29284.8,29290.2,240.0
1783568700,29289.7,29303.2,29283.7,29300.7,238.0
1783568760,29301.0,29319.2,29301.0,29314.5,230.0
1783568820,29314.5,29323.2,29311.1,29315.6,223.0
1783568880,29315.6,29321.2,29314.0,29315.5,232.0
1783568940,29316.0,29332.2,29314.0,29328.2,219.0
1783569000,29329.6,29332.3,29310.0,29310.5,227.0
1783569060,29310.3,29317.2,29293.0,29294.6,226.0
1783569120,29295.1,29296.1,29285.1,29288.6,246.0
1783569180,29288.7,29300.1,29281.7,29281.7,222.0
1783569240,29282.7,29286.2,29267.5,29269.8,260.0
1783569300,29269.2,29274.6,29264.1,29271.2,253.0
1783569360,29272.0,29284.7,29263.8,29284.5,248.0
1783569420,29284.3,29284.3,29259.7,29266.0,247.0
1783569480,29264.7,29271.6,29262.7,29270.3,250.0
1783569540,29269.7,29280.1,29264.6,29274.6,231.0
1783569600,29274.1,29283.8,29263.1,29283.5,257.0
1783569660,29282.8,29292.2,29270.8,29272.5,233.0
1783569720,29272.2,29277.1,29245.6,29247.6,259.0
1783569780,29248.0,29254.0,29244.3,29245.0,265.0
1783569840,29244.5,29247.5,29234.0,29245.6,261.0
1783569900,29246.1,29257.0,29239.6,29256.2,251.0
1783569960,29256.6,29264.2,29252.3,29264.1,241.0
1783570020,29263.7,29282.3,29263.7,29281.2,237.0
1783570080,29281.2,29289.0,29278.8,29287.5,237.0
1783570140,29287.2,29304.6,29286.0,29303.5,222.0
1783570200,29303.0,29308.2,29300.7,29301.1,219.0
1783570260,29301.1,29302.6,29293.3,29297.3,224.0
1783570320,29297.2,29302.6,29293.5,29297.5,242.0
1783570380,29298.2,29298.2,29288.8,29290.3,220.0
1783570440,29290.3,29294.1,29282.8,29283.0,219.0
1783570500,29283.0,29288.0,29271.5,29283.8,254.0
1783570560,29283.1,29292.5,29279.5,29288.5,238.0
1783570620,29289.3,29298.1,29286.2,29297.1,235.0
1783570680,29297.8,29312.3,29295.6,29305.3,221.0
1783570740,29305.3,29310.3,29301.8,29310.3,194.0
1783570800,29309.5,29324.3,29304.0,29307.0,231.0
1783570860,29307.0,29310.6,29296.6,29302.1,213.0
1783570920,29301.7,29309.5,29295.3,29309.5,227.0
1783570980,29309.2,29311.6,29298.2,29303.8,217.0
1783571040,29304.0,29306.6,29290.2,29297.3,237.0
1783571100,29297.5,29302.8,29282.5,29283.0,250.0
1783571160,29283.2,29288.3,29281.6,29284.0,242.0
1783571220,29284.6,29299.6,29277.8,29298.8,228.0
1783571280,29298.5,29305.3,29290.0,29291.6,222.0
1783571340,29291.8,29305.8,29290.7,29300.6,233.0
1783571400,29302.5,29311.3,29286.5,29287.3,246.0
1783571460,29287.5,29295.1,29279.1,29294.7,247.0
1783571520,29294.8,29311.2,29291.3,29300.5,251.0
1783571580,29300.7,29302.1,29287.8,29289.5,242.0
1783571640,29289.6,29295.8,29285.5,29291.5,252.0
1783571700,29291.7,29300.8,29288.1,29300.6,242.0
1783571760,29300.5,29305.6,29298.0,29300.1,243.0
1783571820,29298.7,29299.5,29287.2,29292.6,237.0
1783571880,29292.3,29297.5,29285.7,29288.6,231.0
1783571940,29288.7,29294.2,29283.6,29292.1,236.0
1783572000,29291.6,29291.6,29278.0,29278.8,236.0
1783572060,29278.7,29286.2,29277.5,29278.3,240.0
1783572120,29278.3,29295.1,29278.3,29294.8,219.0
1783572180,29294.8,29294.8,29279.8,29286.7,231.0
1783572240,29286.7,29304.1,29285.7,29300.8,224.0
1783572300,29301.3,29302.2,29293.6,29298.7,249.0
1783572360,29298.7,29299.1,29281.1,29296.0,250.0
1783572420,29296.6,29304.6,29296.2,29297.8,219.0
1783572480,29297.6,29308.1,29294.7,29295.5,239.0
1783572540,29295.7,29300.7,29288.5,29299.2,239.0
1783572600,29300.2,29300.8,29282.7,29288.3,240.0
1783572660,29288.8,29294.7,29286.3,29289.7,227.0
1783572720,29289.5,29291.6,29271.1,29271.1,241.0
1783572780,29271.5,29273.2,29257.5,29259.2,233.0
1783572840,29259.2,29260.3,29245.8,29247.3,261.0
1783572900,29247.2,29247.6,29224.0,29237.8,267.0
1783572960,29238.1,29240.5,29218.5,29225.7,261.0
1783573020,29224.3,29232.2,29217.8,29224.7,258.0
1783573080,29224.8,29233.5,29216.7,29218.8,252.0
1783573140,29218.7,29229.5,29216.7,29219.8,246.0
1783573200,29221.0,29235.6,29215.2,29217.8,255.0
1783573260,29217.8,29226.7,29215.0,29215.2,266.0
1783573320,29215.0,29216.7,29196.8,29206.8,261.0
1783573380,29207.2,29223.2,29201.0,29222.1,272.0
1783573440,29222.0,29232.8,29221.5,29227.8,241.0
1783573500,29228.1,29239.7,29226.3,29237.7,260.0
1783573560,29238.3,29239.1,29227.6,29230.0,256.0
1783573620,29230.0,29256.8,29227.3,29256.0,240.0
1783573680,29256.6,29283.3,29255.1,29271.8,254.0
1783573740,29271.7,29279.8,29269.1,29276.2,237.0
1783573800,29276.2,29287.5,29271.2,29280.5,240.0
1783573860,29280.5,29294.6,29276.0,29291.0,234.0
1783573920,29291.3,29295.8,29279.6,29288.2,218.0
1783573980,29287.3,29287.3,29277.1,29282.7,233.0
1783574040,29282.7,29299.1,29279.5,29296.5,207.0
1783574100,29296.5,29311.2,29295.7,29308.3,223.0
1783574160,29308.7,29314.5,29294.8,29300.3,222.0
1783574220,29300.8,29301.7,29287.5,29294.2,212.0
1783574280,29294.6,29316.3,29294.1,29314.0,214.0
1783574340,29314.0,29321.8,29311.3,29320.1,199.0
1783574400,29318.6,29325.7,29314.5,29323.6,208.0
1783574460,29323.5,29345.1,29320.7,29335.2,234.0
1783574520,29335.5,29335.6,29318.1,29325.1,240.0
1783574580,29325.0,29325.0,29316.6,29319.6,226.0
1783574640,29320.0,29320.7,29301.0,29301.7,233.0
1783574700,29301.8,29317.0,29301.0,29304.6,242.0
1783574760,29304.7,29305.8,29297.5,29300.8,227.0
1783574820,29301.1,29303.2,29291.5,29291.7,232.0
1783574880,29291.7,29303.0,29291.1,29303.0,227.0
1783574940,29301.3,29310.1,29301.3,29304.6,206.0
1783575000,29302.0,29313.6,29302.0,29308.1,244.0
1783575060,29308.1,29313.7,29304.6,29309.0,232.0
1783575120,29309.7,29310.0,29294.6,29296.8,230.0
1783575180,29296.8,29297.7,29284.5,29285.6,246.0
1783575240,29286.5,29289.0,29280.8,29281.6,210.0
1783575300,29281.5,29283.7,29254.2,29255.7,234.0
1783575360,29255.7,29261.6,29251.1,29261.5,245.0
1783575420,29260.5,29271.8,29257.3,29263.8,236.0
1783575480,29263.8,29278.0,29261.1,29276.5,230.0
1783575540,29277.1,29285.0,29267.6,29272.1,224.0
1783575600,29271.8,29275.1,29266.0,29266.2,223.0
1783575660,29266.6,29266.8,29254.6,29258.6,231.0
1783575720,29258.6,29262.6,29249.7,29250.5,227.0
1783575780,29250.6,29258.3,29248.8,29252.1,224.0
1783575840,29252.1,29252.2,29233.0,29233.5,219.0
1783575900,29233.2,29237.5,29228.2,29229.5,241.0
1783575960,29229.3,29236.5,29226.5,29228.0,228.0
1783576020,29227.6,29237.6,29227.0,29232.8,236.0
1783576080,29233.1,29236.8,29222.2,29222.2,247.0
1783576140,29221.8,29227.7,29209.1,29221.3,251.0
1783576200,29221.1,29226.1,29212.8,29214.1,240.0
1783576260,29214.1,29220.2,29204.2,29209.7,245.0
1783576320,29205.0,29211.8,29198.3,29201.2,231.0
1783576380,29201.1,29205.7,29190.3,29198.5,243.0
1783576440,29198.5,29212.8,29198.5,29208.5,229.0
1783576500,29208.2,29208.5,29193.5,29202.7,246.0
1783576560,29202.8,29216.0,29202.8,29210.6,242.0
1783576620,29210.3,29218.6,29202.5,29203.8,238.0
1783576680,29203.6,29208.3,29199.3,29204.0,239.0
1783576740,29203.6,29204.5,29192.6,29199.7,252.0
1783576800,29200.6,29204.7,29182.0,29182.0,245.0
1783576860,29182.2,29188.3,29175.8,29186.2,248.0
1783576920,29187.8,29198.0,29186.0,29191.3,233.0
1783576980,29190.8,29206.3,29185.3,29187.7,233.0
1783577040,29187.7,29191.5,29183.3,29188.6,238.0
1783577100,29188.6,29207.8,29186.6,29204.1,234.0
1783577160,29203.1,29215.1,29197.6,29208.5,232.0
1783577220,29208.1,29213.5,29203.2,29205.0,222.0
1783577280,29205.5,29219.6,29203.0,29216.5,236.0
1783577340,29216.1,29217.3,29201.8,29210.8,248.0
1783577400,29211.0,29213.1,29191.3,29192.6,226.0
1783577460,29193.1,29197.3,29186.0,29197.2,234.0
1783577520,29196.2,29197.1,29179.3,29185.2,245.0
1783577580,29185.5,29187.8,29179.3,29183.1,234.0
1783577640,29183.3,29197.3,29180.8,29193.3,241.0
1783577700,29192.5,29196.7,29184.0,29187.1,268.0
1783577760,29187.5,29190.1,29179.0,29186.1,247.0
1783577820,29185.8,29191.0,29177.7,29178.0,231.0
1783577880,29177.8,29180.7,29169.3,29175.3,239.0
1783577940,29176.1,29182.6,29167.3,29181.7,245.0
1783578000,29181.6,29188.7,29181.6,29187.7,220.0
1783578060,29187.8,29193.1,29178.0,29193.0,256.0
1783578120,29192.6,29211.3,29191.0,29206.0,249.0
1783578180,29205.6,29207.5,29195.0,29206.7,245.0
1783578240,29206.7,29211.8,29201.3,29211.3,236.0
1783578300,29211.3,29227.7,29210.8,29225.6,218.0
1783578360,29225.6,29239.5,29224.7,29237.5,217.0
1783578420,29237.3,29246.1,29234.2,29236.7,227.0
1783578480,29236.8,29243.3,29234.1,29242.3,230.0
1783578540,29242.5,29251.7,29238.6,29250.5,206.0
1783578600,29250.6,29262.5,29246.1,29251.1,245.0
1783578660,29250.2,29257.3,29244.8,29253.5,242.0
1783578720,29254.5,29267.7,29250.2,29258.8,243.0
1783578780,29258.5,29272.0,29257.3,29269.2,247.0
1783578840,29269.2,29270.1,29259.6,29260.1,218.0
1783578900,29259.8,29267.3,29255.1,29264.2,247.0
1783578960,29264.2,29267.8,29257.1,29262.2,242.0
1783579020,29262.0,29269.7,29258.3,29268.3,222.0
1783579080,29268.7,29270.5,29260.8,29266.5,219.0
1783579140,29266.6,29266.6,29258.0,29262.0,227.0
1783579200,29261.7,29266.8,29254.7,29256.8,241.0
1783579260,29256.3,29265.8,29254.5,29256.7,241.0
1783579320,29256.5,29265.6,29251.6,29259.1,245.0
1783579380,29259.8,29270.3,29259.2,29266.5,226.0
1783579440,29267.0,29284.7,29261.5,29281.2,236.0
1783579500,29281.2,29282.7,29276.1,29280.7,221.0
1783579560,29280.6,29286.2,29277.5,29277.5,169.0
1783579620,29277.6,29282.1,29266.3,29280.6,226.0
1783579680,29280.5,29286.3,29278.3,29281.3,224.0
1783579740,29281.3,29286.2,29277.8,29280.6,214.0
1783579800,29281.0,29285.5,29276.3,29277.0,224.0
1783579860,29277.0,29280.2,29273.0,29279.3,220.0
1783579920,29279.5,29279.7,29273.0,29277.3,202.0
1783579980,29277.7,29286.1,29274.7,29281.8,227.0
1783580040,29281.6,29282.1,29274.8,29281.1,223.0
1783580100,29280.7,29288.0,29279.2,29283.1,221.0
1783580160,29283.3,29284.2,29277.5,29283.0,185.0
1783580220,29283.1,29283.2,29271.8,29275.7,199.0
1783580280,29275.7,29278.2,29273.0,29276.8,208.0
1783580340,29276.6,29278.1,29271.7,29276.7,216.0
1783580400,29277.3,29284.7,29276.5,29277.6,224.0
1783580460,29277.6,29287.1,29275.1,29283.1,210.0
1783580520,29283.7,29286.6,29275.1,29275.5,201.0
1783580580,29275.1,29277.7,29271.2,29277.1,213.0
1783580640,29276.2,29282.1,29272.7,29280.3,205.0
1783580700,29280.3,29285.0,29277.8,29284.1,210.0
1783580760,29283.3,29287.7,29275.5,29275.6,219.0
1783580820,29275.7,29280.1,29271.8,29276.6,221.0
1783580880,29276.8,29277.7,29271.1,29277.7,211.0
1783580940,29277.7,29281.6,29275.2,29278.6,204.0
1783581000,29278.3,29278.3,29269.1,29271.5,194.0
1783581060,29271.5,29280.2,29265.7,29275.6,199.0
1783581120,29275.7,29279.5,29270.2,29279.5,182.0
1783581180,29279.2,29283.0,29274.3,29276.3,197.0
1783581240,29276.6,29279.0,29269.0,29270.2,211.0
1783581300,29270.5,29282.5,29269.0,29274.8,214.0
1783581360,29274.6,29288.2,29273.0,29286.7,199.0
1783581420,29286.7,29288.3,29271.1,29273.7,207.0
1783581480,29273.7,29275.1,29264.5,29265.6,213.0
1783581540,29266.0,29267.3,29261.6,29262.5,203.0
1783581600,29261.8,29266.8,29261.0,29265.6,182.0
1783581660,29265.6,29266.7,29259.2,29265.5,207.0
1783581720,29265.6,29265.6,29258.2,29263.6,202.0
1783581780,29263.7,29264.2,29254.7,29254.7,190.0
1783581840,29254.7,29254.7,29245.5,29245.7,197.0
1783581900,29246.6,29248.2,29237.5,29238.0,230.0
1783581960,29237.5,29241.7,29234.7,29237.1,224.0
1783582020,29237.7,29241.8,29233.3,29241.1,225.0
1783582080,29241.6,29252.5,29241.3,29244.3,223.0
1783582140,29244.1,29252.6,29241.7,29243.5,233.0
1783582200,29243.6,29262.7,29243.6,29262.7,242.0
1783582260,29262.7,29282.3,29262.2,29280.7,209.0
1783582320,29280.8,29297.2,29277.5,29297.0,216.0
1783582380,29296.8,29300.5,29286.0,29287.2,223.0
1783582440,29287.3,29296.8,29286.8,29288.8,233.0
1783582500,29289.0,29290.7,29287.2,29289.6,204.0
1783582560,29289.3,29294.8,29279.8,29294.1,203.0
1783582620,29294.1,29296.8,29286.2,29296.3,206.0
1783582680,29296.1,29299.5,29289.8,29298.7,194.0
1783582740,29298.5,29301.8,29295.7,29298.2,200.0
1783582800,29298.1,29303.8,29291.0,29292.1,213.0
1783582860,29292.1,29303.5,29289.3,29300.0,204.0
1783582920,29300.1,29302.3,29291.5,29296.0,218.0
1783582980,29296.0,29308.5,29291.8,29306.2,206.0
1783583040,29306.2,29309.0,29302.8,29307.3,166.0
1783583100,29307.3,29308.1,29302.3,29303.7,192.0
1783583160,29304.0,29304.1,29298.3,29300.1,200.0
1783583220,29300.1,29305.1,29296.2,29304.3,220.0
1783583280,29305.0,29307.3,29297.1,29300.2,188.0
1783583340,29300.8,29301.3,29291.8,29298.3,182.0
1783583400,29298.1,29312.0,29296.6,29310.8,207.0
1783583460,29310.7,29315.7,29307.3,29308.8,201.0
1783583520,29308.7,29313.1,29307.3,29312.2,189.0
1783583580,29312.3,29314.2,29307.6,29307.7,205.0
1783583640,29307.7,29318.7,29306.8,29318.7,197.0
1783583700,29318.7,29329.2,29315.2,29316.3,213.0
1783583760,29316.3,29322.1,29315.5,29318.2,161.0
1783583820,29318.5,29319.2,29313.7,29318.0,190.0
1783583880,29317.8,29327.8,29315.0,29322.7,192.0
1783583940,29321.7,29326.2,29320.3,29323.1,188.0
1783584000,29323.7,29328.3,29315.5,29326.3,230.0
1783584060,29326.1,29331.8,29322.3,29322.8,216.0
1783584120,29323.0,29323.0,29307.6,29307.6,222.0
1783584180,29307.3,29307.3,29300.8,29301.1,199.0
1783584240,29300.3,29302.5,29297.8,29302.5,188.0
1783584300,29303.0,29305.8,29287.8,29287.8,230.0
1783584360,29287.8,29294.2,29279.2,29287.3,235.0
1783584420,29287.6,29291.1,29282.2,29283.7,204.0
1783584480,29283.7,29290.8,29281.1,29288.6,209.0
1783584540,29288.1,29297.2,29283.7,29293.7,214.0
1783584600,29293.3,29306.6,29293.3,29301.6,222.0
1783584660,29301.6,29365.8,29301.6,29349.5,284.0
1783584720,29349.1,29351.0,29335.2,29342.0,255.0
1783584780,29342.3,29362.3,29342.3,29349.5,237.0
1783584840,29348.8,29348.8,29333.2,29338.7,244.0
1783584900,29338.8,29347.5,29332.0,29337.0,241.0
1783584960,29337.1,29337.1,29317.7,29317.7,218.0
1783585020,29317.8,29321.5,29307.6,29320.2,247.0
1783585080,29320.8,29321.0,29299.5,29303.5,243.0
1783585140,29303.2,29306.2,29299.7,29306.2,186.0
1783585200,29306.2,29309.6,29300.6,29308.8,227.0
1783585260,29310.3,29310.5,29298.5,29300.5,227.0
1783585320,29300.6,29300.6,29288.8,29293.2,220.0
1783585380,29293.5,29297.8,29288.0,29292.0,223.0
1783585440,29291.7,29299.7,29289.7,29291.1,234.0
1783585500,29289.7,29298.8,29288.5,29288.5,220.0
1783585560,29287.5,29293.6,29286.2,29293.1,222.0
1783585620,29293.0,29298.7,29289.0,29291.2,221.0
1783585680,29291.1,29298.0,29289.0,29295.5,240.0
1783585740,29295.1,29295.1,29282.8,29284.8,220.0
1783585800,29286.5,29289.2,29259.7,29259.8,234.0
1783585860,29259.8,29264.5,29257.1,29259.3,210.0
1783585920,29259.5,29259.5,29245.1,29250.2,218.0
1783585980,29250.2,29270.6,29248.6,29270.6,249.0
1783586040,29270.8,29301.3,29269.0,29301.3,241.0
1783586100,29301.6,29309.7,29298.0,29299.7,222.0
1783586160,29300.8,29306.6,29288.1,29300.3,244.0
1783586220,29300.0,29301.2,29286.5,29289.3,255.0
1783586280,29289.3,29297.3,29286.0,29286.7,229.0
1783586340,29287.0,29301.1,29282.6,29293.2,236.0
1783586400,29293.2,29303.2,29288.2,29303.2,240.0
1783586460,29302.5,29303.7,29287.2,29290.2,242.0
1783586520,29290.1,29298.6,29283.0,29287.0,240.0
1783586580,29287.3,29297.6,29283.3,29297.5,229.0
1783586640,29297.1,29307.7,29295.1,29307.2,242.0
1783586700,29306.8,29315.2,29303.3,29312.6,215.0
1783586760,29312.0,29318.0,29307.6,29316.7,225.0
1783586820,29317.0,29326.0,29316.3,29321.2,217.0
1783586880,29321.2,29325.3,29317.2,29319.8,214.0
1783586940,29319.7,29335.5,29317.7,29335.2,216.0
1783587000,29335.1,29341.0,29330.6,29335.3,231.0
1783587060,29334.7,29341.8,29332.7,29340.1,197.0
1783587120,29339.6,29342.5,29334.2,29336.2,230.0
1783587180,29335.8,29344.7,29333.5,29343.3,207.0
1783587240,29343.2,29355.2,29341.8,29351.5,219.0
1783587300,29351.2,29368.5,29347.3,29366.2,209.0
1783587360,29367.1,29368.8,29361.7,29362.5,221.0
1783587420,29362.3,29366.0,29359.6,29362.8,216.0
1783587480,29362.0,29375.7,29359.6,29375.1,229.0
1783587540,29374.8,29379.6,29366.5,29377.6,213.0
1783587600,29377.5,29386.6,29376.0,29386.1,242.0
1783587660,29385.6,29385.6,29371.0,29371.0,223.0
1783587720,29371.1,29377.1,29368.3,29369.1,238.0
1783587780,29369.7,29375.3,29363.6,29373.0,228.0
1783587840,29373.0,29373.0,29359.8,29360.3,218.0
1783587900,29359.9,29363.8,29351.7,29353.4,226.0
1783587960,29353.2,29354.4,29342.9,29351.8,233.0
1783588020,29351.6,29354.7,29344.1,29347.2,222.0
1783588080,29347.1,29369.4,29345.9,29368.4,237.0
1783588140,29368.2,29379.4,29362.2,29366.9,220.0
1783588200,29367.8,29371.3,29362.4,29364.2,198.0
1783588260,29363.6,29370.1,29358.9,29359.3,187.0
1783588320,29359.3,29374.4,29359.3,29373.4,205.0
1783588380,29373.3,29384.2,29372.2,29381.7,193.0
1783588440,29381.7,29383.2,29374.3,29375.9,197.0
1783588500,29375.4,29394.4,29372.9,29393.3,226.0
1783588560,29393.8,29397.1,29390.9,29391.2,206.0
1783588620,29392.8,29407.2,29390.3,29402.9,216.0
1783588680,29403.1,29405.6,29390.1,29391.7,211.0
1783588740,29391.3,29398.6,29391.1,29395.9,168.0
1783588800,29395.3,29395.7,29385.9,29387.7,204.0
1783588860,29387.8,29396.1,29385.7,29393.1,207.0
1783588920,29393.1,29403.9,29392.1,29403.9,194.0
1783588980,29404.1,29405.9,29398.9,29404.7,199.0
1783589040,29404.7,29410.1,29403.7,29406.4,218.0
1783589100,29405.7,29411.8,29401.1,29410.3,206.0
1783589160,29410.3,29412.8,29405.8,29406.4,198.0
1783589220,29406.7,29408.6,29400.8,29401.9,176.0
1783589280,29401.9,29404.3,29395.9,29397.8,214.0
1783589340,29397.9,29400.2,29393.2,29397.9,211.0
1783589400,29398.8,29400.3,29378.4,29380.4,227.0
1783589460,29380.4,29395.7,29377.8,29385.9,249.0
1783589520,29385.2,29389.7,29376.2,29377.8,240.0
1783589580,29377.1,29382.8,29372.6,29377.2,199.0
1783589640,29377.1,29381.1,29369.1,29376.6,194.0
1783589700,29376.4,29392.1,29376.4,29390.3,222.0
1783589760,29390.3,29396.1,29384.8,29384.9,192.0
1783589820,29384.6,29399.1,29384.6,29398.2,196.0
1783589880,29398.1,29398.1,29390.3,29393.2,193.0
1783589940,29393.9,29397.7,29390.7,29395.7,187.0
1783590000,29394.6,29397.2,29392.9,29394.7,156.0
1783590060,29395.1,29401.2,29394.1,29400.9,159.0
1783590120,29400.8,29402.9,29395.1,29401.9,159.0
1783590180,29402.3,29407.8,29397.2,29401.6,182.0
1783590240,29401.3,29402.6,29394.3,29399.9,171.0
1783590300,29400.1,29400.3,29392.8,29394.6,173.0
1783590360,29394.6,29399.7,29393.9,29397.1,168.0
1783590420,29397.2,29397.2,29390.8,29391.1,168.0
1783590480,29391.6,29401.2,29390.7,29401.1,144.0
1783590540,29401.2,29401.2,29391.1,29391.3,124.0
1783590600,29391.3,29401.1,29390.7,29400.7,129.0
1783590660,29400.7,29402.8,29398.9,29399.3,136.0
1783590720,29399.2,29402.2,29396.9,29397.7,147.0
1783590780,29397.7,29399.2,29393.3,29393.8,142.0
1783590840,29393.9,29396.2,29392.4,29394.9,144.0
1783590900,29394.8,29394.8,29382.3,29386.6,172.0
1783590960,29384.2,29385.9,29382.1,29384.2,141.0
1783591020,29384.2,29384.2,29375.8,29378.1,161.0
1783591080,29378.1,29379.6,29373.3,29373.8,166.0
1783591140,29373.3,29389.4,29371.9,29382.7,191.0
1783591200,29382.9,29399.6,29375.7,29392.1,244.0
1783591260,29392.6,29393.8,29386.1,29390.1,212.0
1783591320,29392.1,29405.1,29389.2,29399.9,207.0
1783591380,29398.9,29405.9,29397.3,29402.7,229.0
1783591440,29402.7,29409.2,29395.2,29395.2,223.0
1783591500,29395.3,29397.9,29375.8,29379.8,234.0
1783591560,29379.3,29383.7,29374.2,29382.9,227.0
1783591620,29383.1,29402.6,29381.2,29399.3,210.0
1783591680,29399.1,29403.1,29391.8,29401.7,211.0
1783591740,29402.1,29406.6,29398.3,29399.7,214.0
1783591800,29399.7,29406.3,29391.9,29404.6,219.0
1783591860,29405.3,29408.2,29398.4,29401.9,207.0
1783591920,29401.8,29415.9,29401.1,29411.6,201.0
1783591980,29411.7,29418.2,29405.9,29415.2,219.0
1783592040,29415.3,29426.1,29413.7,29426.1,189.0
1783592100,29425.2,29429.1,29421.7,29424.8,204.0
1783592160,29425.1,29428.9,29415.7,29422.9,199.0
1783592220,29423.1,29428.6,29418.4,29426.7,171.0
1783592280,29426.7,29427.4,29421.3,29424.7,171.0
1783592340,29424.8,29429.2,29423.4,29427.4,177.0
1783592400,29427.3,29428.4,29423.3,29428.1,200.0
1783592460,29428.2,29431.1,29410.8,29412.1,181.0
1783592520,29412.1,29422.3,29411.7,29418.3,187.0
1783592580,29418.4,29420.2,29412.3,29420.1,177.0
1783592640,29420.2,29426.4,29419.3,29419.7,185.0
1783592700,29419.2,29425.2,29417.9,29418.2,167.0
1783592760,29418.2,29423.7,29417.7,29422.8,152.0
1783592820,29422.7,29437.1,29420.1,29431.1,164.0
1783592880,29431.1,29432.9,29429.6,29432.3,134.0
1783592940,29432.8,29434.3,29420.7,29422.7,156.0
1783593000,29422.4,29426.7,29420.4,29425.1,171.0
1783593060,29425.3,29427.9,29422.3,29426.4,166.0
1783593120,29426.3,29431.4,29424.8,29425.9,174.0
1783593180,29425.9,29429.4,29423.6,29429.3,163.0
1783593240,29428.9,29430.4,29426.7,29427.3,173.0
1783593300,29427.9,29438.2,29426.7,29430.1,174.0
1783593360,29430.1,29430.4,29417.2,29417.6,157.0
1783593420,29416.9,29421.7,29412.4,29413.7,176.0
1783593480,29413.9,29426.8,29412.8,29416.1,173.0
1783593540,29416.2,29422.4,29412.8,29421.8,169.0
1783593600,29421.4,29421.4,29411.6,29414.2,165.0
1783593660,29414.1,29423.6,29412.9,29423.4,172.0
1783593720,29423.3,29427.3,29416.7,29426.8,181.0
1783593780,29426.9,29443.1,29425.9,29439.8,170.0
1783593840,29439.9,29453.7,29439.7,29451.8,189.0
1783593900,29451.9,29456.2,29446.4,29448.6,201.0
1783593960,29448.7,29451.6,29446.7,29451.6,141.0
1783594020,29451.6,29458.9,29450.4,29456.4,178.0
1783594080,29456.6,29460.9,29455.9,29460.9,170.0
1783594140,29460.8,29465.6,29455.1,29461.1,167.0
1783594200,29461.3,29467.9,29460.1,29467.6,161.0
1783594260,29467.7,29474.4,29466.2,29468.4,163.0
1783594320,29468.3,29476.8,29465.9,29465.9,187.0
1783594380,29466.2,29474.3,29466.1,29468.7,147.0
1783594440,29468.6,29469.6,29461.2,29461.2,131.0
1783594500,29461.2,29461.2,29451.9,29456.2,191.0
1783594560,29456.1,29461.6,29453.8,29456.1,183.0
1783594620,29455.8,29456.6,29443.8,29444.3,192.0
1783594680,29444.4,29448.6,29441.9,29447.8,193.0
1783594740,29447.8,29460.6,29447.6,29454.8,184.0
1783594800,29452.8,29452.8,29434.7,29440.4,249.0
1783594860,29440.4,29450.8,29436.9,29450.6,243.0
1783594920,29450.8,29458.8,29450.4,29456.6,218.0
1783594980,29456.6,29478.8,29454.9,29478.7,227.0
1783595040,29478.9,29493.4,29478.7,29485.1,228.0
1783595100,29485.7,29497.9,29482.8,29496.4,219.0
1783595160,29496.4,29499.7,29488.2,29488.3,185.0
1783595220,29488.2,29494.8,29483.3,29488.9,189.0
1783595280,29489.2,29504.3,29488.3,29503.2,213.0
1783595340,29503.1,29504.4,29493.8,29499.4,221.0
1783595400,29499.4,29499.4,29481.7,29484.2,222.0
1783595460,29484.7,29491.4,29482.3,29484.4,222.0
1783595520,29484.1,29489.4,29479.3,29484.6,215.0
1783595580,29484.9,29486.7,29477.6,29483.3,197.0
1783595640,29483.3,29485.4,29473.1,29474.4,200.0
1783595700,29474.4,29488.4,29473.8,29487.2,198.0
1783595760,29487.1,29496.4,29483.4,29495.4,203.0
1783595820,29496.1,29505.6,29496.1,29500.1,213.0
1783595880,29499.9,29502.4,29475.2,29475.6,222.0
1783595940,29475.2,29486.2,29464.9,29485.2,216.0
1783596000,29485.6,29487.1,29476.1,29477.8,208.0
1783596060,29477.9,29487.4,29474.9,29486.7,191.0
1783596120,29485.4,29485.7,29479.8,29481.7,180.0
1783596180,29481.7,29481.7,29473.4,29477.1,196.0
1783596240,29477.6,29480.7,29472.7,29480.7,199.0
1783596300,29480.6,29484.3,29474.1,29477.3,195.0
1783596360,29476.9,29488.9,29476.6,29488.3,192.0
1783596420,29488.3,29491.6,29482.4,29482.4,191.0
1783596480,29482.8,29483.6,29467.7,29470.4,213.0
1783596540,29470.4,29473.6,29466.7,29469.7,222.0
1783596600,29468.1,29468.3,29458.1,29461.4,220.0
1783596660,29461.4,29474.9,29459.3,29470.6,194.0
1783596720,29471.4,29471.7,29457.9,29460.1,204.0
1783596780,29459.9,29461.8,29451.9,29451.9,217.0
1783596840,29451.9,29454.3,29439.2,29441.9,220.0
1783596900,29442.1,29450.9,29438.9,29450.8,226.0
1783596960,29450.9,29451.8,29441.9,29443.3,211.0
1783597020,29443.4,29445.7,29440.4,29442.7,159.0
1783597080,29442.8,29446.9,29439.6,29441.4,209.0
1783597140,29441.1,29445.3,29437.4,29441.4,179.0
1783597200,29441.4,29443.2,29433.3,29435.1,204.0
1783597260,29434.9,29444.4,29434.7,29440.4,187.0
1783597320,29441.1,29445.3,29436.1,29439.2,190.0
1783597380,29439.3,29442.6,29431.1,29442.6,207.0
1783597440,29442.9,29450.3,29440.8,29448.1,190.0
1783597500,29448.4,29452.2,29428.1,29429.2,214.0
1783597560,29429.3,29431.6,29418.6,29422.1,204.0
1783597620,29422.4,29424.3,29414.3,29420.3,196.0
1783597680,29420.2,29422.4,29415.1,29419.7,204.0
1783597740,29419.4,29422.9,29414.7,29418.7,201.0
1783597800,29418.9,29423.9,29415.3,29420.8,194.0
1783597860,29421.1,29427.9,29419.9,29421.9,204.0
1783597920,29421.7,29430.1,29421.2,29429.9,206.0
1783597980,29429.9,29434.1,29427.4,29428.7,217.0
1783598040,29428.6,29438.3,29426.9,29435.2,217.0
1783598100,29435.2,29441.2,29429.4,29437.3,202.0
1783598160,29437.2,29446.1,29429.8,29432.3,198.0
1783598220,29432.3,29433.3,29421.6,29423.1,212.0
1783598280,29423.1,29430.8,29419.8,29430.1,187.0
1783598340,29430.1,29434.6,29428.9,29431.9,179.0
1783598400,29432.1,29440.2,29411.3,29412.8,222.0
1783598460,29412.4,29420.9,29412.2,29418.9,196.0
1783598520,29419.7,29426.9,29418.2,29426.4,182.0
1783598580,29426.4,29432.8,29422.6,29423.6,206.0
1783598640,29423.7,29427.4,29416.1,29420.2,175.0
1783598700,29420.1,29429.8,29419.6,29427.8,207.0
1783598760,29427.8,29427.8,29420.1,29423.2,180.0
1783598820,29422.9,29423.3,29404.3,29407.6,200.0
1783598880,29407.6,29408.7,29401.8,29403.9,208.0
1783598940,29404.1,29411.7,29400.3,29411.7,207.0
1783599000,29412.1,29414.6,29407.1,29408.8,176.0
1783599060,29408.8,29414.1,29405.4,29412.7,176.0
1783599120,29413.4,29417.2,29410.3,29411.7,185.0
1783599180,29411.6,29413.6,29407.2,29408.7,192.0
1783599240,29408.4,29410.9,29400.9,29410.9,188.0
1783599300,29410.9,29415.2,29405.8,29411.8,199.0
1783599360,29411.6,29413.1,29406.4,29411.7,174.0
1783599420,29411.6,29416.8,29407.1,29416.6,174.0
1783599480,29416.6,29429.9,29416.6,29428.2,207.0
1783599540,29428.2,29429.2,29414.6,29416.8,207.0
1783599600,29416.1,29420.7,29411.2,29419.7,192.0
1783599660,29419.7,29421.2,29408.4,29408.4,180.0
1783599720,29408.2,29416.8,29405.6,29413.3,190.0
1783599780,29413.3,29419.4,29410.3,29413.2,182.0
1783599840,29413.2,29413.8,29406.2,29411.8,176.0
1783599900,29412.1,29412.1,29403.7,29411.9,175.0
1783599960,29411.4,29423.6,29411.4,29421.8,193.0
1783600020,29422.1,29425.7,29415.8,29420.1,192.0
1783600080,29420.1,29426.9,29420.1,29424.4,189.0
1783600140,29424.6,29431.9,29414.2,29419.2,205.0
1783600200,29419.6,29424.1,29410.2,29421.1,223.0
1783600260,29420.1,29426.1,29416.1,29425.2,188.0
1783600320,29425.2,29432.1,29420.4,29423.4,187.0
1783600380,29423.6,29428.7,29421.9,29425.9,167.0
1783600440,29425.8,29427.2,29408.2,29416.9,218.0
1783600500,29417.2,29426.7,29411.3,29413.4,195.0
1783600560,29414.9,29416.6,29407.2,29408.2,205.0
1783600620,29408.2,29408.6,29402.6,29404.2,196.0
1783600680,29403.7,29408.8,29402.8,29408.3,188.0
1783600740,29408.2,29417.9,29407.3,29414.4,201.0
1783600800,29414.4,29423.1,29411.1,29412.4,174.0
1783600860,29412.4,29421.6,29384.3,29393.7,252.0
1783600920,29393.7,29400.7,29390.1,29397.8,226.0
1783600980,29397.8,29398.4,29389.6,29391.7,194.0
1783601040,29391.7,29394.7,29385.8,29392.4,207.0
1783601100,29392.7,29400.9,29389.3,29395.3,196.0
1783601160,29395.3,29399.6,29391.4,29398.4,186.0
1783601220,29398.6,29404.2,29397.6,29402.1,188.0
1783601280,29401.4,29401.4,29393.7,29396.2,184.0
1783601340,29396.9,29401.1,29393.8,29396.9,169.0
1783601400,29397.2,29402.1,29396.1,29396.3,190.0
1783601460,29396.6,29407.6,29394.9,29406.8,180.0
1783601520,29406.9,29410.8,29402.7,29407.8,184.0
1783601580,29408.2,29416.4,29406.6,29415.1,158.0
1783601640,29414.8,29416.6,29411.1,29416.2,136.0
1783601700,29416.2,29417.7,29413.6,29415.7,127.0
1783601760,29415.6,29418.1,29412.3,29413.1,171.0
1783601820,29412.9,29418.4,29412.1,29418.1,163.0
1783601880,29418.1,29419.2,29413.6,29414.4,160.0
1783601940,29413.9,29415.4,29409.8,29415.4,175.0
1783602000,29415.2,29417.3,29410.7,29412.6,195.0
1783602060,29412.6,29422.7,29405.9,29422.7,204.0
1783602120,29422.7,29426.6,29417.7,29417.9,166.0
1783602180,29417.9,29420.1,29416.1,29416.2,112.0
1783602240,29415.9,29420.9,29414.7,29415.6,145.0
1783602300,29415.6,29425.2,29415.2,29425.2,184.0
1783602360,29425.1,29426.3,29422.8,29424.2,161.0
1783602420,29424.1,29424.9,29411.8,29411.8,184.0
1783602480,29411.4,29417.3,29404.6,29404.6,170.0
1783602540,29404.6,29416.3,29404.6,29414.6,176.0
1783602600,29414.6,29417.2,29411.2,29416.6,177.0
1783602660,29416.7,29422.9,29415.8,29421.7,175.0
1783602720,29421.7,29425.7,29417.2,29417.9,162.0
1783602780,29418.2,29419.7,29409.1,29411.2,164.0
1783602840,29411.2,29419.4,29407.9,29417.4,168.0
1783602900,29417.4,29423.2,29415.6,29422.3,165.0
1783602960,29421.6,29424.6,29417.2,29424.3,158.0
1783603020,29424.6,29433.8,29423.1,29431.1,181.0
1783603080,29431.1,29434.4,29430.6,29433.9,161.0
1783603140,29433.9,29438.2,29432.1,29434.2,159.0
1783603200,29434.3,29439.4,29431.7,29431.8,157.0
1783603260,29431.7,29433.8,29427.6,29427.8,161.0
1783603320,29427.6,29433.1,29426.9,29431.4,132.0
1783603380,29431.6,29431.9,29428.7,29429.4,132.0
1783603440,29429.4,29429.4,29419.8,29422.1,187.0
1783603500,29422.1,29422.2,29406.2,29409.3,175.0
1783603560,29409.2,29409.4,29402.7,29407.6,165.0
1783603620,29407.7,29417.7,29407.7,29417.4,142.0
1783603680,29417.3,29421.7,29415.4,29419.3,157.0
1783603740,29419.3,29421.8,29414.3,29420.9,134.0
1783603800,29420.3,29420.3,29407.1,29408.8,188.0
1783603860,29408.8,29412.9,29406.3,29408.2,200.0
1783603920,29408.2,29413.9,29406.4,29409.2,183.0
1783603980,29408.8,29409.2,29399.7,29409.2,193.0
1783604040,29409.1,29415.9,29406.6,29413.8,170.0
1783604100,29413.8,29421.3,29409.7,29418.6,188.0
1783604160,29418.7,29427.4,29417.8,29427.4,157.0
1783604220,29427.4,29429.3,29423.8,29424.7,160.0
1783604280,29424.8,29428.8,29421.4,29428.7,157.0
1783604340,29428.6,29430.2,29417.7,29417.7,174.0
1783604400,29417.8,29420.4,29413.3,29413.3,190.0
1783604460,29413.3,29413.3,29407.2,29411.7,188.0
1783604520,29411.7,29412.7,29404.2,29407.6,195.0
1783604580,29407.6,29411.9,29403.1,29408.8,198.0
1783604640,29408.8,29416.4,29406.7,29410.6,179.0
1783604700,29410.9,29415.3,29398.1,29401.3,198.0
1783604760,29401.3,29401.3,29374.9,29379.2,208.0
1783604820,29379.1,29383.3,29378.2,29383.2,186.0
1783604880,29382.8,29385.4,29377.1,29378.7,199.0
1783604940,29378.9,29381.3,29375.3,29375.3,175.0
1783605000,29375.1,29380.6,29370.6,29375.9,211.0
1783605060,29376.2,29377.7,29370.8,29375.8,198.0
1783605120,29375.9,29377.1,29341.7,29343.7,215.0
1783605180,29344.1,29352.1,29337.9,29341.3,252.0
1783605240,29341.8,29353.2,29336.6,29353.2,239.0
1783605300,29353.1,29354.2,29339.6,29347.1,235.0
1783605360,29348.7,29350.4,29335.1,29342.2,224.0
1783605420,29342.1,29353.7,29339.7,29352.1,244.0
1783605480,29352.1,29358.4,29350.1,29355.8,196.0
1783605540,29355.8,29372.9,29355.6,29371.1,203.0
1783605600,29371.2,29391.3,29371.2,29389.2,236.0
1783605660,29389.8,29390.2,29383.3,29388.3,208.0
1783605720,29388.6,29394.8,29383.1,29384.2,215.0
1783605780,29384.8,29391.9,29383.9,29389.4,201.0
1783605840,29389.9,29396.7,29385.6,29388.8,221.0
1783605900,29388.6,29392.7,29382.9,29384.4,200.0
1783605960,29385.2,29385.4,29364.8,29367.6,229.0
1783606020,29367.6,29372.6,29355.1,29355.2,220.0
1783606080,29355.2,29358.3,29349.1,29354.4,226.0
1783606140,29355.6,29361.1,29350.6,29359.1,194.0
1783606200,29359.3,29364.6,29354.6,29364.3,199.0
1783606260,29364.2,29375.8,29364.1,29374.8,208.0
1783606320,29375.4,29384.9,29369.7,29381.7,201.0
1783606380,29380.7,29381.8,29378.4,29381.3,174.0
1783606440,29381.2,29381.8,29377.8,29381.2,156.0
1783606500,29381.2,29382.2,29367.8,29369.2,188.0
1783606560,29369.1,29371.1,29364.6,29369.7,172.0
1783606620,29369.8,29373.8,29368.8,29372.6,176.0
1783606680,29372.3,29375.3,29370.1,29375.3,145.0
1783606740,29375.2,29377.4,29370.9,29372.3,181.0
1783606800,29372.1,29406.8,29369.7,29402.3,251.0
1783606860,29401.9,29405.9,29388.4,29390.1,218.0
1783606920,29390.6,29394.2,29383.3,29384.7,216.0
1783606980,29384.8,29397.2,29382.4,29391.6,221.0
1783607040,29391.2,29401.1,29387.7,29393.1,213.0
1783607100,29393.1,29411.4,29392.8,29406.4,196.0
1783607160,29406.4,29406.9,29397.7,29402.4,209.0
1783607220,29402.1,29412.4,29400.7,29400.7,183.0
1783607280,29400.6,29404.2,29389.9,29404.2,232.0
1783607340,29403.7,29413.7,29398.7,29412.2,203.0
1783607400,29411.9,29419.2,29399.2,29402.3,214.0
1783607460,29402.4,29426.3,29402.2,29426.3,226.0
1783607520,29427.1,29433.9,29423.6,29433.2,205.0
1783607580,29432.8,29439.7,29428.2,29428.4,203.0
1783607640,29428.4,29440.8,29425.7,29435.9,192.0
1783607700,29435.9,29439.7,29430.4,29437.4,206.0
1783607760,29438.4,29440.9,29434.3,29440.4,171.0
1783607820,29441.1,29443.4,29421.2,29422.2,205.0
1783607880,29422.4,29431.8,29419.9,29431.4,208.0
1783607940,29431.4,29442.7,29427.9,29436.3,198.0
1783608000,29436.7,29437.7,29425.4,29427.3,224.0
1783608060,29427.2,29435.6,29424.8,29430.6,187.0
1783608120,29430.7,29434.6,29428.7,29433.7,195.0
1783608180,29433.4,29458.6,29429.2,29458.4,217.0
1783608240,29457.9,29460.2,29452.4,29455.2,210.0
1783608300,29454.4,29470.2,29450.8,29462.6,211.0
1783608360,29462.9,29467.9,29459.6,29466.4,219.0
1783608420,29466.3,29473.3,29462.2,29469.9,209.0
1783608480,29470.1,29473.6,29467.9,29471.4,201.0
1783608540,29471.8,29472.8,29450.2,29471.7,219.0
1783608600,29472.3,29482.7,29463.8,29482.7,204.0
1783608660,29482.6,29489.1,29480.9,29486.4,210.0
1783608720,29486.4,29490.2,29483.2,29489.8,212.0
1783608780,29489.8,29490.8,29477.7,29477.8,193.0
1783608840,29478.1,29483.2,29472.7,29473.2,199.0
1783608900,29473.2,29480.6,29471.2,29477.6,205.0
1783608960,29477.6,29479.3,29472.9,29478.6,175.0
1783609020,29478.1,29479.4,29471.7,29474.3,189.0
1783609080,29474.4,29475.7,29465.6,29470.4,207.0
1783609140,29470.4,29470.9,29461.3,29466.6,213.0
1783609200,29466.8,29472.2,29456.7,29465.4,232.0
1783609260,29465.8,29472.3,29460.7,29463.8,216.0
1783609320,29463.7,29479.2,29463.7,29478.1,214.0
1783609380,29478.1,29478.8,29460.4,29460.6,209.0
1783609440,29461.8,29471.2,29455.4,29471.2,194.0
1783609500,29470.6,29470.8,29452.1,29453.9,214.0
1783609560,29453.6,29471.2,29451.2,29464.1,225.0
1783609620,29464.2,29470.8,29460.8,29470.8,204.0
1783609680,29470.7,29493.4,29470.4,29487.2,218.0
1783609740,29486.8,29494.9,29485.1,29490.8,232.0
1783609800,29491.4,29495.4,29487.7,29490.6,213.0
1783609860,29490.6,29502.8,29490.6,29493.4,236.0
1783609920,29491.9,29495.7,29484.4,29485.2,222.0
1783609980,29485.1,29493.6,29484.9,29493.1,206.0
1783610040,29492.9,29492.9,29483.4,29485.6,218.0
1783610100,29486.7,29489.1,29483.7,29487.6,217.0
1783610160,29487.4,29493.8,29487.4,29488.8,191.0
1783610220,29488.7,29489.7,29479.3,29482.2,227.0
1783610280,29482.9,29486.1,29475.6,29484.6,219.0
1783610340,29484.3,29490.7,29476.1,29481.2,208.0
1783610400,29480.8,29493.1,29475.1,29488.8,231.0
1783610460,29488.8,29495.9,29487.6,29488.9,221.0
1783610520,29489.7,29493.1,29483.1,29493.1,219.0
1783610580,29492.9,29504.1,29491.3,29502.3,208.0
1783610640,29502.3,29508.9,29502.3,29508.8,210.0
1783610700,29509.3,29520.3,29504.8,29505.8,217.0
1783610760,29505.3,29508.6,29500.9,29508.3,194.0
1783610820,29508.6,29518.4,29508.6,29516.4,216.0
1783610880,29516.6,29518.2,29506.8,29508.1,212.0
1783610940,29508.3,29518.9,29505.4,29518.4,211.0
1783611000,29518.7,29523.2,29510.7,29515.6,214.0
1783611060,29515.6,29527.9,29514.7,29526.3,239.0
1783611120,29526.6,29546.7,29524.2,29540.9,227.0
1783611180,29540.8,29541.1,29531.6,29532.6,237.0
1783611240,29532.3,29536.6,29524.9,29536.6,214.0
1783611300,29536.8,29545.2,29534.8,29545.2,209.0
1783611360,29546.1,29547.7,29541.7,29545.2,224.0
1783611420,29545.7,29549.4,29540.9,29547.4,211.0
1783611480,29547.3,29551.8,29542.6,29548.4,213.0
1783611540,29548.6,29554.4,29543.4,29554.3,205.0
1783611600,29554.1,29556.8,29547.1,29547.7,219.0
1783611660,29547.7,29547.7,29537.6,29541.8,216.0
1783611720,29541.7,29541.9,29532.4,29533.4,205.0
1783611780,29533.6,29533.9,29519.2,29521.9,219.0
1783611840,29521.8,29524.1,29516.8,29518.6,214.0
1783611900,29518.6,29519.1,29510.2,29513.1,211.0
1783611960,29512.7,29513.9,29491.6,29498.6,196.0
1783612020,29498.3,29500.1,29485.9,29496.9,238.0
1783612080,29497.2,29503.8,29491.4,29503.1,221.0
1783612140,29503.3,29509.2,29500.2,29504.4,224.0
1783612200,29504.3,29518.1,29502.8,29508.9,224.0
1783612260,29508.7,29511.2,29504.8,29509.9,223.0
1783612320,29509.9,29517.7,29505.2,29506.4,234.0
1783612380,29506.7,29509.7,29503.8,29508.4,205.0
1783612440,29508.4,29515.9,29507.7,29515.2,210.0
1783612500,29515.3,29517.2,29509.9,29514.1,196.0
1783612560,29514.2,29518.8,29502.3,29506.7,215.0
1783612620,29506.7,29514.1,29504.3,29513.4,200.0
1783612680,29513.6,29513.6,29498.3,29503.1,188.0
1783612740,29503.7,29507.7,29498.7,29506.2,192.0
1783612800,29506.4,29513.7,29503.2,29506.8,235.0
1783612860,29506.9,29521.7,29503.8,29519.6,235.0
1783612920,29519.6,29521.1,29515.1,29520.2,211.0
1783612980,29519.6,29522.6,29506.1,29509.7,220.0
1783613040,29509.9,29514.3,29505.9,29514.3,216.0
1783613100,29514.8,29516.7,29502.6,29503.7,202.0
1783613160,29503.6,29509.2,29495.9,29507.4,211.0
1783613220,29507.7,29513.7,29498.1,29498.8,229.0
1783613280,29498.9,29514.2,29498.8,29506.9,218.0
1783613340,29506.7,29515.7,29505.3,29514.3,219.0
1783613400,29514.2,29514.6,29503.1,29509.2,219.0
1783613460,29509.1,29512.6,29499.6,29512.6,212.0
1783613520,29512.6,29518.3,29511.8,29518.3,225.0
1783613580,29518.7,29525.7,29516.8,29523.2,213.0
1783613640,29523.4,29530.1,29521.3,29527.8,228.0
1783613700,29527.4,29529.7,29518.4,29518.7,216.0
1783613760,29517.4,29518.6,29512.2,29515.7,240.0
1783613820,29515.4,29527.7,29514.1,29521.4,223.0
1783613880,29521.2,29521.2,29505.4,29513.2,232.0
1783613940,29512.8,29512.8,29507.9,29510.9,200.0
1783614000,29510.9,29510.9,29497.4,29503.6,209.0
1783614060,29503.4,29510.1,29501.8,29510.1,223.0
1783614120,29510.9,29516.1,29505.4,29514.1,197.0
1783614180,29514.1,29516.4,29497.6,29511.4,214.0
1783614240,29510.4,29515.7,29507.1,29514.7,213.0
1783614300,29514.4,29524.2,29507.4,29508.4,207.0
1783614360,29507.4,29511.7,29503.4,29510.7,223.0
1783614420,29514.2,29527.6,29505.1,29525.6,238.0
1783614480,29525.7,29525.7,29506.7,29519.2,246.0
1783614540,29519.2,29519.2,29501.6,29514.8,253.0
1783614600,29515.8,29520.2,29453.8,29466.1,291.0
1783614660,29466.6,29500.1,29457.6,29467.2,288.0
1783614720,29463.2,29473.7,29442.3,29470.1,267.0
1783614780,29470.3,29507.5,29462.6,29504.3,282.0
1783614840,29504.7,29551.3,29503.2,29548.1,289.0
1783614900,29548.3,29586.8,29539.5,29579.0,278.0
1783614960,29578.8,29590.1,29567.1,29574.1,280.0
1783615020,29574.0,29608.1,29572.7,29606.0,279.0
1783615080,29604.7,29631.7,29598.1,29618.3,281.0
1783615140,29616.1,29629.2,29613.2,29622.3,274.0
1783615200,29626.2,29629.7,29585.3,29588.3,279.0
1783615260,29585.6,29607.6,29583.2,29607.1,274.0
1783615320,29606.6,29640.5,29606.0,29635.1,275.0
1783615380,29634.8,29637.1,29620.2,29629.8,279.0
1783615440,29627.7,29639.3,29615.1,29630.2,267.0
1783615500,29628.8,29655.8,29628.8,29653.7,277.0
1783615560,29652.3,29659.7,29640.6,29649.2,273.0
1783615620,29649.5,29653.2,29642.0,29646.0,274.0
1783615680,29645.1,29645.1,29589.5,29594.3,286.0
1783615740,29599.2,29614.8,29579.5,29614.8,280.0
1783615800,29614.6,29615.6,29588.6,29606.2,273.0
1783615860,29606.1,29666.1,29597.5,29660.8,275.0
1783615920,29657.7,29676.8,29657.2,29663.3,273.0
1783615980,29663.5,29681.0,29654.0,29679.0,278.0
1783616040,29678.2,29686.7,29668.2,29672.5,274.0
1783616100,29672.3,29696.5,29668.8,29694.1,274.0
1783616160,29693.8,29696.3,29683.2,29688.7,267.0
1783616220,29687.6,29699.6,29679.0,29695.7,272.0
1783616280,29695.6,29701.1,29687.6,29691.5,270.0
1783616340,29691.7,29691.8,29673.8,29680.6,265.0
1783616400,29685.2,29692.3,29658.5,29671.8,266.0
1783616460,29670.0,29690.3,29670.0,29682.6,273.0
1783616520,29680.2,29682.6,29670.3,29672.3,276.0
1783616580,29673.0,29686.5,29659.7,29686.5,276.0
1783616640,29686.2,29692.7,29678.7,29682.2,275.0
1783616700,29681.5,29686.3,29670.1,29670.7,271.0
1783616760,29671.7,29684.7,29653.2,29654.0,276.0
1783616820,29652.2,29657.5,29634.5,29641.6,274.0
1783616880,29644.0,29654.0,29625.2,29633.8,281.0
1783616940,29633.8,29647.1,29622.3,29622.3,278.0
1783617000,29620.8,29624.5,29589.7,29591.5,278.0
1783617060,29592.1,29604.2,29566.2,29576.3,282.0
1783617120,29576.1,29588.3,29556.8,29567.7,288.0
1783617180,29568.3,29586.0,29560.5,29580.2,275.0
1783617240,29578.3,29595.3,29570.8,29575.1,277.0
1783617300,29574.1,29574.1,29482.3,29482.8,282.0
1783617360,29483.1,29502.0,29452.6,29502.0,287.0
1783617420,29498.7,29519.5,29475.2,29475.2,284.0
1783617480,29476.6,29488.0,29450.2,29488.0,286.0
1783617540,29487.7,29496.5,29446.0,29461.6,287.0
1783617600,29462.3,29475.8,29412.3,29412.3,289.0
1783617660,29416.5,29421.7,29385.7,29413.3,283.0
1783617720,29411.7,29424.2,29396.1,29415.5,287.0
1783617780,29415.8,29453.5,29415.2,29442.7,279.0
1783617840,29442.3,29483.8,29438.3,29482.1,276.0
1783617900,29481.6,29495.8,29475.2,29481.0,280.0
1783617960,29482.2,29482.6,29459.6,29475.2,285.0
1783618020,29475.7,29537.0,29471.7,29523.5,279.0
1783618080,29521.2,29547.2,29514.1,29544.2,274.0
1783618140,29543.6,29545.0,29520.3,29532.8,276.0
1783618200,29533.1,29542.5,29509.6,29519.2,283.0
1783618260,29520.5,29526.1,29469.3,29472.7,276.0
1783618320,29472.8,29505.0,29469.1,29504.5,276.0
1783618380,29504.7,29527.1,29500.5,29513.0,279.0
1783618440,29509.3,29516.1,29494.0,29509.2,272.0
1783618500,29511.5,29549.0,29504.7,29538.3,277.0
1783618560,29538.8,29546.2,29532.7,29541.7,279.0
1783618620,29543.0,29543.0,29498.1,29521.3,279.0
1783618680,29521.2,29532.8,29499.3,29532.5,283.0
1783618740,29532.6,29562.1,29527.7,29555.8,278.0
1783618800,29556.1,29565.0,29548.8,29561.3,270.0
1783618860,29561.3,29562.0,29539.3,29553.0,267.0
1783618920,29553.3,29568.1,29546.5,29568.1,269.0
1783618980,29568.7,29568.8,29544.1,29544.6,270.0
1783619040,29544.3,29544.6,29522.5,29528.6,281.0
1783619100,29529.6,29545.6,29527.0,29537.8,282.0
1783619160,29538.6,29573.8,29538.6,29570.6,272.0
1783619220,29571.6,29574.2,29548.5,29563.2,273.0
1783619280,29562.5,29573.6,29557.1,29568.1,268.0
1783619340,29568.2,29580.7,29566.6,29569.2,266.0
1783619400,29568.7,29569.3,29531.5,29559.2,278.0
1783619460,29559.2,29561.7,29529.3,29540.3,275.0
1783619520,29541.3,29541.3,29507.3,29513.1,275.0
1783619580,29513.3,29519.1,29496.6,29512.0,273.0
1783619640,29515.3,29537.1,29495.0,29533.1,282.0
1783619700,29532.1,29555.3,29532.1,29546.8,276.0
1783619760,29547.1,29552.3,29533.3,29536.6,267.0
1783619820,29536.8,29553.1,29524.6,29551.8,271.0
1783619880,29551.8,29591.5,29550.2,29567.2,280.0
1783619940,29566.8,29574.1,29552.5,29558.2,274.0
1783620000,29557.6,29576.6,29555.7,29569.8,281.0
1783620060,29569.1,29576.2,29557.0,29575.8,262.0
1783620120,29575.6,29580.2,29550.8,29554.2,269.0
1783620180,29553.7,29581.8,29551.5,29581.6,264.0
1783620240,29582.7,29592.6,29576.6,29591.1,251.0
1783620300,29592.2,29602.3,29590.3,29598.0,267.0
1783620360,29599.2,29629.5,29599.2,29625.7,268.0
1783620420,29624.5,29628.5,29606.7,29613.2,261.0
1783620480,29613.3,29626.0,29600.7,29619.7,259.0
1783620540,29620.1,29633.7,29617.1,29628.5,267.0
1783620600,29628.5,29634.0,29622.8,29622.8,266.0
1783620660,29622.5,29622.5,29605.0,29611.3,263.0
1783620720,29610.6,29619.0,29606.1,29617.8,268.0
1783620780,29615.6,29631.2,29612.0,29622.6,258.0
1783620840,29621.8,29631.7,29619.3,29625.7,255.0
1783620900,29624.8,29648.5,29617.6,29644.3,269.0
1783620960,29643.7,29647.7,29632.1,29637.1,257.0
1783621020,29636.8,29637.1,29616.0,29622.3,260.0
1783621080,29622.5,29623.6,29604.2,29613.2,262.0
1783621140,29613.2,29617.8,29601.2,29612.6,259.0
1783621200,29614.0,29622.8,29610.2,29617.1,260.0
1783621260,29617.5,29627.0,29610.7,29617.2,249.0
1783621320,29616.6,29647.0,29612.3,29639.2,251.0
1783621380,29638.7,29643.0,29637.3,29640.2,257.0
1783621440,29639.8,29651.2,29639.6,29649.0,246.0
1783621500,29649.7,29653.5,29639.2,29648.6,254.0
1783621560,29648.6,29651.7,29645.5,29650.5,229.0
1783621620,29650.5,29656.2,29639.7,29651.5,236.0
1783621680,29649.6,29652.0,29636.0,29640.0,217.0
1783621740,29640.3,29647.2,29640.3,29644.2,237.0
1783621800,29644.5,29651.8,29637.2,29647.8,269.0
1783621860,29647.3,29653.2,29645.8,29650.1,233.0
1783621920,29648.8,29649.1,29633.2,29633.2,242.0
1783621980,29633.7,29640.0,29631.8,29636.1,261.0
1783622040,29635.8,29642.0,29627.6,29635.0,250.0
1783622100,29634.1,29642.3,29629.8,29636.5,258.0
1783622160,29636.3,29645.5,29633.8,29637.8,256.0
1783622220,29638.1,29641.6,29634.0,29635.7,259.0
1783622280,29635.2,29646.1,29634.2,29645.1,232.0
1783622340,29645.5,29645.6,29633.7,29645.2,236.0
1783622400,29645.7,29655.2,29642.3,29651.7,250.0
1783622460,29648.8,29661.0,29642.5,29658.3,236.0
1783622520,29658.0,29664.7,29655.0,29664.3,221.0
1783622580,29664.7,29669.5,29656.1,29656.7,237.0
1783622640,29656.7,29664.8,29652.8,29652.8,212.0
1783622700,29653.2,29668.5,29653.2,29666.7,230.0
1783622760,29666.8,29668.2,29654.2,29659.6,237.0
1783622820,29659.6,29661.6,29651.0,29659.5,242.0
1783622880,29659.0,29663.5,29655.6,29663.0,232.0
1783622940,29662.7,29669.6,29662.5,29669.6,224.0
1783623000,29669.3,29672.6,29662.2,29670.2,239.0
1783623060,29670.2,29675.2,29668.2,29672.7,222.0
1783623120,29672.2,29673.7,29666.0,29667.6,230.0
1783623180,29666.7,29674.8,29665.5,29668.0,220.0
1783623240,29667.8,29671.5,29658.0,29662.7,234.0
1783623300,29662.7,29667.2,29654.5,29654.5,233.0
1783623360,29654.0,29662.6,29649.7,29658.7,229.0
1783623420,29658.5,29663.8,29656.5,29660.0,238.0
1783623480,29660.5,29668.5,29658.0,29665.6,227.0
1783623540,29666.0,29669.0,29654.7,29656.5,232.0
1783623600,29657.0,29670.7,29657.0,29670.3,239.0
1783623660,29670.5,29683.5,29669.8,29681.5,240.0
1783623720,29681.1,29681.6,29674.0,29678.5,221.0
1783623780,29678.5,29683.0,29676.0,29678.0,216.0
1783623840,29678.0,29680.2,29674.7,29675.2,225.0
1783623900,29675.7,29689.3,29674.5,29689.2,228.0
1783623960,29689.3,29693.7,29686.8,29687.8,218.0
1783624020,29687.8,29688.7,29680.0,29684.6,249.0
1783624080,29684.6,29688.0,29680.3,29684.7,221.0
1783624140,29684.7,29687.6,29678.7,29679.7,200.0
1783624200,29679.2,29684.1,29674.6,29674.6,208.0
1783624260,29674.5,29681.2,29672.5,29676.0,235.0
1783624320,29675.8,29677.8,29672.1,29674.5,216.0
1783624380,29674.5,29678.6,29672.2,29677.2,214.0
1783624440,29678.2,29680.5,29667.7,29671.2,219.0
1783624500,29670.8,29685.0,29668.0,29681.7,226.0
1783624560,29682.5,29686.7,29679.8,29682.5,221.0
1783624620,29682.2,29682.6,29666.2,29674.1,241.0
1783624680,29673.3,29674.7,29663.3,29666.5,238.0
1783624740,29666.3,29676.7,29665.2,29674.5,223.0
1783624800,29675.0,29682.0,29667.0,29667.1,230.0
1783624860,29667.5,29678.2,29666.3,29674.7,218.0
1783624920,29674.5,29677.1,29664.5,29674.0,223.0
1783624980,29674.5,29680.3,29670.5,29675.7,222.0
1783625040,29676.0,29680.5,29674.2,29680.1,211.0
1783625100,29680.1,29680.5,29672.5,29672.5,203.0
1783625160,29671.1,29674.7,29667.1,29667.7,225.0
1783625220,29667.7,29676.2,29665.7,29674.7,222.0
1783625280,29674.3,29675.5,29658.3,29661.6,186.0
1783625340,29661.2,29662.1,29651.6,29661.0,238.0
1783625400,29661.8,29670.0,29659.5,29668.2,236.0
1783625460,29668.5,29676.1,29665.3,29673.8,226.0
1783625520,29673.8,29682.7,29673.8,29675.5,230.0
1783625580,29676.2,29677.7,29668.0,29671.2,223.0
1783625640,29671.5,29671.5,29652.0,29652.0,238.0
1783625700,29652.6,29656.6,29641.8,29643.5,229.0
1783625760,29643.0,29648.7,29635.3,29641.5,246.0
1783625820,29641.0,29659.6,29639.5,29648.5,238.0
1783625880,29648.7,29655.3,29648.6,29653.5,227.0
1783625940,29653.2,29659.1,29639.8,29658.5,234.0
1783626000,29659.0,29681.2,29659.0,29679.7,243.0
1783626060,29679.7,29682.5,29676.2,29681.1,207.0
1783626120,29681.2,29686.8,29677.3,29679.8,226.0
1783626180,29679.7,29683.3,29676.1,29682.0,213.0
1783626240,29681.5,29684.7,29675.8,29679.7,230.0
1783626300,29679.3,29684.0,29676.0,29678.0,223.0
1783626360,29678.0,29682.8,29668.5,29668.6,216.0
1783626420,29667.7,29673.1,29664.5,29664.7,228.0
1783626480,29665.0,29671.0,29663.7,29667.0,204.0
1783626540,29667.2,29671.8,29662.0,29667.0,208.0
1783626600,29667.2,29675.7,29666.5,29675.2,219.0
1783626660,29675.8,29680.5,29675.2,29677.3,201.0
1783626720,29677.3,29677.8,29671.2,29677.2,205.0
1783626780,29677.2,29679.7,29673.2,29676.5,184.0
1783626840,29676.6,29677.5,29670.7,29674.7,212.0
1783626900,29674.6,29675.8,29667.8,29668.1,222.0
1783626960,29668.3,29677.2,29668.3,29675.7,205.0
1783627020,29675.7,29677.2,29656.2,29664.0,237.0
1783627080,29664.1,29669.1,29659.5,29668.2,229.0
1783627140,29668.2,29674.0,29666.5,29667.6,193.0
1783627200,29667.3,29685.0,29664.0,29685.0,212.0
1783627260,29684.8,29691.0,29684.0,29689.2,212.0
1783627320,29689.2,29691.6,29684.8,29690.7,208.0
1783627380,29690.7,29691.3,29684.0,29688.6,215.0
1783627440,29688.5,29693.2,29687.6,29689.3,185.0
1783627500,29688.6,29693.1,29683.3,29692.1,210.0
1783627560,29692.2,29708.1,29688.5,29707.1,229.0
1783627620,29707.1,29716.1,29706.7,29715.0,225.0
1783627680,29714.5,29717.1,29712.6,29715.5,218.0
1783627740,29715.6,29719.2,29709.7,29712.5,217.0
1783627800,29712.3,29737.8,29712.3,29732.6,233.0
1783627860,29732.6,29736.8,29730.5,29735.6,221.0
1783627920,29734.5,29735.3,29726.8,29728.3,215.0
1783627980,29728.2,29729.0,29722.0,29724.8,224.0
1783628040,29725.0,29733.3,29724.6,29725.1,195.0
1783628100,29725.0,29735.6,29725.0,29732.2,229.0
1783628160,29732.5,29738.1,29732.2,29735.2,194.0
1783628220,29735.3,29737.8,29732.2,29736.1,193.0
1783628280,29735.7,29744.7,29735.7,29744.2,210.0
1783628340,29744.0,29753.3,29743.5,29751.5,221.0
1783628400,29751.6,29757.1,29749.6,29754.0,215.0
1783628460,29754.5,29759.3,29748.7,29748.7,202.0
1783628520,29748.8,29752.0,29741.3,29746.2,228.0
1783628580,29745.7,29753.5,29745.0,29749.7,215.0
1783628640,29749.7,29753.3,29749.2,29750.1,201.0
1783628700,29749.6,29751.2,29745.8,29750.2,220.0
1783628760,29750.3,29752.8,29747.0,29749.3,217.0
1783628820,29749.5,29759.1,29749.5,29759.0,182.0
1783628880,29759.1,29760.1,29756.2,29758.3,183.0
1783628940,29758.0,29760.7,29754.3,29758.8,191.0
1783629000,29759.1,29763.6,29752.7,29755.1,217.0
1783629060,29756.1,29756.2,29739.0,29742.1,220.0
1783629120,29742.1,29742.1,29734.6,29735.8,217.0
1783629180,29735.7,29744.1,29734.3,29742.3,196.0
1783629240,29742.5,29743.8,29734.5,29735.8,212.0
1783629300,29736.2,29745.1,29733.0,29744.3,220.0
1783629360,29744.6,29753.5,29744.0,29750.7,208.0
1783629420,29750.7,29756.1,29748.7,29751.1,224.0
1783629480,29751.0,29751.8,29740.1,29741.8,207.0
1783629540,29741.3,29747.6,29741.0,29745.5,211.0
1783629600,29745.6,29747.7,29739.0,29742.2,192.0
1783629660,29742.2,29744.8,29735.8,29739.2,199.0
1783629720,29739.0,29745.5,29738.5,29745.2,202.0
1783629780,29745.2,29749.2,29744.6,29746.2,180.0
1783629840,29746.0,29747.2,29742.1,29744.8,193.0
1783629900,29745.0,29750.6,29743.3,29747.3,187.0
1783629960,29747.3,29753.8,29744.7,29753.8,210.0
1783630020,29753.8,29761.8,29752.8,29761.8,183.0
1783630080,29762.3,29762.8,29758.8,29760.6,193.0
1783630140,29760.3,29760.3,29751.0,29752.3,216.0
1783630200,29752.3,29754.8,29749.6,29750.0,208.0
1783630260,29750.0,29755.6,29748.7,29750.8,210.0
1783630320,29751.0,29756.5,29748.0,29753.3,190.0
1783630380,29753.3,29754.0,29749.0,29752.6,210.0
1783630440,29753.1,29753.6,29746.7,29749.7,181.0
1783630500,29749.5,29750.7,29745.8,29747.6,190.0
1783630560,29747.6,29751.5,29744.5,29747.0,196.0
1783630620,29747.0,29748.2,29739.3,29741.8,188.0
1783630680,29741.8,29749.0,29724.0,29735.2,208.0
1783630740,29735.7,29745.5,29730.5,29744.8,201.0
1783630800,29744.7,29753.0,29741.5,29747.7,226.0
1783630860,29747.8,29752.7,29744.6,29744.6,223.0
1783630920,29744.5,29746.7,29734.6,29736.6,217.0
1783630980,29736.7,29740.6,29732.2,29738.0,220.0
1783631040,29738.0,29739.1,29732.8,29735.8,222.0
1783631100,29736.0,29747.8,29735.7,29743.0,230.0
1783631160,29743.0,29750.8,29743.0,29746.8,216.0
1783631220,29746.1,29750.3,29745.1,29748.0,210.0
1783631280,29748.0,29754.3,29747.5,29749.7,203.0
1783631340,29749.7,29753.1,29745.3,29752.5,209.0
1783631400,29752.5,29753.5,29747.8,29750.5,204.0
1783631460,29750.7,29753.2,29742.7,29745.5,218.0
1783631520,29745.2,29750.3,29742.8,29744.8,207.0
1783631580,29744.7,29750.7,29742.8,29743.2,190.0
1783631640,29743.5,29749.5,29742.7,29746.2,191.0
1783631700,29746.7,29750.7,29742.7,29744.5,211.0
1783631760,29744.7,29749.5,29737.6,29740.5,206.0
1783631820,29740.7,29741.3,29736.8,29739.2,195.0
1783631880,29738.7,29741.3,29733.2,29736.7,198.0
1783631940,29736.8,29744.7,29734.8,29741.0,210.0
1783632000,29741.0,29741.2,29730.0,29730.3,224.0
1783632060,29730.2,29733.6,29727.6,29732.3,219.0
1783632120,29732.5,29736.3,29725.1,29725.1,215.0
1783632180,29725.1,29729.2,29721.2,29721.7,216.0
1783632240,29722.5,29728.3,29718.7,29719.5,219.0
1783632300,29719.2,29724.3,29713.0,29721.7,232.0
1783632360,29721.5,29727.5,29717.0,29723.2,228.0
1783632420,29723.8,29727.0,29719.8,29724.7,224.0
1783632480,29725.1,29730.6,29717.0,29718.0,218.0
1783632540,29718.2,29728.0,29717.2,29728.0,217.0
1783632600,29727.6,29735.8,29727.6,29729.7,231.0
1783632660,29729.8,29737.7,29727.6,29736.7,208.0
1783632720,29737.1,29738.6,29730.0,29732.0,212.0
1783632780,29732.0,29737.2,29730.7,29734.5,207.0
1783632840,29734.6,29735.2,29722.5,29723.8,198.0
1783632900,29724.0,29724.5,29716.2,29721.1,221.0
1783632960,29721.2,29725.3,29717.7,29721.2,233.0
1783633020,29721.1,29726.3,29719.8,29721.5,208.0
1783633080,29721.1,29727.1,29720.2,29723.0,224.0
1783633140,29723.2,29724.7,29716.7,29717.0,181.0
1783633200,29716.7,29720.2,29710.3,29715.3,231.0
1783633260,29715.5,29720.3,29714.5,29717.2,215.0
1783633320,29717.0,29729.7,29716.6,29722.6,215.0
1783633380,29722.3,29724.8,29719.6,29722.8,199.0
1783633440,29722.5,29729.1,29722.2,29728.3,213.0
1783633500,29727.5,29732.3,29724.6,29731.5,213.0
1783633560,29731.7,29732.3,29723.0,29726.5,216.0
1783633620,29726.0,29733.3,29723.2,29726.8,218.0
1783633680,29727.2,29734.8,29724.8,29730.3,210.0
1783633740,29730.1,29731.1,29725.6,29727.5,204.0
1783633800,29727.3,29730.3,29725.2,29727.5,213.0
1783633860,29727.6,29728.2,29717.2,29722.1,207.0
1783633920,29723.1,29725.5,29718.1,29718.6,212.0
1783633980,29718.5,29721.5,29716.1,29719.1,192.0
1783634040,29719.1,29723.8,29717.8,29718.2,210.0
1783634100,29718.1,29718.7,29703.3,29706.8,217.0
1783634160,29706.5,29710.8,29705.6,29709.3,213.0
1783634220,29709.3,29712.0,29702.5,29704.5,214.0
1783634280,29703.8,29707.1,29700.8,29702.1,207.0
1783634340,29701.8,29714.6,29700.3,29710.0,223.0
1783634400,29710.6,29711.8,29691.5,29691.5,226.0
1783634460,29691.6,29692.7,29682.0,29688.1,251.0
1783634520,29688.6,29696.5,29686.0,29690.1,247.0
1783634580,29691.2,29694.7,29688.3,29688.7,219.0
1783634640,29688.3,29688.7,29681.0,29684.0,229.0
1783634700,29684.3,29690.0,29678.0,29687.6,222.0
1783634760,29691.6,29707.2,29691.6,29701.0,236.0
1783634820,29700.6,29703.0,29695.5,29701.0,210.0
1783634880,29701.0,29703.3,29687.3,29694.7,207.0
1783634940,29695.6,29697.8,29691.7,29693.7,219.0
1783635000,29693.7,29694.3,29682.7,29687.5,232.0
1783635060,29686.7,29697.6,29685.7,29696.7,216.0
1783635120,29697.1,29700.1,29693.3,29696.2,214.0
1783635180,29696.5,29698.0,29686.1,29689.0,212.0
1783635240,29689.5,29693.6,29686.6,29687.1,195.0
1783635300,29686.6,29688.5,29677.7,29682.7,234.0
1783635360,29682.5,29703.2,29682.5,29702.0,245.0
1783635420,29702.2,29707.8,29698.1,29703.0,238.0
1783635480,29702.8,29717.3,29701.6,29710.1,231.0
1783635540,29710.7,29719.7,29710.7,29719.0,207.0
1783635600,29718.5,29721.3,29715.0,29716.5,237.0
1783635660,29716.7,29728.1,29715.1,29728.1,216.0
1783635720,29727.7,29727.7,29718.3,29720.3,208.0
1783635780,29720.7,29721.7,29712.5,29721.0,217.0
1783635840,29720.7,29721.8,29711.7,29712.6,207.0
1783635900,29711.2,29714.0,29702.6,29706.2,228.0
1783635960,29706.5,29709.2,29701.1,29701.1,228.0
1783636020,29701.3,29712.6,29701.3,29705.0,224.0
1783636080,29704.7,29707.3,29700.5,29704.5,206.0
1783636140,29704.3,29707.1,29699.6,29702.2,214.0
1783636200,29702.2,29702.2,29684.5,29685.1,260.0
1783636260,29684.8,29696.3,29683.8,29696.3,231.0
1783636320,29696.3,29699.5,29688.2,29688.7,224.0
1783636380,29688.0,29690.2,29680.8,29688.5,243.0
1783636440,29688.2,29694.5,29684.6,29688.5,220.0
1783636500,29688.1,29699.7,29687.0,29698.7,223.0
1783636560,29698.7,29713.5,29698.0,29709.3,221.0
1783636620,29709.7,29709.7,29701.7,29704.2,214.0
1783636680,29702.5,29709.7,29700.8,29708.3,216.0
1783636740,29708.7,29712.8,29708.2,29712.3,199.0
1783636800,29711.7,29715.7,29704.5,29704.7,215.0
1783636860,29705.0,29706.1,29696.5,29705.2,221.0
1783636920,29705.1,29707.6,29700.3,29705.3,221.0
1783636980,29705.2,29710.3,29702.7,29703.5,194.0
1783637040,29703.7,29715.2,29701.2,29714.2,217.0
1783637100,29713.8,29719.1,29706.7,29708.1,228.0
1783637160,29708.0,29715.2,29708.0,29714.2,222.0
1783637220,29714.1,29720.6,29712.7,29720.3,217.0
1783637280,29720.1,29720.1,29713.0,29715.1,219.0
1783637340,29713.7,29718.5,29708.5,29709.0,209.0
1783637400,29705.3,29705.3,29680.2,29693.5,248.0
1783637460,29693.2,29700.8,29692.2,29693.5,246.0
1783637520,29693.5,29696.2,29685.7,29693.5,232.0
1783637580,29694.2,29694.2,29681.7,29682.2,236.0
1783637640,29682.5,29687.2,29668.8,29668.8,248.0
1783637700,29681.2,29705.8,29681.2,29698.2,255.0
1783637760,29697.7,29704.0,29693.0,29700.7,246.0
1783637820,29700.8,29723.7,29700.2,29722.5,241.0
1783637880,29722.6,29725.1,29709.1,29709.1,225.0
1783637940,29707.7,29718.7,29697.3,29718.7,272.0
1783638000,29718.1,29731.2,29713.1,29722.2,264.0
1783638060,29720.0,29725.2,29716.8,29719.2,239.0
1783638120,29719.5,29721.6,29714.0,29719.7,196.0
1783638180,29719.3,29720.0,29713.8,29718.2,186.0
1783638240,29718.2,29723.5,29718.0,29721.0,188.0
1783638300,29720.5,29725.6,29718.0,29725.2,167.0
1783638360,29725.3,29738.1,29724.8,29737.0,191.0
1783638420,29737.0,29741.0,29734.1,29734.3,184.0
1783638480,29734.0,29739.8,29733.7,29739.0,153.0
1783638540,29738.8,29740.7,29737.5,29740.2,154.0
1783638600,29740.5,29740.5,29730.8,29737.5,155.0
1783638660,29737.6,29740.7,29736.7,29738.2,145.0
1783638720,29738.2,29738.7,29732.7,29733.8,152.0
1783638780,29733.7,29740.3,29733.7,29740.0,162.0
1783638840,29739.8,29743.7,29737.0,29737.0,173.0
1783638900,29737.0,29740.3,29733.8,29736.7,151.0
1783638960,29736.8,29737.2,29728.5,29733.5,149.0
1783639020,29733.3,29735.5,29731.7,29731.7,135.0
1783639080,29731.7,29731.7,29728.5,29728.6,104.0
1783639140,29728.2,29732.0,29728.2,29728.7,97.0
1783639200,29728.2,29737.0,29725.1,29736.1,154.0
1783639260,29736.1,29736.3,29730.5,29730.5,120.0
1783639320,29730.5,29731.6,29729.6,29730.1,88.0
1783639380,29730.2,29730.2,29723.7,29724.2,110.0
1783639440,29724.0,29724.0,29721.2,29721.7,94.0
1783639500,29721.8,29724.3,29721.7,29721.7,85.0
1783639560,29721.7,29723.2,29717.3,29718.6,116.0
1783639620,29719.0,29720.2,29711.7,29712.6,114.0
1783639680,29712.7,29717.0,29707.8,29714.0,128.0
1783639740,29713.8,29718.0,29710.6,29710.6,99.0
1783639800,29710.2,29711.2,29706.7,29708.6,100.0
1783639860,29708.7,29711.5,29706.0,29710.8,113.0
1783639920,29710.7,29714.2,29708.8,29714.2,101.0
1783639980,29714.0,29716.7,29712.0,29716.1,95.0
1783640040,29716.2,29719.7,29715.7,29717.7,92.0
1783640100,29717.7,29719.2,29712.6,29713.5,102.0
1783640160,29713.5,29716.2,29713.2,29715.8,71.0
1783640220,29715.8,29717.8,29713.3,29713.8,63.0
1783640280,29714.0,29714.2,29711.5,29712.5,80.0
1783640340,29712.5,29713.0,29711.2,29712.0,70.0
1783640400,29711.7,29714.2,29711.6,29711.6,89.0
1783640460,29711.6,29713.5,29705.7,29706.2,108.0
1783640520,29706.2,29708.3,29705.7,29706.2,107.0
1783640580,29706.2,29707.0,29702.6,29705.2,98.0
1783640640,29705.2,29710.7,29704.0,29704.7,111.0
1783640700,29704.8,29706.7,29704.0,29704.7,121.0
1783640760,29704.7,29708.8,29703.6,29704.6,127.0
1783640820,29704.6,29707.2,29703.8,29705.6,80.0
1783640880,29705.6,29708.3,29705.6,29706.5,89.0
1783640940,29706.5,29709.2,29705.5,29707.3,86.0
1783641000,29707.2,29708.5,29700.6,29702.1,134.0
1783641060,29701.7,29704.6,29701.0,29704.5,126.0
1783641120,29704.5,29704.5,29702.2,29703.7,101.0
1783641180,29703.7,29706.0,29703.0,29703.0,105.0
1783641240,29703.0,29705.8,29701.5,29704.5,93.0
1783641300,29704.5,29708.7,29703.7,29705.5,94.0
1783641360,29705.5,29709.2,29704.2,29709.1,71.0
1783641420,29709.2,29709.2,29696.7,29705.2,160.0
1783641480,29705.2,29706.1,29700.0,29701.5,119.0
1783645200,29709.2,29719.0,29704.4,29716.7,172.0
1783645260,29716.7,29719.1,29705.1,29705.1,147.0
1783645320,29705.1,29705.7,29701.4,29703.1,140.0
1783645380,29703.1,29711.7,29701.9,29704.7,129.0
1783645440,29705.1,29716.4,29699.4,29715.0,120.0
1783645500,29716.9,29721.5,29700.6,29709.9,156.0
1783645560,29709.9,29723.1,29708.7,29717.7,109.0
1783645620,29718.5,29734.5,29717.7,29726.0,151.0
1783645680,29726.0,29728.6,29717.7,29718.9,122.0
1783645740,29719.4,29719.4,29708.7,29711.0,144.0
1783645800,29709.4,29711.9,29704.2,29709.4,134.0
1783645860,29709.4,29711.4,29707.7,29708.2,133.0
1783645920,29708.2,29711.2,29708.0,29710.1,86.0
1783645980,29710.2,29712.0,29707.2,29708.5,113.0
1783646040,29708.6,29713.0,29706.0,29711.0,109.0
1783646100,29710.9,29711.7,29706.5,29707.6,90.0
1783646160,29707.7,29714.5,29707.5,29714.2,95.0
1783646220,29714.2,29718.9,29712.7,29713.1,112.0
1783646280,29713.1,29716.9,29711.9,29714.4,114.0
1783646340,29714.2,29714.4,29688.6,29692.6,122.0
1783646400,29692.5,29692.9,29681.7,29686.4,144.0
1783646460,29686.6,29690.4,29683.2,29686.4,110.0
1783646520,29686.1,29696.2,29685.9,29692.5,110.0
1783646580,29692.6,29694.5,29689.9,29692.9,86.0
1783646640,29692.9,29695.2,29689.5,29689.6,80.0
1783646700,29689.6,29691.2,29684.5,29691.1,89.0
1783646760,29691.4,29691.5,29685.0,29685.6,106.0
1783646820,29685.7,29686.9,29681.4,29684.6,102.0
1783646880,29684.9,29685.2,29678.5,29682.0,92.0
1783646940,29682.6,29685.2,29680.2,29682.2,106.0
1783647000,29682.4,29686.2,29681.6,29686.2,101.0
1783647060,29686.2,29688.5,29684.4,29684.4,73.0
1783647120,29684.5,29686.9,29680.9,29684.2,74.0
1783647180,29684.4,29685.9,29679.7,29685.5,77.0
1783647240,29685.5,29686.9,29680.2,29680.2,108.0
1783647300,29680.2,29683.4,29680.2,29683.2,47.0
1783647360,29683.2,29686.7,29682.6,29685.5,80.0
1783647420,29686.1,29687.6,29680.9,29687.1,73.0
1783647480,29686.9,29691.1,29684.9,29687.4,123.0
1783647540,29687.4,29689.5,29681.4,29684.7,96.0
1783647600,29684.7,29688.4,29684.5,29686.1,56.0
1783647660,29686.1,29692.5,29686.1,29692.5,50.0
1783647720,29692.5,29694.5,29691.0,29694.5,53.0
1783647780,29694.5,29696.2,29693.9,29695.1,67.0
1783647840,29695.1,29695.7,29694.0,29695.0,57.0
1783647900,29695.0,29699.1,29695.0,29696.0,94.0
1783647960,29696.0,29697.0,29691.6,29692.0,75.0
1783648020,29692.0,29692.6,29687.7,29688.4,91.0
1783648080,29688.4,29690.4,29688.0,29690.4,58.0
1783648140,29690.4,29699.7,29688.1,29694.2,80.0
1783648200,29694.2,29699.1,29693.7,29697.5,95.0
1783648260,29697.5,29697.9,29693.7,29696.5,73.0
1783648320,29696.5,29697.2,29692.7,29694.2,64.0
1783648380,29694.2,29697.7,29690.2,29690.9,82.0
1783648440,29690.9,29693.6,29690.1,29691.5,73.0
1783648500,29691.5,29693.2,29690.2,29692.4,69.0
1783648560,29692.4,29698.1,29692.4,29694.5,93.0
1783648620,29694.5,29696.2,29693.7,29695.0,61.0
1783648680,29695.0,29695.6,29692.9,29693.5,69.0
1783648740,29693.5,29696.0,29692.7,29695.5,60.0
1783648800,29695.5,29703.5,29693.2,29702.7,103.0
1783648860,29702.7,29703.7,29684.1,29687.6,110.0
1783648920,29687.7,29687.7,29681.6,29684.4,110.0
1783648980,29685.1,29692.2,29684.2,29692.1,98.0
1783649040,29692.5,29705.6,29692.0,29705.4,122.0
1783649100,29705.5,29711.1,29704.7,29711.1,110.0
1783649160,29711.1,29712.0,29705.0,29707.2,91.0
1783649220,29707.4,29707.7,29703.9,29705.1,108.0
1783649280,29705.1,29708.2,29704.7,29708.0,68.0
1783649340,29708.0,29712.4,29707.2,29712.2,82.0
1783649400,29712.2,29713.1,29707.1,29711.1,95.0
1783649460,29711.2,29713.0,29709.0,29712.2,57.0
1783649520,29713.1,29715.5,29711.5,29712.6,69.0
1783649580,29712.6,29715.4,29711.0,29714.2,91.0
1783649640,29713.5,29714.7,29711.2,29713.0,69.0
1783649700,29713.0,29714.5,29708.7,29709.0,73.0
1783649760,29709.0,29712.1,29704.0,29710.6,83.0
1783649820,29710.6,29712.5,29710.1,29711.4,67.0
1783649880,29711.4,29716.1,29710.7,29716.1,47.0
1783649940,29716.1,29722.7,29715.9,29721.4,88.0
1783650000,29721.4,29721.9,29712.6,29712.6,105.0
1783650060,29712.6,29719.1,29712.6,29717.9,101.0
1783650120,29717.9,29719.4,29713.5,29716.5,115.0
1783650180,29716.5,29726.4,29715.7,29726.2,98.0
1783650240,29726.2,29733.4,29724.6,29728.5,124.0
1783650300,29728.5,29732.1,29728.2,29732.1,119.0
1783650360,29731.9,29737.4,29731.2,29735.6,104.0
1783650420,29735.6,29736.4,29731.1,29731.1,114.0
1783650480,29731.0,29734.6,29731.0,29731.2,99.0
1783650540,29731.2,29732.9,29731.2,29732.1,57.0
1783650600,29732.1,29733.1,29718.2,29721.1,136.0
1783650660,29721.1,29725.5,29720.0,29723.7,105.0
1783650720,29723.7,29729.0,29722.5,29728.2,95.0
1783650780,29728.1,29730.2,29724.0,29727.2,94.0
1783650840,29727.2,29729.2,29720.9,29723.5,94.0
1783650900,29723.4,29726.9,29723.2,29726.5,85.0
1783650960,29726.9,29728.1,29723.7,29727.7,68.0
1783651020,29727.7,29729.2,29726.5,29729.2,72.0
1783651080,29729.1,29729.1,29722.5,29727.0,55.0
1783651140,29727.0,29730.7,29727.0,29728.2,62.0
1783651200,29728.2,29730.6,29726.2,29726.5,81.0
1783651260,29726.5,29727.2,29720.6,29721.0,73.0
1783651320,29721.1,29721.6,29716.1,29718.1,71.0
1783651380,29718.1,29720.4,29714.6,29716.4,66.0
1783651440,29716.6,29718.1,29713.7,29715.5,69.0
1783651500,29715.5,29718.0,29701.6,29708.0,197.0
1783651560,29708.6,29714.5,29705.4,29709.5,191.0
1783651620,29709.2,29711.2,29706.5,29706.7,152.0
1783651680,29706.6,29710.2,29705.0,29710.2,122.0
1783651740,29710.4,29712.9,29700.0,29706.9,143.0
1783651800,29706.9,29714.6,29706.6,29711.1,162.0
1783651860,29711.1,29713.9,29709.5,29713.4,128.0
1783651920,29713.4,29718.7,29713.0,29716.4,129.0
1783651980,29716.4,29720.7,29708.1,29720.1,143.0
1783652040,29720.0,29730.0,29717.9,29723.9,153.0
1783652100,29723.9,29725.2,29718.2,29723.9,158.0
1783652160,29723.9,29731.5,29720.6,29731.5,145.0
1783652220,29730.7,29731.6,29719.1,29719.9,137.0
1783652280,29720.9,29725.1,29711.5,29712.6,184.0
1783652340,29712.7,29714.2,29706.7,29707.0,193.0
1783652400,29706.7,29725.9,29705.6,29710.6,258.0
1783652460,29710.9,29711.5,29677.1,29679.9,265.0
1783652520,29680.5,29685.2,29663.9,29678.0,254.0
1783652580,29679.4,29681.6,29666.1,29672.5,252.0
1783652640,29673.1,29687.0,29673.1,29682.0,246.0
1783652700,29683.6,29690.2,29675.1,29675.1,252.0
1783652760,29675.2,29684.1,29668.6,29677.4,260.0
1783652820,29677.4,29677.9,29646.4,29647.5,239.0
1783652880,29647.2,29667.0,29642.1,29658.1,257.0
1783652940,29657.5,29667.4,29650.6,29667.4,231.0
1783653000,29667.4,29667.4,29632.5,29635.2,232.0
1783653060,29635.1,29646.9,29633.1,29636.2,239.0
1783653120,29636.1,29651.0,29634.5,29651.0,246.0
1783653180,29650.7,29653.4,29640.6,29653.4,232.0
1783653240,29653.5,29672.1,29646.1,29668.7,216.0
1783653300,29668.6,29676.5,29661.6,29667.2,244.0
1783653360,29666.0,29666.7,29647.2,29649.4,221.0
1783653420,29649.6,29651.2,29637.0,29646.2,252.0
1783653480,29646.2,29656.7,29639.5,29646.1,240.0
1783653540,29646.0,29652.6,29643.0,29652.6,220.0
1783653600,29653.5,29664.5,29644.9,29646.2,218.0
1783653660,29645.9,29660.5,29644.0,29658.5,229.0
1783653720,29658.2,29659.7,29639.0,29639.5,230.0
1783653780,29639.7,29639.7,29618.9,29621.4,218.0
1783653840,29618.0,29619.5,29608.4,29610.9,238.0
1783653900,29610.7,29616.5,29601.0,29612.6,236.0
1783653960,29613.2,29618.0,29604.4,29618.0,237.0
1783654020,29618.0,29618.9,29606.2,29607.7,218.0
1783654080,29607.7,29609.4,29596.7,29599.1,235.0
1783654140,29599.0,29613.6,29598.6,29611.6,226.0
1783654200,29611.6,29617.0,29603.2,29611.9,244.0
1783654260,29611.9,29614.9,29598.6,29604.5,243.0
1783654320,29604.4,29605.7,29597.7,29604.5,241.0
1783654380,29604.7,29609.6,29583.0,29588.0,249.0
1783654440,29588.4,29591.7,29582.4,29586.1,245.0
1783654500,29586.1,29590.5,29582.1,29590.5,237.0
1783654560,29590.1,29593.6,29580.4,29593.0,213.0
1783654620,29593.6,29595.5,29579.5,29586.6,235.0
1783654680,29586.6,29591.4,29579.4,29580.9,232.0
1783654740,29580.7,29585.5,29579.5,29579.5,209.0
1783654800,29579.5,29592.0,29578.9,29586.4,225.0
1783654860,29586.1,29597.9,29582.9,29591.6,217.0
1783654920,29590.9,29600.0,29590.7,29598.5,206.0
1783654980,29598.0,29599.5,29591.9,29598.4,213.0
1783655040,29598.4,29605.1,29598.4,29603.0,179.0
1783655100,29602.4,29605.0,29597.4,29602.5,229.0
1783655160,29602.5,29605.7,29598.4,29603.5,211.0
1783655220,29603.5,29606.7,29598.0,29604.6,207.0
1783655280,29604.9,29607.4,29582.7,29584.0,209.0
1783655340,29584.1,29597.1,29583.1,29596.0,206.0
1783655400,29596.0,29600.4,29590.5,29598.4,190.0
1783655460,29597.7,29605.9,29597.7,29601.6,155.0
1783655520,29601.7,29609.9,29601.7,29607.1,188.0
1783655580,29607.1,29608.0,29602.1,29607.5,185.0
1783655640,29607.5,29610.0,29602.2,29609.6,185.0
1783655700,29609.6,29615.0,29609.1,29614.0,180.0
1783655760,29614.7,29628.6,29614.7,29626.0,214.0
1783655820,29625.6,29636.2,29625.2,29636.0,192.0
1783655880,29636.0,29637.5,29632.9,29633.5,189.0
1783655940,29633.4,29643.5,29632.4,29640.5,189.0
1783656000,29640.7,29644.4,29633.1,29637.9,223.0
1783656060,29637.7,29638.6,29618.2,29618.6,222.0
1783656120,29618.6,29624.2,29614.5,29615.6,224.0
1783656180,29615.6,29620.6,29613.1,29614.2,200.0
1783656240,29614.6,29616.2,29602.4,29602.6,209.0
1783656300,29602.9,29606.5,29599.2,29600.1,209.0
1783656360,29599.4,29604.5,29596.5,29601.4,195.0
1783656420,29602.2,29610.7,29601.6,29610.6,197.0
1783656480,29610.6,29618.0,29609.6,29612.2,200.0
1783656540,29612.2,29615.9,29601.1,29602.4,207.0
1783656600,29602.2,29602.4,29592.0,29602.1,213.0
1783656660,29601.9,29613.7,29598.7,29611.2,214.0
1783656720,29611.2,29625.0,29611.2,29622.4,207.0
1783656780,29622.2,29624.4,29612.9,29616.6,213.0
1783656840,29616.7,29620.1,29613.1,29617.9,207.0
1783656900,29616.9,29625.1,29612.1,29622.1,217.0
1783656960,29622.4,29624.1,29616.6,29623.9,222.0
1783657020,29623.9,29632.4,29621.4,29631.1,218.0
1783657080,29631.1,29634.9,29624.1,29627.9,187.0
1783657140,29627.9,29636.0,29627.5,29634.7,154.0
1783657200,29634.7,29639.4,29634.4,29634.4,180.0
1783657260,29634.1,29634.6,29627.1,29629.1,185.0
1783657320,29629.1,29638.9,29623.5,29638.7,176.0
1783657380,29638.6,29646.5,29635.7,29645.5,167.0
1783657440,29645.5,29649.5,29644.6,29646.7,194.0
1783657500,29647.1,29648.6,29642.6,29644.9,169.0
1783657560,29644.9,29645.0,29627.4,29630.0,217.0
1783657620,29630.1,29639.0,29625.2,29638.1,193.0
1783657680,29637.9,29640.0,29633.1,29640.0,161.0
1783657740,29639.4,29642.1,29634.5,29642.1,176.0
1783657800,29642.2,29645.2,29629.0,29643.7,236.0
1783657860,29644.0,29651.1,29643.1,29650.2,210.0
1783657920,29650.2,29651.6,29644.6,29649.6,210.0
1783657980,29650.4,29654.7,29650.4,29653.7,196.0
1783658040,29653.5,29660.6,29649.4,29653.2,191.0
1783658100,29653.1,29656.4,29644.9,29647.6,237.0
1783658160,29648.1,29659.1,29647.0,29654.5,214.0
1783658220,29654.5,29661.5,29652.4,29658.0,182.0
1783658280,29658.0,29663.4,29656.5,29663.2,200.0
1783658340,29663.2,29675.7,29663.0,29671.6,203.0
1783658400,29671.7,29673.4,29664.5,29667.7,204.0
1783658460,29667.5,29667.9,29661.0,29664.7,206.0
1783658520,29664.7,29671.6,29660.2,29661.6,210.0
1783658580,29661.6,29664.9,29658.1,29664.4,185.0
1783658640,29664.1,29665.1,29659.1,29659.2,185.0
1783658700,29659.6,29663.7,29655.4,29659.7,209.0
1783658760,29659.7,29668.2,29659.4,29666.9,205.0
1783658820,29665.9,29682.9,29664.1,29681.6,212.0
1783658880,29681.5,29692.7,29679.1,29692.4,206.0
1783658940,29692.1,29692.5,29689.0,29689.9,189.0
1783659000,29689.9,29693.7,29685.4,29689.2,197.0
1783659060,29689.4,29696.5,29686.5,29693.0,158.0
1783659120,29692.7,29692.7,29676.7,29677.7,195.0
1783659180,29677.7,29681.4,29676.6,29679.6,171.0
1783659240,29679.6,29679.6,29673.4,29675.6,180.0
1783659300,29675.6,29681.1,29673.1,29675.1,199.0
1783659360,29674.9,29678.9,29672.5,29677.4,194.0
1783659420,29677.2,29684.4,29676.2,29680.5,168.0
1783659480,29680.5,29680.5,29672.5,29672.6,168.0
1783659540,29672.7,29674.1,29663.9,29666.1,202.0
1783659600,29667.6,29669.1,29644.9,29647.2,224.0
1783659660,29647.0,29654.2,29644.9,29647.5,210.0
1783659720,29647.4,29653.4,29640.4,29652.6,205.0
1783659780,29652.9,29659.1,29650.1,29655.0,210.0
1783659840,29655.0,29661.9,29653.6,29661.7,210.0
1783659900,29661.7,29663.5,29654.1,29657.7,208.0
1783659960,29657.7,29659.4,29654.9,29657.4,205.0
1783660020,29658.1,29667.0,29649.9,29665.1,192.0
1783660080,29664.9,29675.6,29660.9,29670.9,210.0
1783660140,29671.0,29673.4,29662.7,29670.5,198.0
1783660200,29670.9,29671.4,29661.9,29665.7,205.0
1783660260,29666.9,29668.6,29654.6,29654.7,209.0
1783660320,29655.2,29659.0,29652.6,29658.0,186.0
1783660380,29658.4,29662.5,29652.5,29652.5,189.0
1783660440,29652.5,29655.6,29647.0,29654.4,197.0
1783660500,29654.4,29655.4,29646.6,29647.4,212.0
1783660560,29647.4,29647.4,29634.7,29636.5,208.0
1783660620,29636.4,29641.5,29634.5,29635.9,200.0
1783660680,29636.0,29642.1,29635.9,29639.4,219.0
1783660740,29640.0,29650.6,29638.7,29648.5,195.0
1783660800,29648.5,29652.9,29641.6,29643.2,206.0
1783660860,29642.9,29648.0,29641.1,29642.7,207.0
1783660920,29642.6,29643.0,29630.6,29631.6,200.0
1783660980,29630.9,29639.6,29628.1,29637.4,203.0
1783661040,29637.4,29643.5,29637.4,29643.1,196.0
1783661100,29643.5,29652.0,29641.1,29652.0,214.0
1783661160,29652.0,29658.5,29651.5,29655.4,178.0
1783661220,29655.0,29655.5,29647.0,29647.5,199.0
1783661280,29647.5,29654.2,29645.7,29647.0,216.0
1783661340,29646.7,29657.7,29646.7,29656.9,181.0
1783661400,29657.0,29662.0,29648.5,29661.6,209.0
1783661460,29661.6,29669.5,29660.5,29668.0,187.0
1783661520,29668.0,29670.0,29665.1,29667.6,153.0
1783661580,29667.6,29671.9,29665.5,29667.5,178.0
1783661640,29667.6,29671.5,29664.0,29671.2,150.0
1783661700,29671.2,29676.4,29665.2,29665.4,168.0
1783661760,29665.5,29670.2,29665.2,29669.0,166.0
1783661820,29668.9,29671.9,29664.2,29670.9,149.0
1783661880,29670.7,29676.6,29666.9,29676.6,154.0
1783661940,29676.6,29683.6,29675.6,29682.2,162.0
1783662000,29682.4,29685.4,29680.9,29685.1,178.0
1783662060,29685.2,29690.1,29684.9,29686.0,158.0
1783662120,29686.0,29687.7,29683.4,29685.5,141.0
1783662180,29685.6,29687.4,29681.2,29682.1,156.0
1783662240,29682.1,29683.6,29679.4,29682.0,150.0
1783662300,29681.9,29684.7,29677.0,29683.2,150.0
1783662360,29683.2,29684.2,29676.4,29680.7,156.0
1783662420,29680.9,29702.0,29678.9,29700.9,184.0
1783662480,29700.9,29703.9,29695.5,29698.1,164.0
1783662540,29698.4,29704.7,29696.9,29703.2,143.0
1783662600,29703.2,29707.9,29701.6,29707.1,158.0
1783662660,29707.2,29720.9,29707.0,29717.6,177.0
1783662720,29716.6,29720.6,29715.0,29720.5,176.0
1783662780,29720.7,29722.4,29718.1,29719.0,154.0
1783662840,29719.0,29719.0,29708.7,29710.1,154.0
1783662900,29710.0,29718.5,29709.5,29717.1,156.0
1783662960,29717.2,29720.9,29714.1,29718.7,134.0
1783663020,29718.5,29718.7,29715.2,29716.7,137.0
1783663080,29716.7,29719.5,29715.1,29719.0,137.0
1783663140,29718.7,29725.7,29715.4,29725.7,149.0
1783663200,29725.9,29726.0,29717.4,29717.5,200.0
1783663260,29717.7,29726.2,29717.6,29724.9,170.0
1783663320,29725.1,29726.9,29723.4,29725.4,161.0
1783663380,29725.6,29732.6,29724.7,29731.7,129.0
1783663440,29731.7,29732.6,29725.5,29727.4,135.0
1783663500,29727.4,29728.2,29723.7,29727.4,149.0
1783663560,29727.6,29731.0,29726.0,29730.2,142.0
1783663620,29730.2,29737.1,29729.7,29734.5,145.0
1783663680,29734.4,29735.6,29728.7,29729.0,147.0
1783663740,29728.9,29731.2,29725.6,29726.2,123.0
1783663800,29726.5,29729.0,29717.7,29718.4,177.0
1783663860,29718.4,29722.2,29717.6,29720.5,128.0
1783663920,29720.6,29721.1,29716.2,29716.7,125.0
1783663980,29716.7,29718.9,29715.2,29718.9,122.0
1783664040,29719.0,29722.2,29719.0,29721.7,133.0
1783664100,29721.7,29721.7,29717.6,29720.2,125.0
1783664160,29720.1,29720.5,29715.7,29717.4,139.0
1783664220,29717.4,29723.5,29717.0,29722.2,119.0
1783664280,29722.2,29724.6,29718.7,29718.9,144.0
1783664340,29719.1,29719.1,29714.2,29716.7,107.0
1783664400,29716.9,29718.2,29713.6,29716.0,137.0
1783664460,29716.2,29719.5,29711.2,29711.2,140.0
1783664520,29711.2,29714.5,29710.0,29713.5,144.0
1783664580,29713.5,29713.9,29710.2,29713.4,122.0
1783664640,29713.4,29713.9,29700.6,29703.0,174.0
1783664700,29703.0,29705.7,29699.5,29705.6,152.0
1783664760,29705.6,29707.2,29698.0,29698.0,144.0
1783664820,29698.0,29703.5,29698.0,29702.0,140.0
1783664880,29702.0,29703.5,29698.7,29702.9,149.0
1783664940,29702.7,29703.5,29696.0,29698.1,156.0
1783665000,29697.7,29702.7,29692.0,29701.6,225.0
1783665060,29702.1,29706.6,29693.9,29696.2,214.0
1783665120,29696.2,29701.6,29695.4,29698.6,179.0
1783665180,29699.1,29701.4,29696.6,29698.1,176.0
1783665240,29698.5,29703.0,29695.4,29702.6,152.0
1783665300,29702.6,29704.1,29698.0,29702.9,180.0
1783665360,29703.1,29703.1,29694.5,29695.5,166.0
1783665420,29695.2,29697.2,29691.4,29697.2,185.0
1783665480,29697.2,29700.6,29695.5,29699.9,190.0
1783665540,29699.6,29701.9,29694.9,29700.1,166.0
1783665600,29699.9,29705.9,29699.7,29705.2,157.0
1783665660,29705.2,29705.2,29693.5,29697.7,127.0
1783665720,29697.7,29703.4,29697.2,29700.5,162.0
1783665780,29700.5,29700.5,29696.5,29697.5,161.0
1783665840,29697.5,29700.0,29695.5,29698.6,140.0
1783665900,29698.6,29698.6,29694.1,29695.5,159.0
1783665960,29695.7,29696.6,29688.0,29691.7,177.0
1783666020,29691.7,29696.4,29689.7,29696.0,160.0
1783666080,29696.0,29696.0,29691.9,29692.4,139.0
1783666140,29692.4,29697.0,29689.1,29693.9,146.0
1783666200,29694.0,29700.4,29691.6,29697.9,179.0
1783666260,29697.6,29698.4,29688.2,29688.2,167.0
1783666320,29687.1,29693.5,29686.2,29692.0,164.0
1783666380,29692.0,29693.7,29688.1,29689.1,145.0
1783666440,29689.1,29692.5,29688.5,29690.2,156.0
1783666500,29690.9,29693.1,29689.4,29692.4,181.0
1783666560,29692.5,29695.7,29688.4,29692.4,170.0
1783666620,29692.4,29694.5,29689.5,29694.5,145.0
1783666680,29694.5,29706.7,29694.0,29704.7,159.0
1783666740,29704.6,29706.7,29701.9,29706.6,126.0
1783666800,29706.6,29709.5,29700.7,29703.2,164.0
1783666860,29703.2,29703.7,29698.6,29701.0,178.0
1783666920,29701.0,29706.9,29697.4,29706.6,171.0
1783666980,29707.0,29709.9,29703.9,29708.6,178.0
1783667040,29708.6,29715.4,29708.0,29714.9,150.0
1783667100,29713.9,29716.1,29710.1,29716.1,172.0
1783667160,29715.4,29715.5,29710.2,29711.0,145.0
1783667220,29711.0,29716.5,29710.5,29711.9,148.0
1783667280,29712.0,29714.4,29709.5,29712.1,137.0
1783667340,29712.1,29712.1,29706.7,29708.6,163.0
1783667400,29708.6,29713.2,29707.6,29711.6,130.0
1783667460,29711.7,29719.5,29711.7,29715.2,131.0
1783667520,29715.1,29720.9,29713.0,29718.6,170.0
1783667580,29718.6,29718.6,29715.7,29718.4,138.0
1783667640,29718.1,29722.2,29716.5,29720.5,123.0
1783667700,29720.6,29722.2,29709.5,29711.2,171.0
1783667760,29711.2,29716.2,29710.0,29715.2,167.0
1783667820,29715.2,29717.5,29714.6,29714.6,131.0
1783667880,29714.6,29715.6,29711.1,29714.0,136.0
1783667940,29713.9,29717.7,29712.4,29717.4,168.0
1783668000,29717.4,29719.2,29712.9,29713.9,126.0
1783668060,29714.1,29714.4,29698.4,29698.4,156.0
1783668120,29698.4,29703.2,29698.0,29702.5,165.0
1783668180,29702.4,29702.5,29698.1,29699.9,164.0
1783668240,29699.9,29701.4,29692.9,29694.6,149.0
1783668300,29694.6,29697.7,29691.6,29697.7,162.0
1783668360,29697.6,29700.7,29694.5,29699.7,154.0
1783668420,29699.6,29702.0,29698.4,29701.5,139.0
1783668480,29701.5,29704.6,29701.1,29704.1,147.0
1783668540,29704.0,29704.2,29699.6,29701.6,151.0
1783668600,29701.2,29703.5,29697.5,29700.7,186.0
1783668660,29700.9,29701.5,29691.7,29693.0,153.0
1783668720,29693.0,29693.6,29688.1,29690.6,155.0
1783668780,29690.6,29690.6,29680.5,29685.2,145.0
1783668840,29685.1,29686.4,29681.9,29682.6,129.0
1783668900,29682.4,29687.7,29682.4,29687.5,155.0
1783668960,29687.5,29688.6,29683.2,29683.6,128.0
1783669020,29683.7,29686.6,29683.5,29684.4,118.0
1783669080,29684.2,29689.4,29680.7,29686.7,142.0
1783669140,29686.6,29694.1,29685.7,29690.4,158.0
1783669200,29690.2,29694.0,29688.4,29692.5,175.0
1783669260,29692.2,29696.5,29689.5,29692.6,164.0
1783669320,29692.4,29694.1,29689.1,29689.9,157.0
1783669380,29689.9,29693.7,29687.9,29689.2,148.0
1783669440,29689.4,29691.6,29688.6,29689.6,122.0
1783669500,29689.6,29691.6,29679.0,29680.6,176.0
1783669560,29681.1,29683.7,29679.9,29680.7,151.0
1783669620,29680.7,29690.2,29678.2,29689.4,144.0
1783669680,29689.4,29691.1,29682.2,29682.2,126.0
1783669740,29681.6,29685.4,29677.9,29677.9,163.0
1783669800,29677.2,29678.0,29672.1,29675.7,141.0
1783669860,29674.7,29676.0,29672.1,29672.6,143.0
1783669920,29672.6,29672.7,29666.5,29668.7,154.0
1783669980,29668.7,29669.7,29660.7,29661.0,173.0
1783670040,29660.6,29667.0,29659.1,29666.4,184.0
1783670100,29666.4,29672.9,29661.1,29671.1,166.0
1783670160,29671.0,29672.7,29656.9,29656.9,172.0
1783670220,29656.9,29657.9,29650.0,29651.5,188.0
1783670280,29652.7,29657.0,29650.7,29655.7,185.0
1783670340,29655.7,29656.9,29651.7,29656.6,164.0
1783670400,29657.1,29660.2,29649.1,29652.5,221.0
1783670460,29653.0,29655.2,29646.2,29651.4,179.0
1783670520,29651.5,29655.5,29646.9,29652.6,180.0
1783670580,29653.2,29653.2,29642.5,29644.6,190.0
1783670640,29644.5,29648.7,29643.1,29647.1,178.0
1783670700,29647.2,29654.2,29645.9,29650.4,205.0
1783670760,29649.9,29654.6,29649.9,29650.9,172.0
1783670820,29650.9,29654.6,29649.5,29653.0,161.0
1783670880,29653.0,29653.0,29639.9,29642.2,185.0
1783670940,29642.0,29644.5,29640.6,29642.0,176.0
1783671000,29641.6,29652.5,29641.0,29652.5,192.0
1783671060,29652.6,29654.7,29647.7,29652.4,183.0
1783671120,29652.4,29657.0,29651.2,29655.4,192.0
1783671180,29655.4,29658.0,29653.5,29655.7,150.0
1783671240,29655.9,29659.1,29652.9,29656.9,165.0
1783671300,29657.2,29670.5,29655.6,29667.9,175.0
1783671360,29668.2,29669.9,29661.0,29662.0,179.0
1783671420,29661.9,29663.0,29654.6,29660.1,169.0
1783671480,29659.9,29661.5,29654.1,29656.6,167.0
1783671540,29656.6,29663.9,29655.2,29660.6,173.0
1783671600,29660.6,29660.6,29650.9,29659.7,180.0
1783671660,29658.6,29661.0,29649.5,29650.5,191.0
1783671720,29650.1,29652.0,29646.0,29650.4,168.0
1783671780,29650.7,29651.7,29646.1,29646.9,165.0
1783671840,29646.9,29652.6,29644.6,29652.0,163.0
1783671900,29652.0,29655.2,29650.4,29654.1,158.0
1783671960,29654.1,29654.7,29648.0,29648.0,138.0
1783672020,29648.0,29649.4,29644.6,29647.0,150.0
1783672080,29647.1,29651.9,29645.7,29649.5,159.0
1783672140,29649.5,29656.2,29646.7,29650.6,189.0
1783672200,29650.2,29652.9,29639.1,29640.1,198.0
1783672260,29641.0,29647.7,29637.5,29643.7,192.0
1783672320,29643.5,29653.4,29643.5,29651.0,183.0
1783672380,29651.4,29653.2,29646.1,29646.2,168.0
1783672440,29646.2,29651.2,29645.6,29650.6,166.0
1783672500,29650.6,29655.0,29648.2,29649.1,137.0
1783672560,29649.1,29655.1,29645.1,29652.6,155.0
1783672620,29652.9,29652.9,29639.7,29640.5,142.0
1783672680,29640.9,29644.4,29638.0,29639.6,170.0
1783672740,29639.9,29641.1,29636.9,29637.1,156.0
1783672800,29637.4,29647.7,29635.2,29644.2,192.0
1783672860,29644.1,29644.1,29635.1,29638.1,167.0
1783672920,29638.1,29641.1,29626.2,29641.1,171.0
1783672980,29640.9,29644.5,29636.9,29643.0,173.0
1783673040,29643.0,29649.1,29641.1,29649.1,169.0
1783673100,29648.9,29648.9,29640.2,29647.0,191.0
1783673160,29647.1,29648.4,29641.1,29642.1,178.0
1783673220,29642.1,29644.4,29640.2,29643.1,165.0
1783673280,29643.0,29646.9,29643.0,29644.4,165.0
1783673340,29644.1,29645.1,29633.2,29633.6,200.0
1783673400,29633.6,29639.4,29632.6,29634.4,164.0
1783673460,29634.0,29645.0,29634.0,29644.2,192.0
1783673520,29644.4,29646.7,29636.4,29637.0,193.0
1783673580,29635.9,29636.6,29630.4,29630.5,175.0
1783673640,29630.9,29633.4,29627.5,29627.7,156.0
1783673700,29627.7,29629.6,29625.7,29628.9,172.0
1783673760,29628.6,29628.9,29618.0,29624.2,185.0
1783673820,29624.2,29626.2,29617.1,29619.2,200.0
1783673880,29619.2,29621.2,29616.2,29617.9,169.0
1783673940,29618.0,29620.1,29614.5,29619.7,179.0
1783674000,29621.6,29628.2,29613.7,29625.4,233.0
1783674060,29625.9,29631.0,29617.2,29617.2,209.0
1783674120,29616.5,29625.7,29616.5,29625.1,191.0
1783674180,29625.1,29625.5,29617.4,29620.1,206.0
1783674240,29619.9,29627.0,29616.1,29625.0,195.0
1783674300,29624.8,29628.7,29616.0,29617.7,183.0
1783674360,29617.7,29618.8,29605.5,29608.3,195.0
1783674420,29608.3,29612.6,29606.2,29607.5,187.0
1783674480,29607.2,29622.1,29605.0,29618.7,211.0
1783674540,29618.7,29619.0,29605.0,29607.3,192.0
1783674600,29607.1,29608.6,29601.2,29605.0,193.0
1783674660,29605.0,29606.3,29595.6,29602.7,186.0
1783674720,29603.3,29606.1,29594.5,29597.6,167.0
1783674780,29597.6,29602.5,29597.5,29600.5,182.0
1783674840,29600.3,29603.0,29597.3,29600.2,188.0
1783674900,29600.2,29604.5,29594.7,29597.2,184.0
1783674960,29596.8,29600.6,29593.7,29595.5,172.0
1783675020,29595.7,29598.7,29590.6,29590.8,193.0
1783675080,29590.8,29594.1,29588.5,29592.7,170.0
1783675140,29593.0,29593.5,29585.3,29590.3,184.0
1783675200,29589.8,29590.8,29580.1,29588.1,189.0
1783675260,29587.8,29588.1,29568.1,29568.1,205.0
1783675320,29568.2,29571.7,29563.2,29566.7,214.0
1783675380,29566.6,29568.6,29558.7,29563.1,192.0
1783675440,29563.2,29564.1,29554.6,29555.6,190.0
1783675500,29556.1,29558.3,29549.7,29558.3,194.0
1783675560,29558.1,29566.5,29555.7,29566.0,193.0
1783675620,29565.7,29567.5,29560.1,29563.5,167.0
1783675680,29563.0,29563.0,29554.7,29561.7,191.0
1783675740,29561.7,29567.0,29561.7,29564.1,182.0
1783675800,29563.6,29592.7,29559.5,29592.5,226.0
1783675860,29592.6,29596.5,29588.7,29595.2,185.0
1783675920,29595.2,29596.5,29590.3,29594.2,201.0
1783675980,29594.6,29605.0,29594.0,29601.8,215.0
1783676040,29601.3,29601.8,29586.2,29586.2,179.0
1783676100,29586.2,29589.1,29582.0,29587.3,165.0
1783676160,29587.3,29587.8,29579.0,29579.8,153.0
1783676220,29579.7,29582.1,29574.5,29582.0,161.0
1783676280,29581.8,29586.2,29571.5,29571.7,158.0
1783676340,29572.2,29572.2,29562.0,29568.6,171.0
1783676400,29568.7,29574.1,29565.5,29571.7,170.0
1783676460,29571.8,29574.2,29566.8,29573.7,143.0
1783676520,29573.7,29586.2,29572.5,29585.0,161.0
1783676580,29585.0,29593.6,29580.7,29589.3,136.0
1783676640,29589.3,29593.2,29588.1,29588.8,114.0
1783676700,29588.8,29595.3,29587.5,29595.2,150.0
1783676760,29595.3,29595.6,29591.0,29591.0,109.0
1783676820,29590.5,29592.2,29585.0,29591.3,133.0
1783676880,29591.3,29595.2,29590.6,29593.7,118.0
1783676940,29593.8,29596.3,29592.8,29595.7,86.0
1783677000,29595.7,29600.3,29595.2,29597.0,117.0
1783677060,29597.0,29603.7,29595.6,29602.3,126.0
1783677120,29601.6,29606.1,29599.8,29605.2,154.0
1783677180,29605.3,29606.1,29599.7,29600.3,114.0
1783677240,29600.3,29601.1,29598.0,29600.6,102.0
1783677300,29600.6,29600.6,29591.1,29592.7,148.0
1783677360,29592.7,29597.7,29591.0,29597.7,95.0
1783677420,29597.6,29603.6,29594.7,29603.1,112.0
1783677480,29603.1,29603.2,29599.2,29600.1,129.0
1783677540,29600.2,29605.1,29592.7,29593.6,153.0
1783677600,29594.6,29595.6,29577.5,29580.6,218.0
1783677660,29580.7,29586.1,29578.7,29584.0,195.0
1783677720,29584.0,29585.5,29575.3,29584.7,192.0
1783677780,29584.7,29590.3,29580.6,29590.3,171.0
1783677840,29590.0,29596.5,29590.0,29595.0,187.0
1783677900,29594.7,29599.3,29594.0,29597.7,176.0
1783677960,29597.7,29597.7,29588.2,29591.0,183.0
1783678020,29590.7,29595.1,29584.1,29585.7,151.0
1783678080,29585.7,29585.7,29572.6,29573.1,136.0
1783678140,29572.8,29579.1,29572.3,29577.5,167.0
1783678200,29577.3,29580.1,29570.0,29577.5,184.0
1783678260,29577.5,29579.5,29572.7,29576.0,173.0
1783678320,29576.3,29587.7,29575.8,29578.6,148.0
1783678380,29578.7,29584.7,29573.3,29577.5,180.0
1783678440,29576.6,29587.3,29574.3,29587.3,154.0
1783678500,29587.3,29587.7,29567.1,29567.8,181.0
1783678560,29566.8,29580.6,29565.6,29580.6,186.0
1783678620,29580.0,29597.6,29579.6,29597.6,177.0
1783678680,29597.2,29599.2,29586.3,29588.5,162.0
1783678740,29588.7,29591.6,29578.1,29580.5,163.0
1783678800,29580.6,29583.3,29576.0,29576.0,171.0
1783678860,29576.0,29580.7,29572.3,29580.7,159.0
1783678920,29580.8,29581.1,29573.3,29573.7,136.0
1783678980,29573.2,29578.5,29571.6,29577.7,151.0
1783679040,29577.8,29591.1,29576.6,29587.8,128.0
1783679100,29588.0,29594.0,29583.5,29590.8,155.0
1783679160,29590.8,29592.3,29584.7,29588.6,159.0
1783679220,29589.0,29591.2,29580.5,29582.7,170.0
1783679280,29583.8,29587.6,29580.5,29587.6,150.0
1783679340,29587.7,29592.6,29584.3,29590.7,153.0
1783679400,29589.7,29592.5,29585.3,29589.8,157.0
1783679460,29589.7,29590.6,29581.7,29586.3,162.0
1783679520,29586.3,29589.2,29586.1,29588.6,130.0
1783679580,29588.6,29589.3,29579.8,29580.3,134.0
1783679640,29580.1,29586.1,29578.2,29583.1,180.0
1783679700,29583.1,29586.6,29581.6,29584.3,147.0
1783679760,29584.5,29584.6,29577.5,29579.5,139.0
1783679820,29579.8,29580.1,29574.5,29576.2,131.0
1783679880,29577.1,29580.6,29574.5,29580.5,145.0
1783679940,29580.5,29584.6,29577.6,29582.1,169.0
1783680000,29582.3,29582.3,29576.0,29578.0,140.0
1783680060,29578.0,29579.3,29569.7,29572.7,162.0
1783680120,29572.7,29575.3,29569.6,29571.2,124.0
1783680180,29571.2,29575.2,29567.8,29569.6,124.0
1783680240,29569.7,29575.1,29569.7,29571.0,129.0
1783680300,29571.0,29573.2,29560.6,29561.6,192.0
1783680360,29561.5,29566.5,29559.7,29561.7,166.0
1783680420,29561.7,29563.1,29555.8,29562.8,177.0
1783680480,29563.5,29564.1,29556.7,29563.6,141.0
1783680540,29562.3,29565.6,29558.6,29564.8,165.0
1783680600,29565.0,29567.1,29562.7,29567.0,154.0
1783680660,29567.0,29569.5,29558.2,29560.5,161.0
1783680720,29560.7,29562.7,29554.5,29554.5,146.0
1783680780,29554.5,29558.1,29546.8,29547.2,174.0
1783680840,29547.2,29550.0,29540.6,29543.2,169.0
1783680900,29543.1,29546.2,29540.2,29540.6,151.0
1783680960,29540.6,29543.3,29537.7,29538.8,119.0
1783681020,29538.8,29542.6,29537.6,29541.7,135.0
1783681080,29542.0,29550.3,29540.8,29547.3,148.0
1783681140,29547.5,29550.5,29544.8,29547.7,127.0
1783681200,29547.5,29557.1,29542.6,29547.6,228.0
1783681260,29547.2,29557.3,29535.3,29539.5,240.0
1783681320,29537.3,29540.0,29527.0,29534.1,238.0
1783681380,29533.1,29536.7,29526.0,29536.3,230.0
1783681440,29536.2,29539.1,29528.8,29531.0,196.0
1783681500,29531.1,29533.5,29519.5,29521.3,214.0
1783681560,29521.3,29525.5,29517.6,29518.6,213.0
1783681620,29518.6,29536.6,29518.6,29535.0,200.0
1783681680,29535.0,29552.0,29532.8,29551.3,202.0
1783681740,29551.3,29556.7,29548.2,29556.3,209.0
1783681800,29556.6,29571.0,29556.6,29566.0,201.0
1783681860,29566.0,29567.5,29558.3,29560.5,170.0
1783681920,29560.5,29562.1,29553.8,29557.6,183.0
1783681980,29557.6,29562.7,29553.2,29562.7,164.0
1783682040,29562.7,29573.6,29561.5,29570.2,160.0
1783682100,29570.3,29578.1,29568.6,29576.0,184.0
1783682160,29576.0,29577.8,29566.7,29574.7,200.0
1783682220,29574.6,29576.6,29564.8,29571.1,154.0
1783682280,29570.8,29570.8,29561.6,29562.3,157.0
1783682340,29562.7,29567.8,29559.6,29564.6,161.0
1783682400,29564.0,29564.0,29555.0,29555.5,166.0
1783682460,29555.3,29556.6,29539.8,29542.0,189.0
1783682520,29542.0,29542.6,29532.5,29533.5,183.0
1783682580,29533.2,29541.2,29530.2,29541.2,192.0
1783682640,29541.6,29545.6,29537.7,29539.1,154.0
1783682700,29539.5,29552.5,29539.5,29550.3,171.0
1783682760,29549.8,29553.8,29545.5,29546.8,143.0
1783682820,29546.5,29546.5,29539.1,29545.1,156.0
1783682880,29545.1,29549.1,29543.8,29547.2,137.0
1783682940,29546.1,29547.3,29540.7,29542.2,173.0
1783683000,29542.6,29543.5,29529.7,29529.7,192.0
1783683060,29530.0,29539.0,29528.3,29538.6,181.0
1783683120,29539.3,29544.0,29534.5,29542.8,175.0
1783683180,29542.8,29547.2,29537.8,29537.8,173.0
1783683240,29537.8,29546.5,29537.3,29546.1,191.0
1783683300,29546.6,29554.8,29546.1,29552.2,185.0
1783683360,29552.2,29552.5,29541.5,29545.3,172.0
1783683420,29545.6,29545.6,29539.0,29540.8,170.0
1783683480,29540.8,29556.5,29539.8,29555.3,190.0
1783683540,29555.5,29558.8,29551.8,29553.0,163.0
1783683600,29552.8,29553.2,29535.7,29539.6,149.0
1783683660,29539.7,29542.0,29536.3,29539.5,150.0
1783683720,29539.8,29546.3,29538.5,29541.6,166.0
1783683780,29541.3,29549.8,29537.6,29549.8,172.0
1783683840,29549.7,29559.1,29549.5,29559.1,181.0
1783683900,29559.0,29559.6,29553.6,29556.6,157.0
1783683960,29556.6,29564.1,29555.3,29563.0,177.0
1783684020,29563.0,29567.1,29557.7,29557.8,195.0
1783684080,29558.0,29567.8,29557.2,29567.7,170.0
1783684140,29567.7,29569.2,29567.0,29567.3,154.0
1783684200,29567.2,29569.1,29560.5,29563.2,161.0
1783684260,29562.7,29563.5,29554.6,29557.7,153.0
1783684320,29557.7,29572.5,29556.5,29568.6,173.0
1783684380,29568.3,29569.5,29552.6,29553.6,175.0
1783684440,29553.6,29560.1,29553.6,29557.0,145.0
1783684500,29557.0,29561.8,29554.2,29555.1,143.0
1783684560,29555.1,29558.2,29552.1,29557.1,149.0
1783684620,29557.0,29557.0,29548.5,29551.1,145.0
1783684680,29551.2,29551.7,29546.2,29549.2,145.0
1783684740,29549.5,29553.5,29547.6,29547.7,141.0
1783684800,29547.7,29556.8,29544.6,29548.3,194.0
1783684860,29546.3,29546.5,29491.2,29510.2,255.0
1783684920,29510.0,29533.1,29509.1,29528.8,217.0
1783684980,29527.8,29541.3,29527.1,29541.3,208.0
1783685040,29541.3,29542.3,29532.8,29542.2,174.0
1783685100,29542.2,29550.5,29541.3,29547.2,181.0
1783685160,29547.3,29552.3,29541.5,29545.0,191.0
1783685220,29544.1,29545.2,29538.8,29541.7,160.0
1783685280,29541.8,29545.8,29537.5,29543.3,155.0
1783685340,29543.2,29551.8,29542.8,29550.3,178.0
1783685400,29550.2,29554.7,29548.3,29551.7,154.0
1783685460,29552.0,29563.5,29552.0,29562.5,156.0
1783685520,29562.2,29566.7,29560.2,29565.2,144.0
1783685580,29565.2,29571.6,29563.2,29571.0,156.0
1783685640,29571.7,29574.3,29568.2,29570.5,155.0
1783685700,29570.5,29585.6,29570.5,29582.6,188.0
1783685760,29583.3,29583.5,29576.2,29578.7,161.0
1783685820,29578.7,29586.3,29576.8,29586.3,150.0
1783685880,29586.3,29587.0,29584.6,29586.3,164.0
1783685940,29586.5,29590.1,29584.6,29589.5,158.0
1783686000,29589.5,29590.8,29579.6,29580.1,175.0
1783686060,29580.3,29580.3,29575.5,29576.5,155.0
1783686120,29576.6,29580.7,29575.0,29577.5,150.0
1783686180,29577.6,29577.8,29572.8,29575.7,140.0
1783686240,29575.7,29580.7,29575.0,29579.8,112.0
1783686300,29579.8,29582.7,29579.8,29580.6,138.0
1783686360,29580.7,29585.2,29579.0,29585.0,142.0
1783686420,29585.0,29590.8,29583.7,29590.2,160.0
1783686480,29590.2,29590.5,29583.7,29584.0,145.0
1783686540,29584.0,29587.3,29581.7,29586.0,114.0
1783686600,29586.0,29586.1,29580.1,29582.0,134.0
1783686660,29582.0,29588.3,29581.3,29586.7,139.0
1783686720,29587.0,29596.1,29586.5,29595.7,150.0
1783686780,29595.6,29598.0,29594.5,29597.5,149.0
1783686840,29597.5,29598.7,29594.2,29598.5,108.0
1783686900,29598.3,29598.7,29593.8,29596.7,137.0
1783686960,29596.7,29597.1,29586.1,29588.5,134.0
1783687020,29588.8,29593.7,29585.3,29593.2,134.0
1783687080,29593.2,29599.7,29592.5,29599.1,136.0
1783687140,29599.3,29601.1,29594.8,29600.6,133.0
1783687200,29600.3,29601.1,29594.2,29595.1,136.0
1783687260,29595.1,29596.6,29593.0,29595.0,111.0
1783687320,29595.1,29599.2,29591.3,29591.3,131.0
1783687380,29591.1,29591.5,29585.2,29589.3,138.0
1783687440,29589.3,29591.7,29586.5,29591.5,125.0
1783687500,29591.2,29600.1,29591.2,29600.0,169.0
1783687560,29600.0,29601.5,29595.2,29597.2,127.0
1783687620,29597.2,29601.1,29593.7,29596.5,157.0
1783687680,29594.1,29595.0,29587.5,29588.8,150.0
1783687740,29588.8,29591.6,29582.6,29584.0,154.0
1783687800,29584.0,29588.3,29583.2,29585.6,160.0
1783687860,29585.3,29589.6,29585.0,29585.8,158.0
1783687920,29585.8,29586.5,29578.3,29580.0,160.0
1783687980,29579.8,29585.6,29579.2,29580.5,154.0
1783688040,29580.6,29581.8,29578.5,29580.2,120.0
1783688100,29580.5,29584.1,29574.5,29583.5,146.0
1783688160,29583.5,29588.6,29580.6,29584.0,139.0
1783688220,29583.7,29594.3,29583.5,29594.3,145.0
1783688280,29594.3,29594.6,29590.7,29593.1,122.0
1783688340,29593.0,29594.5,29588.6,29589.2,132.0
1783688400,29589.2,29603.6,29589.2,29603.1,178.0
1783688460,29603.0,29603.0,29598.2,29602.6,158.0
1783688520,29602.0,29609.5,29600.2,29609.0,149.0
1783688580,29609.2,29612.7,29608.0,29608.5,144.0
1783688640,29608.7,29609.0,29604.2,29605.0,157.0
1783688700,29605.0,29614.7,29604.1,29614.7,136.0
1783688760,29614.7,29615.3,29607.6,29609.2,148.0
1783688820,29609.1,29609.7,29603.8,29605.5,130.0
1783688880,29605.5,29607.1,29603.2,29606.3,140.0
1783688940,29606.3,29613.8,29606.0,29612.3,137.0
1783689000,29612.7,29613.0,29607.5,29609.5,140.0
1783689060,29609.5,29611.7,29603.5,29604.5,147.0
1783689120,29604.5,29610.7,29602.1,29606.7,116.0
1783689180,29606.7,29608.5,29604.6,29607.6,117.0
1783689240,29608.0,29609.7,29606.2,29607.6,120.0
1783689300,29607.7,29610.3,29606.5,29606.8,109.0
1783689360,29607.2,29611.0,29604.2,29604.6,122.0
1783689420,29604.5,29604.7,29600.6,29604.1,139.0
1783689480,29604.1,29604.3,29600.0,29601.0,124.0
1783689540,29601.0,29602.8,29597.6,29600.3,105.0
1783689600,29600.3,29603.6,29597.8,29603.5,111.0
1783689660,29603.6,29607.7,29600.5,29607.6,158.0
1783689720,29607.5,29613.0,29580.5,29593.3,145.0
1783689780,29593.3,29598.2,29589.8,29597.5,156.0
1783689840,29597.6,29602.5,29596.0,29602.5,160.0
1783689900,29602.5,29604.5,29597.7,29597.7,132.0
1783689960,29597.7,29599.6,29592.8,29598.0,112.0
1783690020,29598.0,29605.8,29598.0,29605.5,105.0
1783690080,29605.0,29608.0,29600.6,29604.3,142.0
1783690140,29604.5,29613.0,29604.5,29612.2,114.0
1783690200,29612.5,29620.5,29612.2,29619.2,176.0
1783690260,29619.6,29624.8,29616.0,29616.5,159.0
1783690320,29616.5,29622.0,29614.7,29621.8,149.0
1783690380,29621.7,29628.6,29621.6,29627.8,161.0
1783690440,29627.8,29629.8,29625.3,29628.0,142.0
1783690500,29628.0,29628.3,29622.7,29623.8,135.0
1783690560,29623.8,29629.3,29618.6,29621.8,120.0
1783690620,29621.8,29626.3,29620.6,29625.5,123.0
1783690680,29625.6,29627.8,29624.6,29627.2,115.0
1783690740,29627.2,29628.7,29622.2,29622.7,128.0
1783690800,29622.8,29627.5,29621.6,29622.3,134.0
1783690860,29622.6,29625.3,29618.0,29618.2,123.0
1783690920,29618.3,29628.5,29618.1,29627.5,131.0
1783690980,29627.5,29632.5,29625.3,29629.1,146.0
1783691040,29629.1,29635.8,29626.6,29635.8,124.0
1783691100,29635.8,29636.0,29625.2,29627.3,142.0
1783691160,29627.3,29627.8,29624.0,29625.0,117.0
1783691220,29623.8,29627.6,29622.8,29626.0,127.0
1783691280,29626.0,29627.3,29617.7,29618.0,121.0
1783691340,29618.1,29618.6,29615.2,29616.8,132.0
1783691400,29616.8,29618.3,29614.5,29615.3,119.0
1783691460,29615.3,29619.3,29614.8,29615.5,144.0
1783691520,29615.6,29617.5,29609.6,29613.8,136.0
1783691580,29613.8,29616.7,29613.3,29613.8,139.0
1783691640,29613.5,29613.5,29609.1,29610.8,164.0
1783691700,29610.8,29615.3,29608.8,29615.3,134.0
1783691760,29615.6,29621.7,29615.2,29621.0,132.0
1783691820,29621.0,29626.0,29621.0,29622.3,135.0
1783691880,29622.8,29626.6,29620.7,29625.6,107.0
1783691940,29625.3,29626.6,29621.6,29624.5,132.0
1783692000,29625.3,29638.3,29623.3,29629.8,218.0
1783692060,29629.8,29639.8,29629.6,29639.3,186.0
1783692120,29639.6,29644.2,29637.8,29642.6,166.0
1783692180,29642.8,29646.7,29641.6,29645.2,170.0
1783692240,29645.3,29648.7,29643.5,29648.7,159.0
1783692300,29648.8,29648.8,29640.0,29644.3,165.0
1783692360,29644.3,29651.0,29641.3,29641.5,169.0
1783692420,29641.2,29643.1,29637.3,29641.8,152.0
1783692480,29641.8,29645.7,29637.0,29645.6,157.0
1783692540,29645.5,29645.7,29638.2,29639.0,135.0
1783692600,29639.0,29642.1,29637.0,29640.8,121.0
1783692660,29640.7,29648.5,29639.6,29647.3,144.0
1783692720,29647.5,29648.2,29642.3,29645.1,160.0
1783692780,29645.3,29645.7,29640.3,29641.6,142.0
1783692840,29641.3,29649.2,29640.0,29649.1,138.0
1783692900,29649.2,29656.5,29649.1,29656.2,168.0
1783692960,29656.3,29660.6,29656.1,29656.3,153.0
1783693020,29656.5,29660.5,29655.7,29657.1,144.0
1783693080,29657.1,29658.2,29654.3,29657.8,149.0
1783693140,29658.3,29658.3,29655.0,29655.0,143.0
1783693200,29655.1,29657.0,29653.0,29653.1,125.0
1783693260,29653.2,29655.1,29650.8,29654.5,138.0
1783693320,29654.0,29660.1,29652.6,29658.6,122.0
1783693380,29658.6,29661.5,29657.3,29660.6,147.0
1783693440,29660.6,29660.8,29656.1,29659.1,120.0
1783693500,29660.3,29660.3,29643.1,29643.6,175.0
1783693560,29643.6,29643.6,29625.5,29628.8,240.0
1783693620,29628.8,29639.2,29628.8,29638.0,162.0
1783693680,29638.5,29639.0,29634.2,29634.8,152.0
1783693740,29634.5,29635.7,29625.2,29626.2,156.0
1783693800,29626.2,29626.2,29603.3,29609.0,215.0
1783693860,29609.0,29610.7,29600.7,29603.6,208.0
1783693920,29603.7,29613.5,29603.7,29610.1,193.0
1783693980,29610.2,29613.7,29602.8,29605.3,155.0
1783694040,29605.0,29612.5,29598.2,29611.6,179.0
1783694100,29611.5,29614.3,29600.6,29604.6,172.0
1783694160,29604.5,29606.2,29600.3,29601.0,188.0
1783694220,29600.7,29602.7,29597.5,29600.7,133.0
1783694280,29600.5,29605.5,29588.2,29588.6,182.0
1783694340,29588.0,29596.8,29586.0,29593.0,204.0
1783694400,29593.0,29599.5,29592.3,29598.0,182.0
1783694460,29598.0,29607.0,29595.7,29607.0,167.0
1783694520,29607.1,29612.1,29607.1,29610.8,163.0
1783694580,29610.8,29612.7,29610.1,29610.7,147.0
1783694640,29610.8,29614.7,29609.2,29610.8,133.0
1783694700,29610.8,29616.0,29598.6,29612.3,164.0
1783694760,29612.5,29617.1,29604.1,29607.2,168.0
1783694820,29607.2,29611.7,29605.6,29608.8,114.0
1783694880,29608.7,29610.5,29604.3,29607.5,133.0
1783694940,29607.3,29610.3,29597.7,29600.5,148.0
1783695000,29600.5,29605.6,29598.3,29601.0,148.0
1783695060,29600.7,29608.0,29600.3,29606.5,153.0
1783695120,29606.5,29612.7,29605.2,29605.8,148.0
1783695180,29605.8,29608.0,29602.6,29604.6,146.0
1783695240,29605.0,29605.6,29591.8,29591.8,172.0
1783695300,29592.1,29601.1,29592.1,29600.0,160.0
1783695360,29600.6,29601.2,29585.6,29586.5,186.0
1783695420,29586.3,29588.3,29581.7,29584.5,176.0
1783695480,29585.0,29588.1,29581.2,29587.0,162.0
1783695540,29586.8,29590.5,29584.0,29589.3,154.0
1783695600,29590.7,29592.7,29581.7,29589.5,182.0
1783695660,29589.2,29594.2,29587.0,29589.7,172.0
1783695720,29589.7,29592.3,29566.0,29566.8,164.0
1783695780,29566.8,29571.7,29566.0,29568.5,198.0
1783695840,29567.2,29570.1,29556.5,29558.3,193.0
1783695900,29558.5,29561.2,29546.0,29558.1,239.0
1783695960,29558.0,29565.6,29557.5,29563.7,193.0
1783696020,29564.2,29565.1,29554.2,29557.8,207.0
1783696080,29557.7,29558.0,29547.3,29547.6,173.0
1783696140,29548.3,29567.7,29548.3,29566.2,172.0
1783696200,29566.2,29568.7,29563.3,29566.6,164.0
1783696260,29567.0,29569.7,29561.7,29563.2,157.0
1783696320,29563.7,29565.8,29558.1,29564.6,192.0
1783696380,29564.0,29652.3,29554.5,29647.8,206.0
1783696440,29642.0,29646.5,29606.1,29619.2,275.0
1783696500,29619.2,29620.1,29607.2,29608.0,193.0
1783696560,29607.8,29615.2,29601.3,29602.2,227.0
1783696620,29602.2,29621.8,29600.1,29617.2,234.0
1783696680,29617.1,29618.1,29602.6,29608.3,228.0
1783696740,29608.2,29609.3,29600.8,29609.0,205.0
1783696800,29609.3,29616.7,29607.1,29616.3,205.0
1783696860,29616.3,29621.3,29605.3,29605.6,178.0
1783696920,29605.5,29613.6,29602.0,29608.1,190.0
1783696980,29608.1,29611.0,29601.6,29611.0,185.0
1783697040,29610.6,29619.5,29610.6,29617.8,142.0
1783697100,29617.1,29623.0,29613.7,29615.3,169.0
1783697160,29615.6,29625.5,29614.0,29624.7,155.0
1783697220,29625.3,29628.6,29622.6,29626.2,172.0
1783697280,29626.3,29630.6,29625.8,29628.3,101.0
1783697340,29627.8,29627.8,29623.0,29624.5,112.0
1783697400,29625.3,29626.7,29613.1,29614.5,193.0
1783697460,29614.7,29624.5,29614.5,29624.5,192.0
1783697520,29624.8,29627.3,29610.6,29611.8,177.0
1783697580,29611.7,29625.6,29609.5,29624.7,187.0
1783697640,29625.3,29626.8,29616.2,29616.7,197.0
1783697700,29616.1,29617.7,29598.7,29607.6,211.0
1783697760,29607.3,29609.0,29603.6,29606.6,183.0
1783697820,29606.6,29607.0,29596.5,29597.0,183.0
1783697880,29597.0,29608.6,29594.5,29608.5,192.0
1783697940,29608.2,29632.2,29608.2,29631.0,225.0
1783698000,29631.1,29634.7,29626.2,29627.1,213.0
1783698060,29627.1,29627.1,29606.5,29609.6,205.0
1783698120,29609.5,29612.7,29606.8,29609.3,202.0
1783698180,29609.1,29613.5,29601.6,29613.2,195.0
1783698240,29613.0,29613.2,29596.0,29598.8,202.0
1783698300,29598.1,29608.6,29598.1,29604.0,184.0
1783698360,29603.8,29604.6,29593.3,29598.5,196.0
1783698420,29598.6,29606.6,29598.1,29599.1,173.0
1783698480,29599.1,29615.8,29598.0,29608.5,202.0
1783698540,29607.3,29607.7,29592.0,29599.8,196.0
1783698600,29600.3,29603.1,29598.3,29601.3,180.0
1783698660,29601.3,29605.3,29597.7,29603.7,173.0
1783698720,29603.3,29608.5,29599.3,29602.6,202.0
1783698780,29602.6,29606.2,29593.1,29600.8,202.0
1783698840,29601.1,29603.6,29593.8,29595.1,187.0
1783698900,29595.3,29609.2,29594.0,29604.7,192.0
1783698960,29604.7,29605.6,29600.1,29603.7,173.0
1783699020,29603.7,29603.7,29587.2,29588.0,176.0
1783699080,29587.8,29587.8,29579.1,29582.3,210.0
1783699140,29582.1,29585.6,29574.3,29574.5,200.0
1783699200,29574.3,29583.1,29571.7,29580.0,229.0
1783699260,29580.0,29586.7,29579.6,29586.1,204.0
1783699320,29587.2,29592.7,29581.6,29584.8,205.0
1783699380,29584.6,29585.8,29566.5,29567.6,232.0
1783699440,29567.3,29578.6,29565.7,29578.6,190.0
1783699500,29578.1,29588.8,29578.1,29587.0,213.0
1783699560,29586.7,29594.7,29579.5,29594.7,211.0
1783699620,29595.7,29600.2,29583.6,29584.7,226.0
1783699680,29584.7,29589.1,29577.1,29580.0,207.0
1783699740,29579.8,29581.2,29575.6,29578.1,186.0
1783699800,29577.6,29585.0,29573.0,29578.3,222.0
1783699860,29577.8,29577.8,29566.2,29566.3,202.0
1783699920,29567.5,29585.1,29565.8,29582.3,189.0
1783699980,29582.3,29585.3,29580.5,29584.6,171.0
1783700040,29583.3,29586.6,29581.3,29586.0,152.0
1783700100,29586.1,29588.2,29582.8,29585.8,182.0
1783700160,29585.8,29590.3,29576.5,29580.0,198.0
1783700220,29579.6,29587.3,29579.6,29585.1,158.0
1783700280,29585.2,29589.2,29582.1,29586.8,199.0
1783700340,29586.7,29598.3,29582.6,29593.1,204.0
1783700400,29593.2,29601.0,29593.2,29597.7,186.0
1783700460,29598.0,29603.3,29596.2,29596.2,195.0
1783700520,29596.2,29602.2,29594.3,29601.1,162.0
1783700580,29601.0,29609.5,29599.2,29606.1,198.0
1783700640,29606.3,29607.2,29597.1,29602.1,188.0
1783700700,29611.3,29624.3,29602.7,29617.5,232.0
1783700760,29617.3,29624.3,29611.8,29612.1,212.0
1783700820,29611.7,29611.7,29586.3,29590.8,240.0
1783700880,29600.5,29600.5,29585.2,29588.7,244.0
1783700940,29589.5,29612.2,29586.2,29612.2,232.0
1783701000,29609.3,29649.0,29588.2,29648.8,288.0
1783701060,29647.6,29666.1,29629.3,29657.6,289.0
1783701120,29657.1,29689.2,29642.8,29686.6,286.0
1783701180,29686.8,29694.7,29668.0,29680.1,260.0
1783701240,29678.6,29687.7,29671.1,29677.5,281.0
1783701300,29674.7,29699.9,29671.7,29672.7,281.0
1783701360,29672.9,29707.0,29655.5,29695.6,285.0
1783701420,29696.5,29710.5,29674.6,29674.6,277.0
1783701480,29671.4,29683.0,29662.4,29668.5,283.0
1783701540,29669.5,29673.1,29632.0,29639.4,273.0
1783701600,29638.2,29642.0,29573.0,29578.6,279.0
1783701660,29580.7,29619.7,29574.6,29602.9,283.0
1783701720,29602.5,29645.5,29595.9,29638.9,280.0
1783701780,29635.7,29643.0,29606.1,29643.0,289.0
1783701840,29642.4,29647.0,29623.5,29630.2,289.0
1783701900,29628.5,29661.9,29627.7,29648.2,286.0
1783701960,29649.0,29694.2,29638.4,29682.1,280.0
1783702020,29681.7,29689.2,29668.4,29675.6,279.0
1783702080,29675.6,29685.9,29670.0,29685.6,271.0
1783702140,29684.5,29723.2,29683.7,29715.0,271.0
1783702200,29714.5,29720.2,29689.2,29706.2,276.0
1783702260,29706.2,29712.6,29699.5,29704.5,275.0
1783702320,29702.9,29741.9,29702.9,29735.6,274.0
1783702380,29735.0,29740.7,29718.4,29727.7,275.0
1783702440,29726.7,29730.2,29709.6,29711.6,279.0
1783702500,29712.0,29712.5,29682.2,29697.7,278.0
1783702560,29696.1,29705.7,29684.5,29697.2,273.0
1783702620,29695.6,29707.9,29678.5,29694.1,282.0
1783702680,29693.6,29728.5,29693.6,29716.4,265.0
1783702740,29715.1,29721.6,29688.2,29697.7,271.0
1783702800,29696.5,29710.5,29688.2,29692.9,280.0
1783702860,29695.0,29722.2,29688.0,29716.7,279.0
1783702920,29717.1,29735.2,29711.5,29731.6,280.0
1783702980,29730.9,29730.9,29713.6,29723.1,284.0
1783703040,29722.0,29724.6,29702.0,29715.9,275.0
1783703100,29716.7,29727.6,29713.7,29721.2,271.0
1783703160,29720.6,29734.0,29705.2,29708.9,274.0
1783703220,29709.7,29711.9,29694.1,29696.5,275.0
1783703280,29696.5,29718.7,29681.6,29712.2,273.0
1783703340,29710.5,29738.0,29710.0,29735.5,281.0
1783703400,29735.5,29737.7,29714.9,29730.7,269.0
1783703460,29732.9,29732.9,29707.1,29723.9,269.0
1783703520,29723.7,29738.5,29718.2,29736.4,271.0
1783703580,29736.4,29739.2,29715.9,29732.9,270.0
1783703640,29731.1,29731.1,29710.5,29714.1,273.0
1783703700,29714.4,29715.6,29687.9,29695.2,272.0
1783703760,29696.0,29708.2,29685.1,29699.5,276.0
1783703820,29701.7,29725.2,29689.5,29721.0,275.0
1783703880,29721.0,29725.7,29688.6,29693.5,281.0
1783703940,29691.5,29694.6,29666.0,29678.7,273.0
1783704000,29679.5,29685.2,29667.0,29669.5,274.0
1783704060,29670.1,29670.2,29621.0,29639.5,277.0
1783704120,29638.9,29660.0,29632.6,29654.0,278.0
1783704180,29654.0,29678.0,29643.2,29678.0,276.0
1783704240,29678.0,29684.7,29657.6,29670.0,266.0
1783704300,29669.0,29669.0,29636.2,29656.4,280.0
1783704360,29656.7,29676.2,29648.2,29673.7,270.0
1783704420,29673.5,29701.0,29661.6,29699.4,268.0
1783704480,29699.9,29713.9,29696.2,29713.9,286.0
1783704540,29714.5,29715.7,29681.4,29681.6,271.0
1783704600,29681.5,29704.2,29676.5,29703.9,277.0
1783704660,29703.7,29706.6,29688.7,29706.6,273.0
1783704720,29707.4,29731.0,29538.9,29538.9,215.0
1783704780,29534.0,29607.1,29453.2,29607.1,297.0
1783704840,29606.7,29648.4,29603.6,29622.2,285.0
1783704900,29624.9,29657.0,29600.5,29602.2,288.0
1783704960,29606.9,29653.2,29595.9,29645.4,287.0
1783705020,29644.2,29657.2,29632.7,29651.4,284.0
1783705080,29653.0,29669.0,29636.6,29663.5,284.0
1783705140,29663.6,29668.4,29644.4,29654.9,284.0
1783705200,29654.6,29658.9,29637.4,29650.6,276.0
1783705260,29649.1,29649.1,29615.1,29621.5,285.0
1783705320,29622.1,29651.9,29622.1,29634.0,278.0
1783705380,29632.6,29644.0,29629.2,29633.6,278.0
1783705440,29632.9,29675.7,29620.7,29664.9,277.0
1783705500,29662.1,29679.0,29644.0,29663.7,277.0
1783705560,29662.0,29667.6,29640.4,29646.9,277.0
1783705620,29647.4,29665.2,29645.0,29652.0,278.0
1783705680,29651.9,29660.7,29637.2,29644.7,270.0
1783705740,29644.0,29680.2,29642.1,29675.5,269.0
1783705800,29676.6,29686.4,29654.7,29656.1,271.0
1783705860,29657.0,29671.4,29643.6,29661.7,259.0
1783705920,29662.1,29675.1,29649.4,29652.6,269.0
1783705980,29652.4,29655.4,29626.9,29642.5,268.0
1783706040,29643.1,29644.4,29625.0,29628.4,279.0
1783706100,29628.7,29636.9,29602.2,29602.5,271.0
1783706160,29603.4,29604.5,29583.2,29594.9,284.0
1783706220,29595.2,29623.4,29590.0,29619.7,278.0
1783706280,29620.7,29627.0,29587.7,29595.0,281.0
1783706340,29594.9,29603.4,29584.6,29591.7,263.0
1783706400,29595.2,29603.9,29567.1,29589.7,281.0
1783706460,29590.5,29597.4,29573.9,29582.4,280.0
1783706520,29582.5,29598.6,29577.9,29584.5,267.0
1783706580,29584.5,29606.2,29580.2,29600.5,271.0
1783706640,29601.4,29603.5,29569.5,29577.6,276.0
1783706700,29577.5,29588.2,29555.0,29575.1,277.0
1783706760,29574.0,29586.2,29557.7,29582.1,273.0
1783706820,29581.7,29620.5,29581.5,29612.5,281.0
1783706880,29612.2,29632.9,29612.2,29628.6,271.0
1783706940,29629.0,29635.7,29621.0,29635.6,272.0
1783707000,29634.2,29657.9,29633.7,29650.5,258.0
1783707060,29650.7,29655.5,29635.5,29651.0,260.0
1783707120,29650.5,29654.9,29637.4,29642.4,263.0
1783707180,29641.9,29657.4,29636.1,29647.9,260.0
1783707240,29647.6,29654.0,29640.5,29649.0,269.0
1783707300,29648.6,29688.0,29647.5,29685.4,271.0
1783707360,29685.6,29731.1,29685.6,29713.6,277.0
1783707420,29712.9,29718.7,29706.6,29708.6,269.0
1783707480,29708.9,29711.6,29695.0,29704.6,266.0
1783707540,29703.5,29703.9,29677.7,29703.4,260.0
1783707600,29704.4,29721.2,29691.5,29715.9,268.0
1783707660,29716.5,29722.1,29706.9,29713.9,257.0
1783707720,29714.0,29718.1,29704.9,29706.7,248.0
1783707780,29706.6,29725.6,29698.4,29720.5,257.0
1783707840,29721.1,29725.6,29711.5,29723.0,264.0
1783707900,29722.7,29746.9,29722.7,29734.1,261.0
1783707960,29734.0,29748.0,29731.6,29740.9,257.0
1783708020,29740.9,29761.0,29736.4,29753.1,247.0
1783708080,29753.1,29756.6,29746.7,29754.1,246.0
1783708140,29754.2,29757.9,29739.4,29753.2,259.0
1783708200,29753.6,29764.9,29750.5,29751.2,267.0
1783708260,29752.5,29755.5,29737.7,29752.9,264.0
1783708320,29752.7,29764.4,29752.5,29761.2,274.0
1783708380,29759.6,29764.2,29753.2,29757.0,261.0
1783708440,29756.5,29757.5,29745.9,29756.1,264.0
1783708500,29755.9,29757.2,29724.7,29726.5,275.0
1783708560,29725.7,29736.6,29721.6,29727.6,266.0
1783708620,29728.1,29735.4,29722.7,29734.4,262.0
1783708680,29734.5,29741.1,29716.5,29717.6,255.0
1783708740,29717.4,29717.4,29687.1,29691.6,266.0
1783708800,29690.9,29694.0,29676.0,29682.6,276.0
1783708860,29683.9,29685.9,29641.9,29661.1,283.0
1783708920,29661.6,29661.6,29609.1,29616.4,284.0
1783708980,29617.4,29638.4,29608.4,29630.1,271.0
1783709040,29628.1,29657.9,29628.1,29649.1,281.0
1783709100,29647.9,29649.0,29622.1,29638.5,278.0
1783709160,29638.4,29661.7,29637.0,29657.0,275.0
1783709220,29657.0,29674.4,29645.7,29670.2,262.0
1783709280,29669.2,29679.2,29662.9,29666.4,265.0
1783709340,29667.0,29694.4,29665.6,29686.2,258.0
1783709400,29684.9,29692.4,29678.0,29684.5,272.0
1783709460,29684.5,29695.9,29677.4,29680.5,262.0
1783709520,29680.9,29709.1,29680.1,29700.1,269.0
1783709580,29700.6,29708.7,29696.9,29700.7,256.0
1783709640,29700.5,29712.4,29698.4,29704.7,247.0
1783709700,29704.9,29705.9,29695.6,29702.7,246.0
1783709760,29703.5,29715.4,29695.6,29702.9,246.0
1783709820,29703.2,29712.6,29688.7,29709.2,258.0
1783709880,29709.1,29715.1,29699.4,29711.2,239.0
1783709940,29711.5,29722.1,29710.0,29719.0,236.0
1783710000,29720.9,29749.0,29720.7,29746.0,255.0
1783710060,29745.7,29755.2,29736.2,29741.4,249.0
1783710120,29741.9,29748.6,29739.0,29746.2,240.0
1783710180,29745.1,29750.2,29738.7,29738.7,239.0
1783710240,29740.1,29758.7,29740.1,29755.7,249.0
1783710300,29756.0,29762.2,29742.0,29743.1,247.0
1783710360,29744.1,29755.1,29742.6,29745.9,241.0
1783710420,29745.2,29755.1,29743.1,29752.1,235.0
1783710480,29751.7,29753.1,29740.7,29745.6,233.0
1783710540,29745.7,29749.0,29737.7,29746.2,238.0
1783710600,29745.7,29759.0,29743.6,29755.6,243.0
1783710660,29755.9,29760.2,29737.5,29750.6,235.0
1783710720,29750.6,29753.0,29738.5,29752.7,251.0
1783710780,29752.5,29759.6,29748.6,29756.1,221.0
1783710840,29756.0,29762.0,29751.9,29755.6,225.0
1783710900,29755.4,29769.9,29755.4,29767.4,222.0
1783710960,29767.0,29790.7,29766.6,29785.0,253.0
1783711020,29784.5,29787.4,29781.6,29786.7,242.0
1783711080,29786.4,29790.5,29775.1,29775.5,234.0
1783711140,29775.9,29791.1,29773.1,29790.6,234.0
1783711200,29791.1,29796.5,29785.9,29795.1,251.0
1783711260,29794.9,29794.9,29779.1,29783.0,241.0
1783711320,29782.9,29790.0,29774.0,29788.0,242.0
1783711380,29788.0,29793.6,29782.4,29790.6,221.0
1783711440,29790.4,29796.2,29786.4,29787.9,237.0
1783711500,29787.5,29788.4,29775.0,29775.4,231.0
1783711560,29775.2,29790.5,29775.2,29785.4,249.0
1783711620,29786.1,29800.6,29786.1,29796.5,234.0
1783711680,29797.6,29803.0,29789.9,29791.6,221.0
1783711740,29791.5,29792.7,29783.9,29787.5,231.0
1783711800,29787.9,29795.0,29785.4,29789.1,254.0
1783711860,29789.0,29793.4,29785.4,29788.7,218.0
1783711920,29789.2,29795.2,29788.2,29790.5,223.0
1783711980,29791.0,29797.4,29790.6,29797.2,218.0
1783712040,29797.7,29799.9,29793.4,29797.0,223.0
1783712100,29797.0,29806.9,29796.4,29806.0,235.0
1783712160,29806.5,29807.5,29793.4,29793.5,238.0
1783712220,29792.4,29793.6,29779.4,29786.6,236.0
1783712280,29786.6,29787.1,29779.2,29781.9,220.0
1783712340,29782.0,29788.1,29778.9,29784.4,214.0
1783712400,29784.6,29798.7,29783.1,29792.9,231.0
1783712460,29793.4,29794.5,29790.5,29793.4,200.0
1783712520,29793.1,29797.4,29787.9,29788.1,212.0
1783712580,29788.5,29796.2,29787.9,29790.4,213.0
1783712640,29790.2,29793.1,29785.2,29791.0,221.0
1783712700,29790.7,29803.5,29789.9,29795.1,228.0
1783712760,29795.4,29806.1,29794.1,29802.1,231.0
1783712820,29801.6,29804.4,29797.4,29802.9,215.0
1783712880,29802.7,29804.7,29797.7,29799.6,195.0
1783712940,29799.6,29799.6,29791.6,29798.6,197.0
1783713000,29798.9,29813.6,29798.6,29811.6,217.0
1783713060,29811.4,29813.5,29803.2,29809.9,230.0
1783713120,29810.0,29816.1,29810.0,29814.9,210.0
1783713180,29815.1,29815.4,29800.7,29802.0,235.0
1783713240,29802.1,29803.7,29791.6,29801.9,235.0
1783713300,29802.2,29802.5,29786.9,29791.5,239.0
1783713360,29791.5,29795.9,29787.4,29791.9,227.0
1783713420,29792.2,29800.7,29789.9,29799.9,223.0
1783713480,29799.9,29808.7,29798.0,29806.6,220.0
1783713540,29807.1,29807.6,29799.5,29801.0,219.0
1783713600,29801.0,29807.2,29796.9,29797.0,231.0
1783713660,29797.0,29800.1,29788.1,29789.1,230.0
1783713720,29789.1,29790.6,29783.4,29785.9,205.0
1783713780,29785.9,29786.4,29779.2,29781.4,228.0
1783713840,29781.9,29784.2,29774.9,29780.4,244.0
1783713900,29780.9,29783.7,29774.0,29781.9,219.0
1783713960,29782.1,29795.1,29782.1,29790.7,224.0
1783714020,29790.5,29790.7,29783.2,29786.9,216.0
1783714080,29786.7,29797.7,29786.1,29792.7,226.0
1783714140,29792.6,29792.7,29779.9,29780.9,210.0
1783714200,29781.0,29791.1,29780.9,29788.1,229.0
1783714260,29788.2,29792.2,29783.1,29785.9,214.0
1783714320,29786.1,29788.4,29781.5,29787.4,211.0
1783714380,29787.5,29787.5,29776.1,29776.4,212.0
1783714440,29776.6,29790.9,29771.6,29789.9,230.0
1783714500,29789.7,29803.5,29787.7,29800.9,237.0
1783714560,29800.6,29800.6,29789.4,29790.5,214.0
1783714620,29790.6,29797.9,29789.7,29795.1,210.0
1783714680,29794.9,29795.9,29790.6,29792.0,185.0
1783714740,29791.6,29794.4,29785.5,29788.1,196.0
1783714800,29787.9,29796.0,29785.9,29795.7,207.0
1783714860,29795.6,29802.1,29792.6,29801.1,215.0
1783714920,29800.7,29804.0,29798.9,29799.9,206.0
1783714980,29799.6,29802.0,29796.4,29799.1,192.0
1783715040,29799.5,29810.5,29799.1,29809.5,224.0
1783715100,29809.9,29815.2,29808.1,29815.0,231.0
1783715160,29815.0,29821.6,29813.4,29820.6,216.0
1783715220,29820.4,29822.5,29814.4,29817.9,208.0
1783715280,29817.9,29824.6,29816.0,29822.1,223.0
1783715340,29822.1,29824.9,29820.1,29824.2,189.0
1783715400,29824.5,29831.9,29822.5,29825.6,247.0
1783715460,29825.7,29831.9,29822.1,29823.6,222.0
1783715520,29823.6,29825.9,29817.2,29822.5,230.0
1783715580,29822.5,29824.2,29818.0,29819.4,213.0
1783715640,29819.5,29821.2,29812.6,29820.0,217.0
1783715700,29820.0,29824.7,29815.6,29824.2,225.0
1783715760,29824.0,29833.7,29823.9,29831.7,213.0
1783715820,29831.7,29841.7,29830.0,29838.4,211.0
1783715880,29837.9,29842.1,29837.0,29838.2,220.0
1783715940,29838.6,29844.7,29836.9,29838.2,219.0
1783716000,29838.0,29843.5,29836.4,29840.6,203.0
1783716060,29840.6,29842.0,29835.1,29837.4,198.0
1783716120,29837.0,29839.1,29832.1,29834.2,214.0
1783716180,29834.2,29840.5,29833.4,29838.1,212.0
1783716240,29838.7,29841.6,29837.1,29838.9,181.0
1783716300,29839.5,29844.5,29837.0,29843.9,181.0
1783716360,29844.4,29845.6,29837.7,29839.2,182.0
1783716420,29839.2,29841.6,29838.4,29838.9,191.0
1783716480,29839.2,29840.4,29836.1,29836.5,187.0
1783716540,29836.5,29840.6,29834.7,29840.0,201.0
1783716600,29840.0,29843.2,29840.0,29841.9,152.0
1783716660,29841.9,29841.9,29832.9,29836.1,192.0
1783716720,29836.2,29841.2,29835.2,29837.7,169.0
1783716780,29837.9,29839.1,29832.5,29832.7,173.0
1783716840,29832.7,29834.9,29825.5,29827.0,215.0
1783716900,29826.5,29828.5,29823.2,29826.0,201.0
1783716960,29826.1,29828.4,29821.2,29824.4,201.0
1783717020,29824.4,29824.4,29813.1,29815.1,205.0
1783717080,29815.1,29818.1,29806.4,29806.5,220.0
1783717140,29806.5,29813.2,29806.1,29812.6,205.0
1783717200,29815.6,29822.5,29808.6,29820.6,234.0
1783717260,29820.9,29826.9,29817.9,29821.5,213.0
1783717320,29821.6,29823.2,29818.9,29822.2,215.0
1783717380,29822.4,29832.0,29822.1,29824.0,222.0
1783717440,29824.0,29824.7,29818.4,29823.0,217.0
1783717500,29822.1,29834.1,29822.0,29831.7,215.0
1783717560,29832.0,29833.5,29827.5,29831.7,216.0
1783717620,29831.7,29837.2,29821.4,29824.9,204.0
1783717680,29825.4,29827.9,29822.6,29823.6,195.0
1783717740,29823.6,29829.6,29820.6,29828.6,212.0
1783717800,29828.1,29841.0,29824.5,29832.0,217.0
1783717860,29832.2,29834.9,29825.1,29832.6,194.0
1783717920,29832.5,29839.4,29826.6,29828.0,199.0
1783717980,29828.4,29829.1,29821.4,29825.6,188.0
1783718040,29825.1,29827.7,29823.0,29823.9,172.0
1783718100,29823.9,29826.4,29815.7,29816.2,216.0
1783718160,29816.1,29816.9,29809.5,29813.5,215.0
1783718220,29813.5,29817.4,29810.7,29812.9,205.0
1783718280,29812.4,29817.6,29802.6,29804.1,229.0
1783718340,29804.2,29811.9,29802.4,29810.7,218.0
1783718400,29810.2,29814.0,29800.6,29805.1,230.0
1783718460,29805.2,29808.1,29802.1,29805.0,206.0
1783718520,29805.5,29811.5,29797.6,29809.1,216.0
1783718580,29809.0,29815.4,29807.2,29811.5,220.0
1783718640,29812.4,29826.5,29812.4,29821.0,203.0
1783718700,29821.1,29835.7,29820.1,29833.1,220.0
1783718760,29833.1,29836.7,29826.9,29828.6,212.0
1783718820,29829.6,29829.6,29823.1,29824.6,196.0
1783718880,29824.4,29825.0,29817.9,29819.1,210.0
1783718940,29818.9,29822.9,29815.2,29819.6,207.0
1783719000,29820.2,29823.6,29815.6,29823.2,222.0
1783719060,29823.2,29828.1,29818.5,29821.7,205.0
1783719120,29821.6,29823.1,29813.9,29815.4,208.0
1783719180,29815.4,29829.4,29815.2,29827.5,213.0
1783719240,29827.6,29831.5,29825.2,29828.7,189.0
1783719300,29828.5,29828.6,29821.6,29823.4,200.0
1783719360,29822.9,29824.5,29817.6,29817.9,198.0
1783719420,29816.5,29820.1,29809.1,29811.4,208.0
1783719480,29811.9,29813.0,29805.4,29809.4,208.0
1783719540,29810.5,29817.1,29810.5,29814.6,208.0
1783719600,29815.4,29822.0,29812.7,29820.5,203.0
1783719660,29820.4,29822.6,29813.6,29820.4,198.0
1783719720,29820.6,29821.0,29812.0,29820.4,201.0
1783719780,29820.4,29822.9,29813.7,29814.4,214.0
1783719840,29814.4,29815.4,29810.6,29814.0,210.0
1783719900,29813.0,29815.0,29810.1,29811.1,196.0
1783719960,29811.1,29818.1,29811.0,29815.7,211.0
1783720020,29815.6,29815.9,29808.7,29809.2,216.0
1783720080,29809.4,29812.1,29806.4,29807.2,190.0
1783720140,29807.0,29809.0,29804.4,29806.5,202.0
1783720200,29806.4,29809.4,29802.7,29806.6,205.0
1783720260,29806.6,29813.7,29806.0,29812.5,212.0
1783720320,29812.1,29818.2,29812.1,29817.4,206.0
1783720380,29817.6,29820.1,29815.0,29815.2,196.0
1783720440,29815.0,29815.6,29810.2,29810.2,191.0
1783720500,29810.5,29818.5,29809.1,29815.7,188.0
1783720560,29816.5,29821.5,29811.9,29813.0,208.0
1783720620,29812.7,29815.2,29811.7,29813.7,208.0
1783720680,29813.7,29818.0,29811.6,29814.7,201.0
1783720740,29814.2,29816.4,29809.9,29812.4,203.0
1783720800,29813.6,29815.9,29807.9,29814.0,211.0
1783720860,29813.7,29826.4,29813.4,29823.4,212.0
1783720920,29822.7,29825.2,29822.5,29824.2,196.0
1783720980,29824.2,29850.2,29823.1,29848.2,201.0
1783721040,29848.0,29849.7,29843.5,29845.0,220.0
1783721100,29845.0,29845.7,29839.4,29841.0,229.0
1783721160,29841.1,29844.0,29833.0,29837.2,221.0
1783721220,29837.4,29839.5,29832.5,29833.7,197.0
1783721280,29833.6,29834.4,29826.2,29826.7,202.0
1783721340,29827.1,29829.7,29820.6,29822.7,196.0
1783721400,29823.5,29827.6,29818.5,29822.5,217.0
1783721460,29822.9,29829.0,29818.9,29821.9,197.0
1783721520,29821.7,29829.5,29818.0,29825.4,203.0
1783721580,29825.5,29827.6,29822.2,29826.6,207.0
1783721640,29826.6,29834.5,29826.6,29833.1,201.0
1783721700,29833.2,29833.7,29824.9,29827.5,199.0
1783721760,29827.6,29832.7,29821.7,29822.9,211.0
1783721820,29822.9,29825.7,29811.9,29819.7,227.0
1783721880,29819.9,29824.7,29815.0,29824.2,209.0
1783721940,29824.2,29826.9,29821.0,29823.4,219.0
1783722000,29823.0,29825.0,29814.5,29817.1,215.0
1783722060,29817.4,29825.7,29814.2,29824.0,205.0
1783722120,29824.0,29826.5,29815.5,29818.0,214.0
1783722180,29818.2,29822.4,29814.5,29815.2,196.0
1783722240,29815.4,29818.5,29813.1,29813.1,180.0
1783722300,29813.1,29817.0,29810.7,29814.6,219.0
1783722360,29814.9,29822.0,29813.5,29822.0,198.0
1783722420,29821.6,29828.4,29820.1,29821.0,196.0
1783722480,29821.0,29823.2,29817.1,29820.4,180.0
1783722540,29820.4,29826.4,29820.0,29820.6,206.0
1783722600,29820.6,29836.0,29820.4,29832.4,256.0
1783722660,29831.7,29832.9,29825.5,29825.5,219.0
1783722720,29824.9,29837.6,29819.5,29829.1,235.0
1783722780,29829.1,29830.9,29826.4,29827.4,205.0
1783722840,29827.9,29828.7,29822.5,29825.9,218.0
1783722900,29826.2,29828.6,29821.7,29827.6,214.0
1783722960,29826.7,29830.1,29823.6,29827.6,203.0
1783723020,29827.0,29833.7,29827.0,29833.0,206.0
1783723080,29832.7,29841.5,29832.1,29834.5,209.0
1783723140,29835.0,29836.2,29829.9,29831.5,206.0
1783723200,29831.6,29838.9,29831.4,29835.0,207.0
1783723260,29835.6,29836.6,29829.5,29833.1,203.0
1783723320,29832.1,29840.7,29829.6,29839.6,188.0
1783723380,29839.5,29839.5,29832.0,29833.6,206.0
1783723440,29833.6,29836.4,29827.9,29827.9,203.0
1783723500,29827.9,29830.0,29823.4,29824.1,235.0
1783723560,29823.5,29831.0,29823.5,29827.1,225.0
1783723620,29827.0,29828.5,29822.5,29826.9,210.0
1783723680,29826.7,29826.7,29821.0,29823.2,207.0
1783723740,29823.0,29825.7,29821.0,29822.5,206.0
1783723800,29834.9,29839.4,29824.6,29829.9,231.0
1783723860,29830.1,29836.6,29828.1,29830.6,224.0
1783723920,29830.1,29832.6,29823.0,29823.0,220.0
1783723980,29821.7,29828.9,29813.5,29814.4,220.0
1783724040,29814.0,29821.6,29813.2,29816.4,225.0
1783724100,29816.6,29827.2,29813.2,29818.1,251.0
1783724160,29818.4,29820.5,29813.7,29818.2,234.0
1783724220,29818.5,29818.7,29812.2,29815.1,234.0
1783724280,29814.7,29815.7,29808.4,29808.4,203.0
1783724340,29808.5,29815.2,29799.5,29812.1,251.0
1783724400,29811.1,29823.6,29805.9,29823.2,250.0
1783724460,29822.7,29829.2,29815.9,29827.0,210.0
1783724520,29827.1,29832.2,29824.6,29831.9,189.0
1783724580,29831.7,29835.6,29823.5,29823.7,183.0
1783724640,29824.4,29827.7,29823.5,29826.1,182.0
1783724700,29826.1,29826.1,29815.4,29815.4,176.0
1783724760,29815.4,29816.7,29810.4,29814.5,173.0
1783724820,29814.7,29815.4,29811.4,29812.9,148.0
1783724880,29812.9,29818.6,29812.6,29817.9,132.0
1783724940,29818.1,29821.5,29818.1,29820.2,139.0
1783725000,29820.4,29824.4,29819.7,29823.6,128.0
1783725060,29823.6,29827.0,29822.1,29823.9,143.0
1783725120,29823.4,29825.9,29822.6,29823.4,113.0
1783725180,29823.5,29825.0,29821.1,29823.5,122.0
1783725240,29823.2,29824.5,29821.9,29822.4,146.0
1783725300,29822.1,29823.7,29820.6,29823.2,113.0
1783725360,29823.4,29827.9,29823.2,29826.4,93.0
1783725420,29826.1,29831.0,29826.0,29828.7,96.0
1783725480,29828.7,29829.6,29825.7,29826.7,93.0
1783725540,29826.7,29829.0,29826.4,29827.0,91.0
1783725600,29827.0,29827.9,29824.1,29825.6,70.0
1783725660,29825.6,29826.0,29823.9,29825.4,107.0
1783725720,29825.5,29826.9,29824.9,29825.7,78.0
1783725780,29825.7,29827.7,29825.5,29827.0,75.0
1783725840,29827.0,29828.7,29826.2,29826.4,77.0
1783725900,29826.4,29827.4,29826.0,29826.7,90.0
1783725960,29827.2,29829.4,29827.2,29827.7,73.0
1783726020,29827.9,29830.0,29827.1,29829.2,96.0
1783726080,29829.2,29833.5,29828.9,29832.5,92.0
1783726140,29832.4,29832.9,29828.7,29829.0,84.0
1783726200,29829.1,29835.2,29828.5,29831.4,95.0
1783726260,29831.0,29831.1,29826.6,29827.0,75.0
1783726320,29827.6,29829.5,29826.0,29829.2,67.0
1783726380,29829.1,29830.6,29829.1,29829.4,44.0
1783726440,29829.4,29830.0,29828.7,29829.2,53.0
1783726500,29829.2,29830.0,29828.4,29829.1,56.0
1783726560,29829.1,29830.1,29828.2,29828.2,56.0
1783726620,29828.2,29829.2,29827.7,29829.1,63.0
1783726680,29829.1,29832.7,29828.9,29831.6,75.0
1783726740,29831.6,29832.1,29830.7,29831.4,43.0
1783726800,29830.9,29831.6,29829.7,29830.4,48.0
1783726860,29830.4,29831.6,29830.1,29830.6,61.0
1783726920,29830.6,29832.7,29829.6,29831.5,45.0
1783726980,29831.5,29833.5,29831.0,29832.6,53.0
1783727040,29832.6,29833.2,29830.1,29832.5,93.0
1783727100,29832.5,29833.5,29831.5,29832.2,86.0
1783727160,29832.2,29835.9,29831.2,29834.5,75.0
1783727220,29834.5,29836.6,29832.4,29833.1,92.0
1783727280,29833.1,29834.7,29832.7,29833.9,60.0
1783727340,29833.9,29836.5,29832.6,29835.1,84.0
1783727400,29835.2,29837.4,29834.2,29836.0,76.0
1783727460,29835.7,29837.1,29834.2,29834.6,91.0
1783727520,29834.4,29836.0,29833.6,29835.5,84.0
1783727580,29835.5,29837.1,29835.1,29837.1,71.0
1783727640,29837.1,29838.2,29836.2,29837.9,73.0
1783904400,29720.5,29762.9,29720.5,29755.0,196.0
1783904460,29754.9,29764.4,29731.9,29735.5,230.0
1783904520,29739.3,29745.5,29721.5,29734.4,211.0
1783904580,29734.5,29735.5,29709.4,29711.0,204.0
1783904640,29709.9,29716.3,29699.5,29702.0,188.0
1783904700,29700.2,29709.0,29663.2,29667.3,211.0
1783904760,29668.9,29677.7,29656.0,29676.3,225.0
1783904820,29674.3,29693.7,29673.9,29689.5,203.0
1783904880,29689.7,29694.7,29679.4,29691.5,170.0
1783904940,29691.5,29692.9,29678.3,29678.3,142.0
1783905000,29678.7,29699.7,29676.9,29687.8,156.0
1783905060,29687.8,29688.2,29671.4,29677.8,152.0
1783905120,29677.8,29684.4,29649.5,29651.8,169.0
1783905180,29652.2,29664.8,29642.0,29664.8,195.0
1783905240,29664.8,29668.7,29646.7,29650.4,163.0
1783905300,29650.4,29672.7,29650.3,29659.0,168.0
1783905360,29658.9,29664.3,29648.0,29662.7,141.0
1783905420,29662.5,29664.3,29652.2,29659.2,109.0
1783905480,29659.2,29663.3,29648.7,29652.0,122.0
1783905540,29652.0,29657.2,29651.2,29654.5,93.0
1783905600,29654.5,29673.9,29653.7,29671.3,143.0
1783905660,29671.3,29673.8,29668.2,29669.0,104.0
1783905720,29669.0,29679.7,29668.7,29677.4,109.0
1783905780,29677.2,29678.2,29671.9,29674.9,131.0
1783905840,29674.9,29674.9,29661.3,29668.2,110.0
1783905900,29668.2,29669.2,29662.3,29669.2,91.0
1783905960,29669.2,29675.0,29668.5,29669.0,70.0
1783906020,29669.0,29670.8,29666.8,29667.3,92.0
1783906080,29667.3,29670.3,29663.0,29665.4,79.0
1783906140,29665.9,29672.7,29665.3,29671.5,78.0
1783906200,29671.5,29684.2,29671.5,29683.7,110.0
1783906260,29683.7,29684.7,29678.7,29682.0,84.0
1783906320,29681.5,29682.5,29676.2,29678.7,83.0
1783906380,29678.7,29680.5,29676.2,29677.9,76.0
1783906440,29677.9,29679.0,29675.4,29677.2,73.0
1783906500,29677.0,29682.9,29675.4,29680.7,68.0
1783906560,29680.7,29689.5,29678.2,29681.3,113.0
1783906620,29681.0,29681.2,29658.9,29663.0,136.0
1783906680,29663.0,29668.3,29662.8,29667.5,80.0
1783906740,29667.7,29681.3,29659.5,29677.7,126.0
1783906800,29677.7,29678.3,29662.5,29667.5,77.0
1783906860,29667.8,29671.3,29666.0,29667.9,51.0
1783906920,29667.9,29672.9,29667.5,29672.2,49.0
1783906980,29672.2,29676.9,29670.9,29675.9,56.0
1783907040,29675.9,29683.4,29674.9,29680.5,81.0
1783907100,29680.5,29681.5,29675.7,29676.8,82.0
1783907160,29676.8,29677.4,29671.2,29673.0,57.0
1783907220,29673.0,29679.5,29672.2,29676.3,56.0
1783907280,29676.3,29676.9,29658.9,29660.5,84.0
1783907340,29660.5,29666.8,29660.5,29664.0,122.0
1783907400,29663.9,29667.4,29663.9,29666.5,96.0
1783907460,29666.5,29669.0,29664.2,29668.3,99.0
1783907520,29668.3,29676.9,29668.2,29675.3,103.0
1783907580,29675.4,29676.2,29673.4,29674.9,87.0
1783907640,29674.7,29676.8,29672.8,29674.5,94.0
1783907700,29675.0,29693.0,29673.7,29691.0,111.0
1783907760,29690.5,29696.7,29687.8,29694.8,131.0
1783907820,29694.5,29699.3,29694.5,29697.3,114.0
1783907880,29697.3,29699.5,29696.2,29697.8,114.0
1783907940,29697.9,29699.0,29695.3,29695.5,110.0
1783908000,29696.0,29696.2,29670.8,29672.2,174.0
1783908060,29672.3,29682.9,29670.8,29671.9,134.0
1783908120,29671.8,29684.0,29669.9,29684.0,131.0
1783908180,29683.9,29686.5,29678.9,29678.9,115.0
1783908240,29678.9,29680.8,29673.7,29680.7,89.0
1783908300,29680.4,29689.8,29679.8,29680.7,124.0
1783908360,29680.7,29688.3,29679.7,29684.9,103.0
1783908420,29684.9,29684.9,29678.2,29681.3,93.0
1783908480,29681.4,29683.7,29674.9,29676.7,108.0
1783908540,29676.7,29677.2,29674.7,29676.2,90.0
1783908600,29676.3,29680.3,29676.3,29678.5,110.0
1783908660,29678.7,29682.2,29676.4,29677.4,110.0
1783908720,29677.4,29681.3,29677.4,29678.7,72.0
1783908780,29678.5,29682.5,29678.5,29681.2,85.0
1783908840,29681.2,29681.5,29671.0,29676.3,131.0
1783908900,29676.3,29677.5,29655.4,29656.7,171.0
1783908960,29656.7,29674.7,29656.5,29672.0,143.0
1783909020,29672.0,29678.4,29670.9,29674.3,97.0
1783909080,29674.3,29675.8,29671.8,29672.9,85.0
1783909140,29672.3,29675.9,29668.3,29674.4,111.0
1783909200,29674.4,29678.3,29669.0,29671.2,116.0
1783909260,29670.9,29673.5,29665.8,29671.2,105.0
1783909320,29671.0,29672.3,29662.8,29663.7,104.0
1783909380,29663.5,29667.4,29663.2,29666.4,82.0
1783909440,29666.4,29667.5,29665.4,29667.3,41.0
1783909500,29667.3,29669.7,29665.0,29668.0,48.0
1783909560,29667.9,29672.3,29664.8,29666.5,72.0
1783909620,29666.5,29670.7,29665.8,29667.2,75.0
1783909680,29667.8,29675.0,29666.3,29673.8,92.0
1783909740,29673.8,29676.7,29671.5,29674.4,78.0
1783909800,29674.3,29674.5,29672.5,29674.5,124.0
1783909860,29674.7,29676.7,29669.8,29672.7,104.0
1783909920,29672.7,29673.9,29667.8,29670.0,99.0
1783909980,29669.9,29670.4,29666.5,29668.2,87.0
1783910040,29668.0,29673.5,29667.5,29670.9,73.0
1783910100,29670.9,29673.5,29665.7,29668.0,73.0
1783910160,29668.0,29668.2,29662.0,29667.9,110.0
1783910220,29667.9,29668.0,29664.3,29667.3,85.0
1783910280,29667.3,29669.0,29663.5,29668.2,100.0
1783910340,29668.2,29678.2,29668.0,29675.8,112.0
1783910400,29675.8,29681.5,29675.4,29679.0,133.0
1783910460,29679.0,29683.2,29677.7,29679.5,101.0
1783910520,29679.7,29682.5,29679.2,29681.3,60.0
1783910580,29681.4,29682.8,29675.4,29678.3,67.0
1783910640,29678.3,29678.8,29674.3,29674.3,81.0
1783910700,29675.4,29676.2,29660.9,29665.2,222.0
1783910760,29665.2,29665.2,29637.5,29639.2,208.0
1783910820,29639.4,29654.8,29632.5,29650.0,213.0
1783910880,29649.7,29652.2,29642.5,29645.8,190.0
1783910940,29645.8,29652.7,29644.3,29647.4,178.0
1783911000,29649.0,29668.9,29646.4,29665.2,197.0
1783911060,29665.3,29679.9,29663.3,29679.9,158.0
1783911120,29679.9,29680.2,29661.9,29664.5,207.0
1783911180,29664.5,29668.4,29657.9,29662.7,181.0
1783911240,29662.7,29664.5,29657.0,29661.0,154.0
1783911300,29660.9,29663.7,29651.7,29659.3,192.0
1783911360,29659.7,29667.3,29659.4,29667.2,191.0
1783911420,29667.4,29676.8,29665.2,29673.2,184.0
1783911480,29672.2,29677.8,29668.4,29669.5,194.0
1783911540,29669.5,29679.0,29664.0,29678.0,214.0
1783911600,29677.8,29685.9,29657.5,29663.4,260.0
1783911660,29664.2,29698.0,29663.4,29688.2,267.0
1783911720,29688.4,29741.5,29687.4,29738.3,263.0
1783911780,29739.8,29749.3,29728.9,29744.3,272.0
1783911840,29744.3,29771.0,29741.0,29750.3,253.0
1783911900,29751.0,29762.9,29742.5,29751.3,263.0
1783911960,29752.2,29782.7,29742.2,29781.0,252.0
1783912020,29780.3,29792.4,29765.9,29766.2,252.0
1783912080,29766.5,29776.9,29757.8,29767.9,233.0
1783912140,29767.2,29785.7,29767.2,29780.2,229.0
1783912200,29780.9,29826.3,29780.9,29809.9,258.0
1783912260,29809.9,29819.2,29804.3,29807.9,242.0
1783912320,29805.7,29815.4,29799.9,29800.4,237.0
1783912380,29799.4,29801.8,29788.9,29798.7,235.0
1783912440,29798.9,29806.7,29792.4,29804.0,219.0
1783912500,29803.2,29815.7,29786.7,29796.4,249.0
1783912560,29795.0,29800.0,29784.3,29786.9,249.0
1783912620,29787.3,29787.3,29766.8,29766.8,233.0
1783912680,29766.8,29772.3,29754.9,29754.9,244.0
1783912740,29754.4,29760.8,29743.3,29759.3,249.0
1783912800,29759.7,29782.4,29756.2,29780.9,253.0
1783912860,29781.0,29786.5,29766.2,29777.2,258.0
1783912920,29777.4,29779.8,29765.7,29777.7,247.0
1783912980,29777.8,29798.7,29777.8,29790.4,239.0
1783913040,29790.4,29790.4,29770.4,29776.9,239.0
1783913100,29776.9,29784.8,29772.2,29783.0,245.0
1783913160,29782.7,29788.9,29777.3,29784.2,240.0
1783913220,29784.7,29786.2,29769.2,29770.3,231.0
1783913280,29770.3,29771.0,29757.4,29760.7,237.0
1783913340,29760.9,29763.3,29749.3,29752.8,234.0
1783913400,29752.8,29756.8,29744.7,29745.2,244.0
1783913460,29745.3,29745.7,29723.5,29729.5,258.0
1783913520,29729.4,29732.4,29722.3,29728.0,256.0
1783913580,29728.4,29729.3,29708.4,29714.9,241.0
1783913640,29717.4,29719.5,29697.2,29698.0,239.0
1783913700,29697.8,29712.8,29697.3,29705.5,239.0
1783913760,29705.5,29711.4,29698.5,29698.5,234.0
1783913820,29698.3,29699.3,29681.2,29687.3,231.0
1783913880,29686.9,29689.5,29675.9,29684.5,244.0
1783913940,29683.3,29687.2,29671.8,29678.7,245.0
1783914000,29678.7,29687.8,29669.5,29671.8,257.0
1783914060,29671.3,29672.0,29635.9,29656.7,259.0
1783914120,29656.9,29669.4,29656.7,29666.8,251.0
1783914180,29667.0,29675.8,29657.2,29660.2,249.0
1783914240,29660.2,29671.7,29656.4,29669.5,253.0
1783914300,29667.9,29683.2,29663.3,29682.4,252.0
1783914360,29683.3,29689.4,29672.2,29683.8,241.0
1783914420,29682.8,29684.9,29669.9,29672.8,238.0
1783914480,29673.0,29689.4,29672.2,29689.2,220.0
1783914540,29689.3,29689.3,29646.2,29646.8,246.0
1783914600,29647.5,29652.0,29634.3,29650.4,264.0
1783914660,29648.9,29653.8,29637.9,29640.8,257.0
1783914720,29640.5,29643.3,29593.9,29601.2,269.0
1783914780,29597.0,29615.3,29594.0,29615.2,264.0
1783914840,29615.2,29619.9,29609.9,29616.8,247.0
1783914900,29615.7,29627.4,29607.4,29626.4,247.0
1783914960,29627.0,29630.0,29613.0,29617.2,238.0
1783915020,29616.8,29620.9,29608.3,29615.5,234.0
1783915080,29615.9,29628.9,29612.2,29618.8,241.0
1783915140,29618.9,29624.2,29607.0,29619.9,229.0
1783915200,29619.9,29622.7,29595.4,29604.4,258.0
1783915260,29605.0,29623.7,29602.9,29609.9,260.0
1783915320,29610.3,29630.2,29610.3,29630.2,247.0
1783915380,29629.5,29635.7,29625.2,29627.0,243.0
1783915440,29624.3,29625.3,29594.2,29603.3,253.0
1783915500,29604.7,29610.4,29591.4,29603.9,255.0
1783915560,29604.0,29607.2,29592.5,29599.2,234.0
1783915620,29599.3,29607.0,29596.0,29607.0,249.0
1783915680,29607.2,29608.2,29591.0,29598.2,236.0
1783915740,29597.8,29611.9,29582.4,29582.7,257.0
1783915800,29581.3,29591.9,29575.0,29588.3,268.0
1783915860,29588.2,29602.2,29581.7,29585.7,238.0
1783915920,29585.2,29601.8,29575.8,29601.5,236.0
1783915980,29601.8,29604.2,29589.8,29597.8,247.0
1783916040,29598.0,29600.7,29591.7,29596.3,241.0
1783916100,29596.3,29628.5,29596.3,29628.0,242.0
1783916160,29628.2,29632.8,29614.3,29614.3,262.0
1783916220,29614.9,29618.5,29604.2,29610.9,245.0
1783916280,29611.7,29617.9,29604.4,29611.0,234.0
1783916340,29610.8,29618.7,29604.9,29613.2,242.0
1783916400,29613.0,29624.5,29609.5,29617.4,229.0
1783916460,29616.9,29621.8,29611.4,29611.9,244.0
1783916520,29611.7,29618.0,29607.3,29614.2,229.0
1783916580,29613.8,29617.5,29607.8,29609.0,241.0
1783916640,29609.0,29611.0,29594.7,29599.5,241.0
1783916700,29599.8,29604.0,29580.9,29591.7,264.0
1783916760,29591.5,29592.0,29578.8,29580.0,229.0
1783916820,29580.2,29592.0,29579.0,29583.9,217.0
1783916880,29584.2,29586.0,29574.8,29578.4,217.0
1783916940,29578.4,29595.9,29578.4,29593.3,224.0
1783917000,29593.2,29594.5,29579.2,29584.0,244.0
1783917060,29584.3,29594.5,29583.2,29589.2,252.0
1783917120,29588.9,29598.5,29575.3,29595.8,242.0
1783917180,29595.8,29601.9,29580.7,29581.9,244.0
1783917240,29581.4,29588.7,29578.2,29587.7,241.0
1783917300,29588.4,29597.0,29579.8,29596.9,245.0
1783917360,29597.2,29616.0,29592.3,29615.4,262.0
1783917420,29614.4,29619.4,29610.8,29616.3,251.0
1783917480,29614.8,29626.8,29614.8,29620.9,244.0
1783917540,29619.9,29627.3,29615.9,29621.4,264.0
1783917600,29621.8,29623.3,29609.4,29620.3,248.0
1783917660,29619.4,29625.7,29613.3,29621.2,250.0
1783917720,29621.8,29622.8,29602.9,29604.4,255.0
1783917780,29603.8,29613.7,29595.8,29598.2,249.0
1783917840,29598.2,29601.0,29588.7,29598.3,260.0
1783917900,29597.9,29598.9,29587.9,29590.9,255.0
1783917960,29591.0,29592.4,29575.8,29576.9,236.0
1783918020,29577.3,29585.2,29577.2,29580.2,251.0
1783918080,29580.2,29590.4,29561.4,29567.4,253.0
1783918140,29567.3,29582.8,29561.9,29561.9,238.0
1783918200,29562.0,29572.0,29558.8,29570.7,246.0
1783918260,29570.5,29570.5,29547.5,29549.9,244.0
1783918320,29550.7,29553.7,29540.9,29546.0,250.0
1783918380,29545.9,29546.0,29528.2,29537.2,255.0
1783918440,29536.7,29547.4,29529.7,29542.2,254.0
1783918500,29542.4,29547.9,29525.9,29527.2,239.0
1783918560,29527.3,29546.7,29522.8,29546.7,265.0
1783918620,29546.7,29553.5,29530.8,29536.2,262.0
1783918680,29536.3,29539.7,29528.4,29539.5,257.0
1783918740,29538.5,29555.7,29538.5,29546.0,252.0
1783918800,29547.4,29556.7,29520.9,29531.8,246.0
1783918860,29531.0,29534.7,29522.7,29530.9,225.0
1783918920,29530.9,29536.4,29514.7,29536.4,244.0
1783918980,29536.4,29548.2,29536.4,29540.8,245.0
1783919040,29540.9,29543.9,29525.5,29534.4,231.0
1783919100,29534.3,29556.0,29532.4,29541.5,243.0
1783919160,29541.4,29546.8,29533.0,29533.3,233.0
1783919220,29533.4,29537.7,29522.0,29528.8,225.0
1783919280,29528.4,29529.2,29514.4,29519.2,230.0
1783919340,29519.5,29536.4,29519.5,29528.0,236.0
1783919400,29527.8,29531.2,29516.5,29527.5,235.0
1783919460,29529.0,29532.5,29520.5,29521.2,232.0
1783919520,29520.8,29536.8,29520.8,29534.5,216.0
1783919580,29534.4,29550.2,29533.0,29548.0,204.0
1783919640,29548.0,29550.7,29531.8,29537.2,230.0
1783919700,29537.3,29553.8,29536.3,29553.8,231.0
1783919760,29554.5,29556.9,29541.0,29545.0,220.0
1783919820,29545.0,29547.5,29534.0,29535.4,240.0
1783919880,29535.4,29539.5,29530.4,29538.8,220.0
1783919940,29537.7,29559.9,29531.3,29557.4,224.0
1783920000,29557.8,29568.4,29553.0,29565.3,226.0
1783920060,29565.2,29578.3,29563.7,29577.5,219.0
1783920120,29577.2,29586.9,29572.4,29577.2,218.0
1783920180,29576.3,29581.8,29564.3,29572.7,230.0
1783920240,29572.7,29579.3,29567.4,29577.5,219.0
1783920300,29577.5,29592.4,29576.9,29585.8,220.0
1783920360,29585.5,29585.5,29574.5,29583.0,211.0
1783920420,29583.0,29589.2,29583.0,29584.8,214.0
1783920480,29584.3,29586.2,29578.3,29583.3,226.0
1783920540,29583.8,29593.4,29581.0,29583.0,205.0
1783920600,29583.2,29584.8,29566.3,29567.7,237.0
1783920660,29567.5,29573.9,29555.7,29556.3,222.0
1783920720,29556.8,29558.7,29548.2,29556.3,213.0
1783920780,29556.3,29564.8,29553.0,29562.0,225.0
1783920840,29562.8,29570.3,29559.3,29562.0,202.0
1783920900,29562.0,29571.5,29550.3,29551.2,225.0
1783920960,29551.7,29553.3,29541.9,29547.5,199.0
1783921020,29547.5,29551.8,29540.0,29541.8,226.0
1783921080,29541.7,29547.2,29540.0,29544.9,238.0
1783921140,29544.9,29556.5,29542.0,29545.3,205.0
1783921200,29544.5,29548.7,29538.2,29541.0,212.0
1783921260,29541.5,29546.8,29536.7,29541.3,221.0
1783921320,29541.3,29546.9,29532.2,29536.5,230.0
1783921380,29536.5,29544.9,29535.9,29539.3,208.0
1783921440,29539.3,29550.9,29537.9,29550.8,209.0
1783921500,29549.4,29552.2,29544.3,29549.0,193.0
1783921560,29549.3,29554.4,29538.4,29538.5,214.0
1783921620,29538.5,29540.4,29530.8,29535.7,196.0
1783921680,29536.3,29544.8,29534.0,29543.4,201.0
1783921740,29543.0,29550.7,29539.0,29550.7,221.0
1783921800,29550.7,29558.3,29548.7,29554.3,217.0
1783921860,29554.2,29554.4,29536.9,29536.9,218.0
1783921920,29536.7,29537.0,29527.5,29536.4,178.0
1783921980,29535.8,29538.5,29531.5,29534.5,188.0
1783922040,29534.4,29536.2,29521.8,29521.9,191.0
1783922100,29524.0,29534.3,29524.0,29528.3,201.0
1783922160,29528.3,29528.3,29521.0,29523.3,207.0
1783922220,29523.0,29523.0,29512.5,29517.3,182.0
1783922280,29517.5,29518.7,29511.3,29514.4,165.0
1783922340,29514.5,29515.5,29500.3,29501.8,189.0
1783922400,29502.3,29507.0,29498.2,29503.5,205.0
1783922460,29503.5,29505.9,29496.7,29502.4,208.0
1783922520,29502.2,29505.8,29493.2,29496.2,196.0
1783922580,29496.0,29499.4,29492.8,29497.8,179.0
1783922640,29498.2,29498.8,29490.9,29493.2,190.0
1783922700,29493.4,29499.2,29492.4,29496.9,208.0
1783922760,29496.9,29502.3,29491.4,29494.8,179.0
1783922820,29494.8,29495.5,29487.0,29492.9,207.0
1783922880,29494.5,29495.7,29484.2,29486.9,218.0
1783922940,29486.9,29486.9,29475.8,29481.2,207.0
1783923000,29481.4,29483.4,29476.0,29477.2,217.0
1783923060,29477.3,29483.2,29474.8,29482.4,196.0
1783923120,29482.7,29484.0,29475.4,29475.5,205.0
1783923180,29475.3,29480.4,29470.4,29480.4,201.0
1783923240,29479.9,29482.0,29476.8,29480.3,173.0
1783923300,29480.3,29482.9,29473.7,29477.4,210.0
1783923360,29476.4,29482.9,29472.5,29473.2,198.0
1783923420,29472.9,29477.9,29470.7,29472.7,174.0
1783923480,29472.5,29479.4,29468.9,29474.7,193.0
1783923540,29474.7,29487.8,29473.2,29487.5,189.0
1783923600,29487.8,29492.7,29480.8,29480.8,218.0
1783923660,29481.0,29485.3,29474.9,29477.5,208.0
1783923720,29477.4,29480.7,29475.2,29477.0,183.0
1783923780,29477.0,29482.9,29472.9,29479.3,201.0
1783923840,29479.7,29483.9,29477.7,29483.2,152.0
1783923900,29483.3,29491.5,29483.3,29488.7,167.0
1783923960,29488.7,29493.2,29487.5,29491.8,137.0
1783924020,29491.8,29494.9,29489.0,29494.4,158.0
1783924080,29494.0,29501.3,29491.8,29501.0,195.0
1783924140,29501.2,29502.8,29494.9,29495.0,183.0
1783924200,29495.3,29499.3,29484.4,29490.3,253.0
1783924260,29490.4,29492.9,29482.9,29484.2,201.0
1783924320,29484.2,29488.0,29483.2,29483.8,196.0
1783924380,29483.5,29483.5,29473.7,29474.9,185.0
1783924440,29475.4,29480.9,29474.9,29480.8,179.0
1783924500,29480.8,29482.2,29474.8,29475.0,149.0
1783924560,29475.0,29476.7,29469.7,29472.7,172.0
1783924620,29472.8,29487.2,29471.9,29484.9,175.0
1783924680,29484.9,29496.3,29482.8,29495.8,221.0
1783924740,29495.8,29501.4,29487.4,29491.9,225.0
1783924800,29493.4,29502.9,29493.4,29501.4,234.0
1783924860,29501.9,29509.8,29497.7,29508.3,243.0
1783924920,29508.3,29512.7,29501.7,29501.7,221.0
1783924980,29502.2,29502.9,29488.4,29488.9,215.0
1783925040,29489.0,29490.0,29478.0,29482.5,214.0
1783925100,29482.8,29489.8,29480.2,29486.7,224.0
1783925160,29487.0,29494.0,29483.3,29493.7,210.0
1783925220,29494.0,29497.0,29489.0,29489.4,214.0
1783925280,29489.7,29498.7,29485.3,29497.8,219.0
1783925340,29497.5,29507.4,29494.2,29506.9,226.0
1783925400,29506.9,29509.9,29499.8,29504.8,199.0
1783925460,29504.8,29505.5,29489.0,29489.7,205.0
1783925520,29489.8,29492.5,29486.4,29488.9,193.0
1783925580,29488.9,29494.7,29488.2,29494.4,172.0
1783925640,29494.4,29496.0,29491.9,29494.4,173.0
1783925700,29494.2,29498.2,29481.9,29483.0,182.0
1783925760,29483.0,29485.2,29481.0,29483.2,147.0
1783925820,29483.2,29485.7,29475.8,29476.8,171.0
1783925880,29476.4,29482.8,29476.0,29482.7,182.0
1783925940,29482.5,29483.0,29470.5,29473.8,164.0
1783926000,29474.0,29474.7,29454.0,29461.4,210.0
1783926060,29462.2,29462.3,29449.7,29451.5,201.0
1783926120,29451.8,29452.7,29444.5,29452.2,188.0
1783926180,29452.7,29452.7,29439.8,29445.4,187.0
1783926240,29445.8,29456.2,29444.9,29447.9,199.0
1783926300,29447.9,29450.8,29438.7,29440.8,196.0
1783926360,29440.7,29449.5,29440.5,29442.2,218.0
1783926420,29442.0,29448.0,29436.9,29445.9,228.0
1783926480,29445.8,29451.2,29442.2,29445.3,210.0
1783926540,29445.4,29451.3,29443.9,29443.9,188.0
1783926600,29443.9,29448.3,29436.0,29439.3,214.0
1783926660,29439.3,29449.5,29437.9,29445.3,213.0
1783926720,29446.0,29449.2,29441.5,29447.8,192.0
1783926780,29447.8,29453.8,29443.9,29445.4,184.0
1783926840,29445.7,29452.9,29442.5,29452.7,194.0
1783926900,29453.2,29453.5,29445.0,29450.9,179.0
1783926960,29450.9,29456.4,29447.0,29447.5,205.0
1783927020,29447.7,29456.0,29444.9,29455.3,207.0
1783927080,29455.4,29459.4,29452.8,29457.3,184.0
1783927140,29455.7,29461.2,29453.2,29458.0,197.0
1783927200,29458.3,29462.8,29452.9,29452.9,188.0
1783927260,29452.9,29453.0,29438.9,29448.9,199.0
1783927320,29449.0,29457.9,29447.0,29457.9,200.0
1783927380,29457.9,29457.9,29442.5,29443.7,181.0
1783927440,29443.4,29449.5,29441.3,29444.8,195.0
1783927500,29445.3,29446.0,29435.9,29439.8,202.0
1783927560,29439.9,29439.9,29430.7,29433.8,178.0
1783927620,29433.9,29436.3,29428.7,29429.7,180.0
1783927680,29429.2,29438.5,29424.0,29437.9,223.0
1783927740,29438.3,29439.4,29432.7,29437.0,139.0
1783927800,29437.0,29441.8,29433.4,29441.0,166.0
1783927860,29440.3,29440.5,29426.7,29428.8,160.0
1783927920,29428.9,29434.7,29427.2,29434.3,175.0
1783927980,29434.3,29436.0,29429.8,29431.4,163.0
1783928040,29431.5,29435.7,29424.3,29426.2,179.0
1783928100,29426.3,29426.5,29417.7,29417.9,164.0
1783928160,29417.9,29421.3,29414.5,29416.7,177.0
1783928220,29416.8,29422.3,29416.0,29419.9,175.0
1783928280,29419.9,29424.9,29417.9,29424.0,159.0
1783928340,29424.0,29425.4,29419.8,29421.2,150.0
1783928400,29421.3,29422.8,29414.8,29415.9,151.0
1783928460,29415.9,29416.8,29413.5,29415.4,159.0
1783928520,29415.4,29415.8,29408.8,29412.0,174.0
1783928580,29412.0,29415.4,29409.5,29410.2,136.0
1783928640,29410.2,29413.0,29408.4,29412.5,143.0
1783928700,29412.5,29414.0,29408.8,29411.9,174.0
1783928760,29411.8,29415.2,29410.4,29413.2,147.0
1783928820,29413.2,29416.2,29410.8,29412.0,138.0
1783928880,29412.0,29412.4,29406.7,29409.8,158.0
1783928940,29409.2,29412.7,29407.8,29411.4,140.0
1783929000,29409.9,29410.3,29404.3,29404.3,150.0
1783929060,29404.3,29406.5,29400.0,29400.2,134.0
1783929120,29399.4,29403.9,29399.4,29402.7,126.0
1783929180,29402.8,29404.0,29398.7,29402.5,129.0
1783929240,29402.5,29406.7,29400.7,29404.0,118.0
1783929300,29404.2,29406.9,29400.5,29405.3,130.0
1783929360,29405.3,29407.5,29404.3,29405.8,103.0
1783929420,29405.8,29410.5,29405.8,29410.5,145.0
1783929480,29410.7,29413.2,29409.0,29410.9,165.0
1783929540,29411.0,29421.8,29409.3,29412.2,232.0
1783929600,29412.3,29413.0,29392.5,29405.2,252.0
1783929660,29403.9,29410.9,29396.0,29410.9,238.0
1783929720,29411.0,29426.2,29410.5,29417.3,235.0
1783929780,29416.8,29425.8,29411.3,29412.9,229.0
1783929840,29412.8,29426.7,29411.9,29426.7,221.0
1783929900,29426.7,29435.2,29422.0,29430.3,208.0
1783929960,29430.2,29434.9,29419.5,29434.4,242.0
1783930020,29433.7,29440.2,29428.4,29439.4,236.0
1783930080,29439.2,29446.3,29437.5,29445.2,228.0
1783930140,29445.3,29459.5,29445.3,29457.7,225.0
1783930200,29457.9,29467.4,29453.4,29467.4,232.0
1783930260,29466.7,29477.9,29465.9,29468.2,210.0
1783930320,29467.7,29478.4,29464.9,29476.8,232.0
1783930380,29476.8,29477.5,29467.7,29468.2,223.0
1783930440,29467.8,29473.3,29462.2,29473.3,203.0
1783930500,29474.2,29474.2,29450.7,29450.8,235.0
1783930560,29450.8,29453.2,29438.3,29439.4,231.0
1783930620,29439.4,29442.0,29434.9,29441.7,186.0
1783930680,29441.7,29446.3,29434.5,29436.7,201.0
1783930740,29436.7,29441.0,29430.5,29433.3,223.0
1783930800,29433.9,29435.7,29418.8,29418.8,214.0
1783930860,29418.9,29422.4,29413.2,29419.0,188.0
1783930920,29418.7,29419.0,29402.5,29405.7,212.0
1783930980,29405.7,29406.2,29383.4,29387.3,224.0
1783931040,29388.3,29391.0,29381.4,29383.4,225.0
1783931100,29383.0,29390.0,29379.4,29379.5,232.0
1783931160,29379.5,29383.2,29374.5,29376.9,226.0
1783931220,29377.2,29379.7,29367.5,29370.4,230.0
1783931280,29370.8,29377.9,29368.0,29375.9,196.0
1783931340,29375.9,29377.9,29362.8,29370.4,229.0
1783931400,29370.4,29370.9,29332.8,29358.9,244.0
1783931460,29358.9,29367.9,29347.5,29349.7,246.0
1783931520,29349.3,29364.7,29348.0,29363.4,251.0
1783931580,29363.4,29380.3,29362.2,29377.4,233.0
1783931640,29377.0,29408.0,29376.7,29408.0,242.0
1783931700,29408.0,29425.0,29404.7,29420.4,254.0
1783931760,29420.7,29427.0,29415.9,29422.5,249.0
1783931820,29422.5,29429.7,29416.5,29424.8,246.0
1783931880,29424.7,29432.9,29418.2,29423.5,226.0
1783931940,29422.7,29441.0,29422.7,29440.0,222.0
1783932000,29439.2,29452.2,29437.3,29449.2,246.0
1783932060,29449.3,29454.7,29439.2,29454.5,242.0
1783932120,29454.7,29455.3,29431.2,29431.2,226.0
1783932180,29431.0,29431.0,29418.8,29422.7,232.0
1783932240,29422.7,29426.2,29415.4,29421.9,235.0
1783932300,29422.5,29426.4,29409.4,29426.4,220.0
1783932360,29425.8,29425.9,29410.5,29413.8,231.0
1783932420,29413.8,29413.8,29405.9,29409.5,230.0
1783932480,29409.3,29409.5,29399.7,29400.4,214.0
1783932540,29400.2,29418.4,29400.0,29418.4,240.0
1783932600,29419.0,29439.4,29418.9,29438.9,239.0
1783932660,29439.3,29451.7,29431.4,29433.0,242.0
1783932720,29433.7,29440.9,29431.7,29435.3,237.0
1783932780,29434.3,29437.8,29421.9,29422.5,244.0
1783932840,29422.5,29422.8,29412.8,29412.8,217.0
1783932900,29413.3,29419.8,29407.8,29417.7,224.0
1783932960,29417.8,29422.3,29412.0,29420.4,209.0
1783933020,29420.3,29423.8,29412.0,29412.0,216.0
1783933080,29413.2,29422.7,29412.0,29412.9,233.0
1783933140,29412.8,29435.5,29408.9,29435.5,233.0
1783933200,29437.3,29450.0,29436.0,29447.3,258.0
1783933260,29445.8,29450.9,29439.4,29448.3,237.0
1783933320,29448.3,29450.9,29443.0,29449.2,240.0
1783933380,29449.0,29449.0,29427.3,29430.5,232.0
1783933440,29430.5,29440.9,29424.2,29440.8,229.0
1783933500,29441.5,29445.5,29423.3,29425.0,236.0
1783933560,29425.3,29426.4,29410.1,29411.9,231.0
1783933620,29411.8,29424.4,29411.1,29414.1,227.0
1783933680,29414.1,29418.3,29407.4,29411.4,217.0
1783933740,29411.4,29413.1,29398.5,29399.1,205.0
1783933800,29399.1,29403.9,29393.8,29396.3,221.0
1783933860,29396.5,29396.5,29386.0,29389.0,213.0
1783933920,29388.4,29391.1,29376.4,29378.8,170.0
1783933980,29378.8,29382.0,29372.9,29376.0,215.0
1783934040,29375.5,29378.4,29371.0,29377.6,223.0
1783934100,29377.6,29391.5,29373.8,29384.6,224.0
1783934160,29384.4,29387.4,29379.9,29384.1,226.0
1783934220,29384.1,29389.0,29379.6,29383.1,226.0
1783934280,29383.1,29391.3,29379.6,29381.8,217.0
1783934340,29381.8,29390.5,29379.9,29389.0,177.0
1783934400,29388.9,29401.3,29386.1,29398.4,232.0
1783934460,29398.6,29401.8,29389.9,29395.4,210.0
1783934520,29395.1,29398.1,29388.4,29392.6,212.0
1783934580,29392.8,29397.6,29389.9,29397.1,220.0
1783934640,29397.1,29406.9,29395.6,29400.6,226.0
1783934700,29400.5,29420.3,29400.5,29418.4,226.0
1783934760,29418.1,29419.6,29410.9,29413.4,218.0
1783934820,29413.5,29414.9,29396.1,29398.5,207.0
1783934880,29399.5,29406.4,29395.0,29404.5,223.0
1783934940,29404.3,29415.1,29402.1,29414.6,216.0
1783935000,29415.5,29435.6,29415.5,29419.3,238.0
1783935060,29420.1,29423.0,29412.9,29419.1,214.0
1783935120,29420.8,29426.4,29401.6,29403.0,207.0
1783935180,29402.1,29415.1,29400.5,29411.3,211.0
1783935240,29411.3,29411.3,29399.9,29404.6,201.0
1783935300,29404.6,29408.8,29393.6,29397.0,191.0
1783935360,29396.9,29399.4,29392.3,29392.6,178.0
1783935420,29392.5,29397.1,29385.8,29385.9,180.0
1783935480,29385.8,29392.8,29385.0,29386.3,165.0
1783935540,29386.4,29401.3,29384.9,29398.1,157.0
1783935600,29398.5,29406.1,29396.9,29405.0,162.0
1783935660,29405.0,29406.8,29396.4,29404.1,155.0
1783935720,29404.1,29421.5,29403.1,29421.3,167.0
1783935780,29421.5,29424.8,29418.9,29422.6,164.0
1783935840,29423.1,29429.0,29420.6,29427.9,182.0
1783935900,29424.8,29426.0,29409.4,29411.1,174.0
1783935960,29411.1,29421.9,29409.3,29417.3,175.0
1783936020,29417.3,29431.9,29415.6,29431.1,172.0
1783936080,29431.4,29434.8,29421.3,29431.6,144.0
1783936140,29431.1,29431.9,29425.5,29429.4,172.0
1783936200,29429.4,29429.6,29421.8,29426.6,177.0
1783936260,29426.6,29431.0,29419.8,29428.5,158.0
1783936320,29428.4,29428.6,29419.4,29421.6,156.0
1783936380,29422.4,29422.5,29400.3,29402.3,159.0
1783936440,29402.1,29409.0,29398.9,29407.3,160.0
1783936500,29407.6,29409.9,29401.9,29409.8,133.0
1783936560,29409.5,29412.0,29397.3,29399.0,157.0
1783936620,29399.0,29406.8,29398.9,29403.3,118.0
1783936680,29403.1,29403.1,29399.1,29401.9,130.0
1783936740,29401.9,29418.4,29397.3,29415.6,176.0
1783936800,29419.8,29432.5,29394.0,29396.6,254.0
1783936860,29396.5,29411.3,29393.4,29410.4,237.0
1783936920,29412.1,29420.1,29404.9,29412.6,245.0
1783936980,29412.8,29433.3,29412.8,29431.8,213.0
1783937040,29431.8,29436.1,29426.6,29426.6,216.0
1783937100,29426.8,29433.0,29418.5,29431.4,160.0
1783937160,29431.6,29432.5,29418.0,29424.5,196.0
1783937220,29424.5,29427.9,29421.6,29423.8,192.0
1783937280,29423.8,29436.5,29421.8,29436.4,187.0
1783937340,29436.4,29451.8,29433.8,29447.6,205.0
1783937400,29447.1,29455.5,29442.0,29455.1,217.0
1783937460,29455.1,29456.8,29445.3,29451.8,192.0
1783937520,29452.4,29455.0,29446.4,29451.6,171.0
1783937580,29451.3,29454.4,29446.6,29448.6,189.0
1783937640,29448.6,29460.1,29447.9,29456.3,190.0
1783937700,29456.3,29460.1,29447.8,29453.3,185.0
1783937760,29453.3,29459.5,29440.9,29442.6,186.0
1783937820,29442.9,29443.1,29430.5,29433.4,201.0
1783937880,29432.9,29438.9,29428.8,29437.3,192.0
1783937940,29438.3,29440.8,29432.5,29433.0,190.0
1783938000,29433.8,29439.1,29430.1,29438.6,202.0
1783938060,29438.8,29444.0,29436.8,29444.0,182.0
1783938120,29444.0,29456.8,29441.6,29456.8,172.0
1783938180,29456.9,29462.6,29453.6,29461.5,164.0
1783938240,29461.6,29475.3,29458.8,29471.4,170.0
1783938300,29471.5,29471.5,29458.6,29465.6,181.0
1783938360,29465.6,29467.8,29457.3,29457.3,179.0
1783938420,29457.3,29462.6,29456.4,29461.1,133.0
1783938480,29460.9,29470.1,29460.4,29463.5,177.0
1783938540,29463.5,29463.9,29454.5,29457.1,163.0
1783938600,29457.1,29457.1,29434.5,29434.6,193.0
1783938660,29434.0,29441.6,29430.0,29436.4,182.0
1783938720,29436.4,29437.6,29433.0,29434.1,138.0
1783938780,29434.3,29437.0,29421.9,29423.1,145.0
1783938840,29423.1,29430.6,29421.9,29429.3,199.0
1783938900,29429.3,29434.4,29426.4,29429.5,194.0
1783938960,29429.5,29440.9,29428.3,29434.4,156.0
1783939020,29434.4,29447.3,29428.8,29444.9,184.0
1783939080,29445.5,29447.0,29437.9,29447.0,179.0
1783939140,29447.0,29449.3,29443.0,29445.9,164.0
1783939200,29445.9,29455.1,29445.9,29452.6,171.0
1783939260,29452.6,29453.5,29441.6,29442.9,168.0
1783939320,29442.8,29442.8,29434.3,29435.0,150.0
1783939380,29434.9,29445.9,29434.6,29442.0,142.0
1783939440,29442.0,29446.5,29440.8,29446.0,170.0
1783939500,29446.1,29448.4,29435.0,29439.8,157.0
1783939560,29439.6,29444.4,29433.9,29442.3,137.0
1783939620,29442.3,29448.0,29440.9,29443.3,159.0
1783939680,29443.6,29443.6,29431.4,29432.5,165.0
1783939740,29432.5,29435.5,29429.1,29433.0,120.0
1783939800,29433.3,29433.3,29422.8,29426.0,193.0
1783939860,29426.3,29433.0,29423.9,29433.0,177.0
1783939920,29433.1,29437.1,29429.3,29432.1,173.0
1783939980,29432.0,29433.4,29427.9,29430.5,155.0
1783940040,29430.9,29437.9,29430.0,29437.0,149.0
1783940100,29436.8,29443.9,29431.4,29434.0,163.0
1783940160,29434.4,29435.0,29423.6,29425.4,169.0
1783940220,29425.4,29432.5,29422.8,29430.4,158.0
1783940280,29430.6,29435.0,29426.8,29430.0,162.0
1783940340,29429.6,29437.6,29422.9,29437.4,191.0
1783940400,29439.6,29455.6,29432.9,29452.9,244.0
1783940460,29452.0,29461.9,29449.4,29454.6,213.0
1783940520,29453.3,29461.9,29449.9,29460.4,209.0
1783940580,29459.9,29463.4,29450.5,29462.5,227.0
1783940640,29462.5,29463.6,29455.3,29455.5,182.0
1783940700,29453.0,29460.0,29433.6,29453.4,229.0
1783940760,29451.4,29466.8,29448.5,29461.4,224.0
1783940820,29461.6,29471.8,29459.5,29464.0,214.0
1783940880,29464.0,29477.1,29458.8,29469.4,210.0
1783940940,29469.3,29475.3,29461.0,29467.9,215.0
1783941000,29468.0,29470.4,29460.9,29463.5,194.0
1783941060,29463.8,29477.6,29460.3,29477.4,214.0
1783941120,29477.3,29484.6,29474.9,29483.3,199.0
1783941180,29483.1,29483.1,29467.5,29468.8,189.0
1783941240,29469.3,29491.9,29469.3,29490.9,184.0
1783941300,29490.6,29496.6,29490.5,29494.3,199.0
1783941360,29494.0,29501.1,29492.1,29500.6,183.0
1783941420,29500.9,29512.0,29500.9,29508.3,196.0
1783941480,29506.3,29513.6,29504.9,29511.3,184.0
1783941540,29511.1,29514.6,29502.3,29502.6,188.0
1783941600,29502.6,29509.5,29498.9,29502.9,194.0
1783941660,29502.9,29515.4,29500.0,29513.8,170.0
1783941720,29513.8,29513.8,29503.5,29508.1,156.0
1783941780,29508.1,29515.3,29507.8,29513.4,169.0
1783941840,29513.5,29514.3,29506.4,29506.4,153.0
1783941900,29506.3,29521.1,29505.6,29519.8,153.0
1783941960,29519.0,29522.5,29517.0,29519.1,187.0
1783942020,29519.4,29526.1,29518.5,29523.4,161.0
1783942080,29523.5,29524.0,29513.4,29519.8,180.0
1783942140,29518.9,29523.9,29510.1,29511.0,209.0
1783942200,29511.4,29515.9,29508.6,29514.0,194.0
1783942260,29513.5,29515.8,29509.9,29511.4,174.0
1783942320,29510.9,29518.5,29508.9,29517.8,146.0
1783942380,29517.8,29520.1,29508.9,29510.0,162.0
1783942440,29509.8,29509.8,29501.1,29501.6,180.0
1783942500,29501.5,29506.6,29501.0,29502.8,151.0
1783942560,29503.4,29503.4,29494.9,29495.4,163.0
1783942620,29495.5,29497.3,29488.5,29490.3,169.0
1783942680,29490.3,29493.3,29486.0,29489.3,150.0
1783942740,29489.5,29504.0,29489.3,29502.8,157.0
1783942800,29502.3,29510.3,29499.4,29506.1,155.0
1783942860,29506.3,29508.4,29501.5,29506.0,136.0
1783942920,29506.1,29506.8,29499.6,29505.5,143.0
1783942980,29505.6,29518.6,29504.5,29514.5,154.0
1783943040,29514.5,29517.5,29511.9,29513.6,150.0
1783943100,29513.5,29516.1,29511.4,29514.1,129.0
1783943160,29514.3,29518.0,29511.8,29512.0,134.0
1783943220,29512.1,29516.3,29511.3,29511.3,138.0
1783943280,29511.3,29521.8,29507.4,29521.8,168.0
1783943340,29521.4,29524.8,29519.5,29523.5,157.0
1783943400,29523.5,29529.0,29522.9,29527.0,158.0
1783943460,29525.5,29529.8,29522.4,29527.0,152.0
1783943520,29527.0,29533.4,29526.0,29533.4,159.0
1783943580,29533.6,29539.1,29532.3,29537.5,141.0
1783943640,29537.3,29538.0,29527.9,29528.6,134.0
1783943700,29529.0,29531.0,29524.0,29524.0,125.0
1783943760,29523.8,29530.0,29523.0,29529.9,151.0
1783943820,29529.8,29536.4,29524.5,29526.5,144.0
1783943880,29526.5,29526.5,29519.6,29519.9,143.0
1783943940,29519.5,29532.5,29519.0,29532.3,140.0
1783944000,29533.5,29535.9,29523.0,29527.8,186.0
1783944060,29527.9,29531.5,29524.3,29530.3,166.0
1783944120,29530.4,29534.8,29523.4,29525.5,141.0
1783944180,29525.4,29526.1,29506.5,29506.8,142.0
1783944240,29506.8,29513.9,29506.5,29512.0,152.0
1783944300,29512.1,29513.6,29507.9,29509.0,166.0
1783944360,29508.8,29510.4,29505.8,29507.5,145.0
1783944420,29507.9,29513.6,29506.9,29513.1,134.0
1783944480,29513.1,29517.6,29511.5,29511.5,154.0
1783944540,29511.5,29513.3,29507.6,29511.9,137.0
1783944600,29512.1,29512.1,29503.4,29510.1,151.0
1783944660,29510.5,29511.5,29505.3,29511.3,132.0
1783944720,29511.5,29513.1,29507.6,29508.5,137.0
1783944780,29508.6,29512.3,29504.9,29507.6,102.0
1783944840,29507.6,29520.0,29507.6,29519.0,100.0
1783944900,29518.8,29520.4,29514.5,29519.3,129.0
1783944960,29519.4,29528.0,29517.3,29527.8,139.0
1783945020,29527.8,29537.3,29527.0,29533.8,158.0
1783945080,29533.8,29541.4,29533.3,29538.6,151.0
1783945140,29538.6,29539.8,29532.9,29535.4,151.0
1783945200,29535.5,29539.4,29535.4,29537.0,126.0
1783945260,29537.0,29538.5,29533.8,29536.3,126.0
1783945320,29536.3,29539.3,29534.3,29538.5,122.0
1783945380,29538.5,29546.0,29535.9,29545.0,145.0
1783945440,29544.9,29546.1,29540.4,29540.6,126.0
1783945500,29540.6,29550.3,29540.6,29548.9,140.0
1783945560,29548.9,29551.3,29538.9,29541.0,163.0
1783945620,29541.0,29545.1,29539.0,29544.5,119.0
1783945680,29544.5,29547.0,29542.6,29545.6,130.0
1783945740,29545.6,29550.0,29545.3,29546.4,122.0
1783945800,29546.8,29552.3,29544.5,29550.8,172.0
1783945860,29551.0,29552.0,29541.5,29542.0,168.0
1783945920,29542.0,29547.0,29539.3,29546.5,139.0
1783945980,29546.5,29551.1,29545.3,29548.0,128.0
1783946040,29548.0,29548.0,29540.6,29545.8,128.0
1783946100,29545.8,29551.0,29543.6,29550.9,125.0
1783946160,29551.0,29554.0,29548.3,29552.0,124.0
1783946220,29552.0,29559.6,29551.3,29559.1,139.0
1783946280,29559.1,29559.8,29554.4,29554.4,122.0
1783946340,29554.4,29556.3,29548.9,29554.4,113.0
1783946400,29554.4,29555.1,29550.9,29552.4,100.0
1783946460,29552.5,29556.0,29550.8,29553.9,104.0
1783946520,29554.3,29555.4,29546.6,29548.1,133.0
1783946580,29549.3,29557.4,29549.3,29555.6,111.0
1783946640,29555.6,29561.9,29554.0,29558.8,121.0
1783946700,29558.8,29559.4,29554.8,29556.0,140.0
1783946760,29556.0,29557.0,29552.1,29552.3,124.0
1783946820,29552.1,29555.5,29551.9,29552.8,110.0
1783946880,29552.8,29553.6,29546.0,29547.6,132.0
1783946940,29547.8,29548.9,29544.1,29546.8,142.0
1783947000,29546.8,29546.8,29538.3,29540.5,148.0
1783947060,29540.5,29541.4,29537.4,29541.4,137.0
1783947120,29541.0,29544.5,29540.0,29542.9,109.0
1783947180,29542.8,29552.4,29542.8,29552.4,102.0
1783947240,29552.5,29553.0,29550.9,29551.4,126.0
1783947300,29551.3,29554.8,29550.3,29554.4,100.0
1783947360,29554.4,29554.6,29548.0,29553.0,142.0
1783947420,29552.9,29557.8,29551.4,29554.8,149.0
1783947480,29554.6,29556.1,29552.6,29555.0,102.0
1783947540,29554.9,29558.0,29552.0,29556.4,121.0
1783947600,29556.4,29563.4,29556.4,29558.4,126.0
1783947660,29558.4,29563.0,29554.4,29554.4,153.0
1783947720,29554.4,29554.4,29547.9,29548.5,139.0
1783947780,29548.5,29548.8,29543.9,29546.0,132.0
1783947840,29545.8,29551.5,29543.9,29547.4,143.0
1783947900,29547.3,29547.9,29540.0,29541.6,152.0
1783947960,29541.6,29543.0,29537.6,29539.3,138.0
1783948020,29539.3,29539.4,29527.3,29528.0,143.0
1783948080,29528.0,29535.9,29527.1,29535.1,163.0
1783948140,29535.4,29539.1,29530.3,29532.5,158.0
1783948200,29532.5,29532.9,29528.0,29528.0,156.0
1783948260,29528.0,29528.8,29524.6,29527.1,157.0
1783948320,29527.9,29530.8,29525.9,29526.9,129.0
1783948380,29526.9,29528.8,29525.3,29527.0,139.0
1783948440,29527.5,29532.5,29526.4,29532.5,119.0
1783948500,29532.5,29533.0,29527.3,29530.3,130.0
1783948560,29530.4,29537.8,29530.4,29535.1,136.0
1783948620,29535.3,29544.4,29534.5,29544.4,130.0
1783948680,29544.5,29550.1,29543.1,29543.1,154.0
1783948740,29543.3,29550.9,29542.8,29550.9,111.0
1783948800,29550.9,29551.0,29547.1,29549.8,116.0
1783948860,29549.1,29549.3,29545.3,29547.6,130.0
1783948920,29547.8,29548.5,29542.0,29542.8,136.0
1783948980,29543.0,29549.3,29543.0,29547.3,130.0
1783949040,29547.6,29548.0,29535.5,29536.1,138.0
1783949100,29536.1,29536.5,29533.0,29536.0,141.0
1783949160,29536.0,29536.1,29524.1,29525.3,126.0
1783949220,29525.0,29531.1,29524.4,29529.5,123.0
1783949280,29529.5,29530.1,29525.8,29527.9,145.0
1783949340,29527.9,29529.5,29525.8,29526.6,127.0
1783949400,29526.6,29530.4,29523.9,29529.0,147.0
1783949460,29528.6,29530.1,29522.9,29529.8,132.0
1783949520,29529.9,29535.3,29528.6,29534.8,134.0
1783949580,29534.8,29539.5,29530.4,29531.0,160.0
1783949640,29531.0,29531.5,29523.6,29524.0,132.0
1783949700,29524.1,29532.6,29524.1,29528.4,143.0
1783949760,29528.4,29532.3,29526.3,29530.3,130.0
1783949820,29530.1,29534.6,29530.1,29533.3,129.0
1783949880,29533.3,29539.6,29532.3,29538.3,128.0
1783949940,29538.3,29541.5,29535.8,29536.9,128.0
1783950000,29537.8,29542.1,29537.6,29539.4,136.0
1783950060,29539.3,29540.0,29528.8,29529.3,151.0
1783950120,29529.3,29529.3,29522.9,29524.5,149.0
1783950180,29524.6,29526.1,29522.4,29524.6,116.0
1783950240,29524.6,29525.9,29522.3,29523.9,122.0
1783950300,29523.8,29528.6,29521.9,29527.9,151.0
1783950360,29527.8,29529.8,29525.5,29526.4,152.0
1783950420,29526.4,29528.5,29524.5,29528.5,154.0
1783950480,29528.5,29544.0,29527.8,29542.8,157.0
1783950540,29543.5,29549.3,29540.8,29541.5,136.0
1783950600,29540.3,29544.3,29534.1,29543.1,153.0
1783950660,29543.3,29545.1,29538.8,29541.9,138.0
1783950720,29541.9,29543.4,29538.0,29542.0,111.0
1783950780,29542.0,29542.3,29537.8,29537.9,136.0
1783950840,29538.0,29544.5,29538.0,29540.8,122.0
1783950900,29540.9,29541.1,29532.8,29536.0,132.0
1783950960,29536.1,29539.5,29536.0,29537.0,120.0
1783951020,29536.8,29539.5,29536.8,29537.1,141.0
1783951080,29537.8,29537.8,29532.8,29534.5,120.0
1783951140,29534.5,29542.1,29534.5,29541.8,157.0
1783951200,29545.1,29575.6,29545.1,29571.1,237.0
1783951260,29571.0,29575.6,29562.9,29565.4,187.0
1783951320,29565.4,29565.5,29555.0,29560.8,182.0
1783951380,29560.9,29577.4,29560.9,29565.9,202.0
1783951440,29565.9,29570.0,29561.4,29561.6,178.0
1783951500,29561.8,29579.6,29556.0,29579.6,184.0
1783951560,29578.3,29584.9,29570.5,29570.6,248.0
1783951620,29571.5,29572.9,29566.5,29566.6,199.0
1783951680,29566.8,29568.6,29558.3,29559.6,187.0
1783951740,29559.6,29560.0,29552.1,29554.0,188.0
1783951800,29554.0,29556.5,29545.8,29547.0,176.0
1783951860,29547.0,29547.3,29536.5,29545.1,182.0
1783951920,29545.3,29550.3,29544.5,29546.6,182.0
1783951980,29547.5,29557.5,29546.8,29556.0,147.0
1783952040,29556.0,29562.9,29546.0,29554.0,165.0
1783952100,29553.5,29562.0,29552.3,29562.0,179.0
1783952160,29562.3,29563.8,29556.5,29562.4,164.0
1783952220,29561.3,29566.4,29558.4,29565.9,185.0
1783952280,29565.9,29566.4,29550.9,29551.5,170.0
1783952340,29551.4,29552.8,29538.9,29539.4,151.0
1783952400,29539.4,29541.1,29527.3,29530.9,191.0
1783952460,29530.8,29554.9,29529.6,29554.5,182.0
1783952520,29554.6,29554.8,29545.8,29549.4,151.0
1783952580,29549.1,29552.9,29543.9,29545.0,159.0
1783952640,29544.9,29549.9,29542.8,29548.8,134.0
1783952700,29548.0,29561.9,29546.4,29555.8,175.0
1783952760,29555.8,29561.1,29554.5,29559.9,151.0
1783952820,29559.9,29562.9,29554.3,29562.9,153.0
1783952880,29562.5,29567.3,29562.0,29565.5,143.0
1783952940,29565.5,29565.5,29558.4,29559.4,148.0
1783953000,29558.9,29567.6,29557.3,29566.8,171.0
1783953060,29567.3,29567.5,29555.3,29558.8,174.0
1783953120,29558.8,29567.5,29558.5,29564.5,143.0
1783953180,29564.5,29568.9,29555.9,29556.0,172.0
1783953240,29556.8,29575.8,29556.8,29574.1,172.0
1783953300,29574.5,29578.3,29569.0,29569.9,173.0
1783953360,29569.8,29572.8,29564.0,29564.0,185.0
1783953420,29564.0,29569.0,29561.5,29567.6,164.0
1783953480,29567.4,29571.6,29565.1,29570.1,131.0
1783953540,29570.1,29571.0,29564.3,29569.8,139.0
1783953600,29569.8,29574.0,29559.1,29560.1,175.0
1783953660,29560.4,29562.5,29557.8,29557.9,152.0
1783953720,29558.1,29562.6,29555.3,29558.0,155.0
1783953780,29558.0,29561.8,29557.5,29559.1,146.0
1783953840,29559.1,29561.0,29550.5,29552.8,164.0
1783953900,29552.4,29553.8,29549.4,29551.1,157.0
1783953960,29551.3,29552.8,29538.8,29540.5,181.0
1783954020,29541.5,29543.6,29534.9,29543.5,176.0
1783954080,29543.5,29546.1,29535.8,29539.0,175.0
1783954140,29538.3,29548.0,29538.3,29547.8,169.0
1783954200,29547.9,29551.0,29544.8,29549.8,160.0
1783954260,29550.8,29551.1,29544.9,29549.0,143.0
1783954320,29549.0,29551.4,29543.4,29543.6,164.0
1783954380,29543.1,29549.4,29535.9,29535.9,159.0
1783954440,29536.3,29536.3,29527.1,29527.8,172.0
1783954500,29528.0,29531.5,29520.4,29530.5,206.0
1783954560,29530.5,29530.9,29523.8,29526.3,185.0
1783954620,29526.5,29526.8,29515.0,29516.0,188.0
1783954680,29515.9,29522.6,29515.3,29520.8,170.0
1783954740,29520.6,29526.3,29518.3,29526.0,168.0
1783954800,29526.9,29535.1,29511.9,29513.4,212.0
1783954860,29513.3,29518.5,29506.1,29515.8,208.0
1783954920,29516.1,29520.5,29510.8,29510.8,196.0
1783954980,29511.0,29511.4,29502.6,29507.9,200.0
1783955040,29507.9,29518.0,29507.9,29515.6,185.0
1783955100,29514.8,29519.1,29510.8,29516.1,178.0
1783955160,29516.1,29520.3,29511.3,29513.8,166.0
1783955220,29513.8,29516.3,29496.5,29496.5,196.0
1783955280,29498.1,29512.0,29496.0,29509.8,201.0
1783955340,29510.3,29515.8,29504.1,29514.5,184.0
1783955400,29514.5,29536.1,29513.6,29534.6,191.0
1783955460,29533.3,29541.6,29500.5,29501.5,257.0
1783955520,29501.9,29502.4,29479.9,29497.1,246.0
1783955580,29497.3,29514.9,29497.3,29514.5,204.0
1783955640,29514.5,29519.3,29507.3,29514.5,213.0
1783955700,29474.431640625,29474.431640625,29459.109375,29464.072265625,1629108.0
1783955760,29460.845703125,29473.783203125,29460.845703125,29473.783203125,1667447.0
1783955820,29476.998046875,29484.333984375,29476.869140625,29484.333984375,1671104.0
1783955880,29490.48828125,29491.94140625,29478.638671875,29478.638671875,1658818.0
1783955940,29477.875,29491.2109375,29470.4296875,29491.2109375,1543154.0
1783956000,29490.78125,29490.78125,29486.205078125,29490.15234375,1505102.0
1783956060,29492.8515625,29497.146484375,29491.111328125,29497.146484375,1369853.0
1783956120,29495.064453125,29499.55859375,29495.064453125,29499.103515625,1503637.0
1783956180,29499.826171875,29517.74609375,29499.826171875,29515.654296875,1731672.0
1783956240,29517.115234375,29518.716796875,29511.3046875,29514.83984375,2021157.0
1783956300,29515.609375,29515.609375,29488.279296875,29488.279296875,1685390.0
1783956360,29483.666015625,29493.8046875,29483.666015625,29491.44140625,1750422.0
1783956420,29489.39453125,29498.9296875,29489.39453125,29496.013671875,1893237.0
1783956480,29497.73046875,29507.404296875,29497.73046875,29500.669921875,1783152.0
1783956540,29504.259765625,29510.30078125,29502.970703125,29502.970703125,1783612.0
1783956600,29502.1171875,29502.1171875,29484.1875,29487.0078125,1490491.0
1783956660,29488.3125,29500.67578125,29488.3125,29500.67578125,1720481.0
1783956720,29506.2421875,29514.373046875,29506.2421875,29514.373046875,1887253.0
1783956780,29509.53125,29510.265625,29500.25390625,29500.66796875,1631625.0
1783956840,29503.83984375,29510.1953125,29486.791015625,29486.791015625,1530416.0
1783956900,29487.87890625,29493.79296875,29470.60546875,29470.60546875,5268813.0
1783956960,29468.41015625,29472.30859375,29464.904296875,29467.263671875,1979133.0
1783957020,29467.91796875,29487.01171875,29467.91796875,29487.01171875,1556980.0
1783957080,29484.1875,29484.501953125,29480.04296875,29482.005859375,1446889.0
1783957140,29481.08203125,29481.146484375,29475.296875,29477.564453125,1479542.0
1783957200,29479.46484375,29479.46484375,29472.30859375,29478.984375,1434100.0
1783957260,29478.17578125,29478.17578125,29462.41796875,29463.369140625,1424452.0
1783957320,29462.302734375,29467.572265625,29458.052734375,29458.310546875,1918876.0
1783957380,29458.953125,29459.69921875,29451.1015625,29451.15625,1596263.0
1783957440,29451.34765625,29453.169921875,29446.72265625,29446.91796875,1662746.0
1783957500,29446.369140625,29446.369140625,29431.736328125,29435.419921875,1751323.0
1783957560,29429.984375,29436.8671875,29426.994140625,29436.8671875,1903358.0
1783957620,29437.533203125,29437.533203125,29424.1640625,29428.794921875,1623691.0
1783957680,29432.1640625,29432.1640625,29414.8359375,29416.14453125,1807112.0
1783957740,29415.919921875,29425.326171875,29415.919921875,29425.326171875,1691383.0
1783957800,29431.140625,29431.140625,29415.361328125,29418.15625,2608953.0
1783957860,29414.923828125,29416.486328125,29396.43359375,29398.939453125,2319867.0
1783957920,29397.67578125,29410.794921875,29397.67578125,29409.46484375,1870392.0
1783957980,29415.65625,29419.919921875,29415.033203125,29418.66796875,1695628.0
1783958040,29425.931640625,29425.931640625,29412.830078125,29415.72265625,1711893.0
1783958100,29418.427734375,29420.318359375,29410.248046875,29414.0078125,1755235.0
1783958160,29412.87890625,29412.87890625,29398.484375,29398.958984375,1628334.0
1783958220,29400.455078125,29407.0234375,29394.0546875,29406.2890625,3246064.0
1783958280,29405.95703125,29409.228515625,29401.048828125,29401.578125,2037198.0
1783958340,29402.642578125,29404.4375,29397.0625,29404.4375,1633475.0
1783958400,29400.84375,29403.22265625,29390.689453125,29393.078125,1848735.0
1783958460,29387.90234375,29405.8203125,29387.90234375,29399.904296875,1851586.0
1783958520,29400.490234375,29403.123046875,29390.962890625,29401.6796875,2747861.0
1783958580,29400.1171875,29409.359375,29398.580078125,29401.634765625,915579.0
1783958640,29401.658203125,29401.986328125,29386.98046875,29386.98046875,2569919.0
1783958700,29389.3203125,29391.265625,29379.79296875,29382.126953125,841401.0
1783958760,29382.232421875,29392.869140625,29382.232421875,29387.39453125,2631806.0
1783958820,29389.37890625,29394.634765625,29389.37890625,29392.072265625,1612694.0
1783958880,29393.8203125,29408.130859375,29393.8203125,29407.15625,2033616.0
1783958940,29407.3046875,29412.52734375,29403.96875,29412.52734375,2960854.0
1783959000,29411.111328125,29429.46875,29409.982421875,29429.46875,1347236.0
1783959060,29426.314453125,29429.1328125,29424.1640625,29424.72265625,3538137.0
1783959120,29424.701171875,29425.892578125,29402.205078125,29406.21875,2451471.0
1783959180,29406.65625,29411.048828125,29397.40234375,29398.80859375,1764287.0
1783959240,29402.744140625,29406.736328125,29394.990234375,29406.736328125,2992097.0
1783959300,29407.27734375,29407.27734375,29390.001953125,29392.525390625,1087718.0
1783959360,29392.923828125,29392.923828125,29370.732421875,29373.6015625,2806492.0
1783959420,29371.8203125,29375.56640625,29366.02734375,29375.56640625,965870.0
1783959480,29375.185546875,29375.185546875,29360.154296875,29364.8203125,2098734.0
1783959540,29367.890625,29379.080078125,29367.890625,29379.080078125,1952887.0
1783959600,29378.306640625,29378.306640625,29362.359375,29366.48046875,1779466.0
1783959660,29367.59765625,29374.732421875,29362.236328125,29362.236328125,2941004.0
1783959720,29363.4765625,29363.4765625,29355.896484375,29356.767578125,1164965.0
1783959780,29355.927734375,29356.556640625,29348.787109375,29356.556640625,3391420.0
1783959840,29356.283203125,29359.876953125,29351.279296875,29356.7421875,1045212.0
1783959900,29357.734375,29358.87109375,29349.8359375,29353.064453125,2457460.0
1783959960,29350.982421875,29352.373046875,29337.044921875,29351.0703125,1925561.0
1783960020,29346.474609375,29346.474609375,29337.14453125,29339.4140625,2116059.0
1783960080,29345.322265625,29358.560546875,29345.322265625,29353.275390625,2087442.0
1783960140,29354.90625,29354.90625,29333.69921875,29349.130859375,1779507.0
1783960200,29348.603515625,29348.603515625,29323.47265625,29324.189453125,2472684.0
1783960260,29317.70703125,29323.11328125,29310.037109375,29323.11328125,2063217.0
1783960320,29321.095703125,29325.54296875,29316.12109375,29319.095703125,2602759.0
1783960380,29320.287109375,29320.615234375,29309.02734375,29317.005859375,975232.0
1783960440,29315.591796875,29315.591796875,29302.578125,29303.021484375,1495268.0
1783960500,29302.0625,29303.28515625,29271.482421875,29272.322265625,2996123.0
1783960560,29273.89453125,29273.89453125,29252.90234375,29272.47265625,2770717.0
1783960620,29274.3359375,29275.90625,29261.87890625,29266.587890625,2593111.0
1783960680,29264.607421875,29291.095703125,29262.208984375,29291.095703125,3870330.0
1783960740,29297.5703125,29320.08984375,29297.5703125,29307.82421875,1388232.0
1783960800,29307.9921875,29316.447265625,29290.470703125,29292.958984375,3330409.0
1783960860,29291.646484375,29322.1640625,29291.646484375,29322.1640625,1146844.0
1783960920,29323.798828125,29335.70703125,29321.169921875,29334.984375,1739449.0
1783960980,29336.091796875,29339.765625,29329.640625,29334.509765625,1695757.0
1783961040,29338.31640625,29338.740234375,29319.40234375,29325.36328125,1311859.0
1783961100,29328.021484375,29343.1796875,29328.021484375,29333.5703125,2380173.0
1783961160,29329.333984375,29345.5859375,29329.333984375,29345.5859375,868708.0
1783961220,29344.595703125,29347.125,29334.646484375,29335.1796875,2011463.0
1783961280,29330.96484375,29330.96484375,29314.208984375,29319.14453125,1852643.0
1783961340,29318.822265625,29320.43359375,29305.818359375,29305.818359375,1532627.0
1783961400,29305.533203125,29306.32421875,29262.1015625,29273.025390625,3718119.0
1783961460,29279.669921875,29291.41015625,29279.669921875,29291.41015625,826159.0
1783961520,29289.8671875,29312.884765625,29289.8671875,29310.0703125,2225614.0
1783961580,29306.9453125,29309.796875,29302.369140625,29302.369140625,617015.0
1783961640,29301.19921875,29305.14453125,29297.05078125,29297.05078125,1392152.0
1783961700,29296.205078125,29296.205078125,29282.03515625,29292.912109375,1564708.0
1783961760,29298.09765625,29308.208984375,29298.09765625,29308.208984375,1739226.0
1783961820,29310.552734375,29327.6015625,29306.39453125,29327.412109375,2493797.0
1783961880,29329.990234375,29332.759765625,29320.099609375,29325.205078125,782243.0
1783961940,29323.671875,29323.671875,29309.865234375,29318.720703125,1836597.0
1783962000,29316.14453125,29337.470703125,29314.970703125,29336.279296875,802619.0
1783962060,29338.255859375,29343.78515625,29337.474609375,29337.90625,1573431.0
1783962120,29336.1328125,29337.52734375,29324.44921875,29325.30859375,1536028.0
1783962180,29326.564453125,29340.990234375,29326.564453125,29336.6015625,1427477.0
1783962240,29335.48828125,29338.681640625,29324.68359375,29324.68359375,1302331.0
1783962300,29320.70703125,29332.11328125,29317.998046875,29327.740234375,1484069.0
1783962360,29326.79296875,29336.43359375,29326.79296875,29330.4140625,2143964.0
1783962420,29330.591796875,29347.291015625,29330.591796875,29346.703125,656097.0
1783962480,29347.919921875,29348.087890625,29342.46875,29345.337890625,1952479.0
1783962540,29344.177734375,29360.982421875,29344.177734375,29358.94140625,646086.0
1783962600,29358.650390625,29370.548828125,29355.068359375,29355.068359375,1864978.0
1783962660,29354.587890625,29357.896484375,29345.7421875,29350.34765625,1479193.0
1783962720,29350.58203125,29355.70703125,29343.322265625,29343.322265625,1389102.0
1783962780,29346.640625,29353.69140625,29342.1640625,29342.1640625,2184567.0
1783962840,29338.783203125,29340.234375,29326.455078125,29334.244140625,788476.0
1783962900,29333.296875,29333.45703125,29318.1015625,29318.1015625,1860145.0
1783962960,29318.388671875,29319.708984375,29306.431640625,29317.453125,1069817.0
1783963020,29319.978515625,29325.26171875,29313.818359375,29325.26171875,1623456.0
1783963080,29323.294921875,29330.919921875,29321.162109375,29330.80859375,1433244.0
1783963140,29330.291015625,29338.470703125,29325.85546875,29335.74609375,1519329.0
1783963200,29332.7578125,29332.7578125,29320.056640625,29325.130859375,1428157.0
1783963260,29324.521484375,29324.521484375,29315.525390625,29321.837890625,1194807.0
1783963320,29323.228515625,29334.212890625,29321.107421875,29321.107421875,2552534.0
1783963380,29321.75390625,29322.197265625,29313.58203125,29313.67578125,782724.0
1783963440,29313.419921875,29313.421875,29302.466796875,29302.466796875,1748430.0
1783963500,29302.23046875,29305.373046875,29289.0390625,29289.2109375,4043346.0
1783963560,29291.724609375,29297.35546875,29290.51953125,29293.099609375,990721.0
1783963620,29294.3125,29307.94140625,29293.025390625,29301.73828125,2610394.0
1783963680,29306.765625,29309.12109375,29304.560546875,29309.12109375,776070.0
1783963740,29309.07421875,29309.07421875,29300.29296875,29304.259765625,2062645.0
1783963800,29305.74609375,29315.296875,29303.806640625,29315.296875,1708384.0
1783963860,29313.3203125,29313.3203125,29298.32421875,29305.84375,1742813.0
1783963920,29306.005859375,29310.177734375,29299.9609375,29310.029296875,1323161.0
1783963980,29311.3515625,29319.787109375,29311.3515625,29312.7265625,2886913.0
1783964040,29312.1796875,29320.1796875,29312.1796875,29313.302734375,1790832.0
1783964100,29309.236328125,29309.236328125,29297.703125,29304.263671875,665369.0
1783964160,29305.111328125,29305.111328125,29292.365234375,29293.7421875,2034286.0
1783964220,29294.693359375,29296.71484375,29292.3203125,29293.181640625,634567.0
1783964280,29294.0,29295.107421875,29288.78515625,29289.224609375,1422323.0
1783964340,29288.72265625,29288.8046875,29280.7734375,29288.8046875,1847852.0
1783964400,29284.224609375,29284.224609375,29274.57421875,29279.595703125,1930880.0
1783964460,29278.484375,29298.72265625,29277.193359375,29295.66796875,2716260.0
1783964520,29294.576171875,29299.818359375,29291.205078125,29291.205078125,806306.0
1783964580,29294.162109375,29307.3671875,29294.162109375,29304.705078125,2458931.0
1783964640,29305.12890625,29305.853515625,29299.470703125,29301.099609375,1325475.0
1783964700,29301.337890625,29310.298828125,29301.337890625,29308.609375,1834459.0
1783964760,29307.53125,29309.265625,29298.966796875,29303.37890625,1602313.0
1783964820,29302.5078125,29310.029296875,29299.326171875,29299.326171875,1528774.0
1783964880,29298.205078125,29298.205078125,29290.81640625,29292.166015625,1281873.0
1783964940,29288.923828125,29288.923828125,29282.013671875,29282.091796875,1521519.0
1783965000,29282.00390625,29282.00390625,29266.716796875,29272.02734375,2517353.0
1783965060,29271.150390625,29272.541015625,29259.41796875,29265.2421875,914046.0
1783965120,29264.986328125,29276.77734375,29259.376953125,29276.77734375,3128221.0
1783965180,29275.021484375,29280.431640625,29260.84375,29264.3046875,832325.0
1783965240,29266.08203125,29277.05078125,29263.58203125,29275.001953125,1620734.0
1783965300,29275.609375,29282.166015625,29275.33203125,29277.970703125,1850913.0
1783965360,29276.943359375,29276.943359375,29267.13671875,29274.9453125,1377477.0
1783965420,29272.931640625,29283.6484375,29270.498046875,29277.140625,2183625.0
1783965480,29276.46875,29281.580078125,29274.2734375,29280.537109375,503134.0
1783965540,29280.126953125,29280.744140625,29267.57421875,29269.431640625,2054906.0
1783965600,29271.400390625,29295.029296875,29269.890625,29293.4453125,833825.0
1783965660,29294.07421875,29306.470703125,29293.12890625,29301.0859375,1776838.0
1783965720,29300.630859375,29307.373046875,29295.69921875,29295.69921875,2516602.0
1783965780,29297.21484375,29300.41796875,29294.16015625,29300.41796875,796368.0
1783965840,29300.263671875,29304.025390625,29291.828125,29291.828125,1988347.0
1783965900,29291.95703125,29324.490234375,29291.95703125,29324.490234375,1033669.0
1783965960,29323.732421875,29326.169921875,29315.439453125,29319.654296875,1618555.0
1783966020,29318.69140625,29318.69140625,29309.84765625,29318.14453125,1260656.0
1783966080,29316.490234375,29317.59375,29313.15625,29313.15625,1144005.0
1783966140,29312.56640625,29312.56640625,29298.5546875,29298.87109375,1523978.0
1783966200,29298.908203125,29298.908203125,29282.8984375,29282.8984375,1199968.0
1783966260,29281.015625,29281.015625,29270.15234375,29278.671875,2084714.0
1783966320,29278.978515625,29280.0703125,29276.150390625,29278.912109375,590066.0
1783966380,29281.5546875,29293.845703125,29281.5546875,29293.845703125,1544818.0
1783966440,29297.03125,29308.759765625,29297.03125,29308.759765625,1597535.0
1783966500,29306.27734375,29311.921875,29299.1875,29303.193359375,1325231.0
1783966560,29303.310546875,29305.228515625,29296.40625,29296.40625,1297375.0
1783966620,29297.09765625,29302.427734375,29291.35546875,29291.35546875,1076160.0
1783966680,29291.623046875,29291.623046875,29271.5078125,29271.5078125,2963702.0
1783966740,29272.072265625,29272.072265625,29262.755859375,29270.16015625,948080.0
1783966800,29274.091796875,29276.154296875,29267.5,29275.45703125,1941635.0
1783966860,29275.333984375,29277.931640625,29271.412109375,29275.75390625,687008.0
1783966920,29276.681640625,29278.048828125,29270.689453125,29270.689453125,1252639.0
1783966980,29269.322265625,29277.177734375,29267.978515625,29276.5078125,1329758.0
1783967040,29279.166015625,29291.78125,29273.904296875,29291.78125,1469130.0
1783967100,29290.076171875,29290.076171875,29272.0546875,29281.06640625,3145427.0
1783967160,29285.93359375,29285.93359375,29274.404296875,29274.568359375,742143.0
1783967220,29273.794921875,29278.931640625,29272.517578125,29272.517578125,2269386.0
1783967280,29273.533203125,29277.0,29267.29296875,29268.123046875,732677.0
1783967340,29267.974609375,29272.1796875,29264.29296875,29264.57421875,1743056.0
1783967400,29263.66796875,29263.66796875,29246.283203125,29251.55078125,2170049.0
1783967460,29247.966796875,29273.12890625,29246.154296875,29273.12890625,1695321.0
1783967520,29276.63671875,29284.662109375,29276.63671875,29277.591796875,1993703.0
1783967580,29277.765625,29286.875,29274.630859375,29282.515625,2271817.0
1783967640,29280.55078125,29282.115234375,29266.734375,29266.734375,719510.0
1783967700,29264.390625,29281.453125,29261.767578125,29281.21875,2243617.0
1783967760,29284.85546875,29285.193359375,29275.5234375,29284.859375,795141.0
1783967820,29281.880859375,29289.73828125,29278.396484375,29288.82421875,1170163.0
1783967880,29289.03515625,29296.33203125,29289.03515625,29293.10546875,2194269.0
1783967940,29290.3203125,29290.759765625,29281.5625,29289.185546875,609410.0
1783968000,29287.091796875,29295.119140625,29285.447265625,29295.119140625,2146618.0
1783968060,29294.0234375,29298.484375,29290.876953125,29296.77734375,746572.0
1783968120,29296.45703125,29297.751953125,29293.45703125,29295.04296875,1549315.0
1783968180,29297.607421875,29304.9921875,29290.66015625,29290.66015625,1628870.0
1783968240,29290.203125,29292.072265625,29287.66015625,29290.3359375,1313212.0
1783968300,29291.96484375,29296.267578125,29288.22265625,29288.34375,2038875.0
1783968360,29287.447265625,29294.822265625,29286.359375,29292.32421875,1487990.0
1783968420,29291.759765625,29295.607421875,29290.919921875,29293.603515625,2435696.0
1783968480,29292.53515625,29298.412109375,29283.9296875,29284.8515625,1509954.0
1783968540,29286.666015625,29301.41015625,29286.666015625,29301.103515625,1354666.0
1783968600,29300.8046875,29301.095703125,29286.337890625,29293.787109375,1980568.0
1783968660,29295.4453125,29305.568359375,29295.4453125,29304.15625,625406.0
1783968720,29305.734375,29309.56640625,29302.734375,29305.236328125,2251681.0
1783968780,29304.05859375,29305.37109375,29299.095703125,29302.474609375,891285.0
1783968840,29301.16796875,29309.75390625,29298.947265625,29298.947265625,1677189.0
1783968900,29297.673828125,29301.806640625,29291.572265625,29291.572265625,1311576.0
1783968960,29291.6484375,29299.65625,29291.6484375,29299.638671875,2687738.0
1783969020,29298.876953125,29298.876953125,29289.830078125,29296.990234375,4542958.0
1783969080,29296.91796875,29296.91796875,29278.4296875,29278.4296875,1387377.0
1783969140,29277.298828125,29285.87890625,29277.298828125,29284.69140625,2933803.0
1783969200,29287.634765625,29287.634765625,29270.33203125,29275.73046875,1951339.0
1783969260,29277.224609375,29298.259765625,29277.029296875,29298.259765625,1789824.0
1783969320,29298.66015625,29304.095703125,29298.09375,29303.580078125,2565501.0
1783969380,29303.505859375,29313.466796875,29303.23828125,29306.208984375,963207.0
1783969440,29305.236328125,29311.19921875,29304.9609375,29308.77734375,2204920.0
1783969500,29307.015625,29310.2109375,29302.3203125,29309.2578125,910573.0
1783969560,29309.91796875,29316.5,29287.626953125,29287.626953125,2029996.0
1783969620,29286.87109375,29286.87109375,29275.751953125,29278.330078125,2346362.0
1783969680,29277.373046875,29284.0390625,29276.796875,29281.16015625,3704649.0
1783969740,29281.240234375,29281.966796875,29270.322265625,29270.322265625,1622706.0
1783969800,29271.44921875,29271.44921875,29259.044921875,29259.7109375,2494261.0
1783969860,29259.5234375,29259.5234375,29251.22265625,29251.728515625,2812847.0
1783969920,29252.09375,29252.20703125,29246.78125,29247.90234375,997132.0
1783969980,29247.263671875,29254.7890625,29243.08984375,29250.615234375,2114222.0
1783970040,29252.9921875,29262.126953125,29249.330078125,29255.208984375,2822011.0
1783970100,29252.947265625,29253.30078125,29246.462890625,29247.841796875,1098965.0
1783970160,29248.251953125,29253.2578125,29248.177734375,29249.412109375,3264088.0
1783970220,29254.615234375,29257.55859375,29250.68359375,29254.716796875,1484700.0
1783970280,29253.732421875,29254.001953125,29246.37890625,29247.619140625,1863555.0
1783970340,29248.150390625,29254.80859375,29245.779296875,29245.779296875,1876144.0
1783970400,29246.75,29246.75,29233.43359375,29240.6328125,3332937.0
1783970460,29237.4453125,29241.943359375,29235.19921875,29236.04296875,1207235.0
1783970520,29236.84375,29238.052734375,29230.263671875,29235.890625,2400113.0
1783970580,29237.728515625,29237.728515625,29213.646484375,29223.060546875,2488394.0
1783970640,29222.71875,29226.923828125,29218.271484375,29226.923828125,3276567.0
1783970700,29225.5703125,29225.5703125,29215.14453125,29224.548828125,1029053.0
1783970760,29224.150390625,29225.962890625,29217.66796875,29217.66796875,2599330.0
1783970820,29215.8046875,29215.8046875,29204.796875,29204.796875,2131875.0
1783970880,29203.943359375,29215.576171875,29200.115234375,29214.501953125,2025825.0
1783970940,29214.779296875,29216.314453125,29204.40234375,29209.90234375,2511146.0
1783971000,29213.99609375,29238.576171875,29208.796875,29238.576171875,3597619.0
1783971060,29232.1171875,29239.5546875,29230.78125,29230.78125,3893751.0
1783971120,29233.529296875,29238.470703125,29231.47265625,29231.47265625,1179776.0
1783971180,29232.8515625,29240.576171875,29226.90234375,29229.001953125,3897747.0
1783971240,29232.26953125,29232.26953125,29226.234375,29228.96484375,1348945.0
1783971300,29226.048828125,29226.048828125,29207.5078125,29210.513671875,2774537.0
1783971360,29210.451171875,29210.451171875,29197.96484375,29205.861328125,3163743.0
1783971420,29200.82421875,29207.630859375,29197.244140625,29203.623046875,2357722.0
1783971480,29203.134765625,29209.029296875,29190.466796875,29191.595703125,2120750.0
1783971540,29194.20703125,29196.244140625,29189.87109375,29196.244140625,2928126.0
1783971600,29196.50390625,29207.8671875,29192.982421875,29207.8671875,2553648.0
1783971660,29206.365234375,29206.646484375,29203.880859375,29204.85546875,1368156.0
1783971720,29319.4,29331.4,29312.7,29331.0,272.0
1783971780,29244.9140625,29244.9140625,29244.9140625,29244.9140625,0.0
1783971840,29242.646484375,29248.15234375,29241.572265625,29242.42578125,860134337.0
1783971900,29247.30078125,29247.30078125,29233.849609375,29233.849609375,2292736.0
1783971960,29234.212890625,29234.212890625,29227.205078125,29229.587890625,3205320.0
1783972020,29228.2734375,29233.177734375,29228.2734375,29231.875,2886078.0
1783972080,29231.48828125,29247.783203125,29231.48828125,29247.783203125,3089311.0
1783972140,29250.240234375,29255.76171875,29250.240234375,29252.330078125,5003041.0
1783972200,29268.65234375,29278.689453125,29268.65234375,29278.689453125,3576548.0
1783972260,29274.29296875,29291.916015625,29274.29296875,29291.916015625,7363324.0
1783972320,29294.056640625,29294.056640625,29285.095703125,29289.212890625,4814663.0
1783972380,29283.1875,29286.5,29267.19921875,29267.19921875,4806989.0
1783972440,29266.5234375,29275.30859375,29252.0234375,29266.59765625,8970654.0
1783972500,29263.009765625,29275.96875,29263.009765625,29275.96875,3382058.0
1783972560,29273.431640625,29274.494140625,29263.44140625,29274.494140625,9345237.0
1783972620,29279.673828125,29286.5390625,29279.673828125,29286.5390625,3124697.0
1783972680,29284.923828125,29289.943359375,29283.642578125,29289.0234375,5696156.0
1783972740,29292.3203125,29292.880859375,29263.078125,29263.078125,6192426.0
1783972800,29311.8,29334.9,29302.5,29334.9,258.0
1783972860,29335.0,29339.0,29328.7,29329.8,273.0
1783972920,29329.4,29336.3,29318.8,29321.8,253.0
1783972980,29323.0,29338.4,29319.8,29330.9,244.0
1783973040,29331.4,29337.7,29315.3,29315.7,251.0
1783973100,29315.3,29330.7,29310.5,29320.7,257.0
1783973160,29319.9,29333.9,29319.8,29328.3,247.0
1783973220,29329.3,29343.9,29325.9,29341.8,258.0
1783973280,29341.9,29344.4,29332.4,29337.2,253.0
1783973340,29336.4,29357.0,29336.4,29351.0,238.0
1783973400,29350.9,29365.9,29346.7,29347.9,249.0
1783973460,29347.2,29354.4,29337.5,29344.8,251.0
1783973520,29344.3,29351.3,29334.8,29339.8,259.0
1783973580,29340.4,29348.4,29332.7,29332.7,256.0
1783973640,29332.4,29332.5,29318.0,29326.4,243.0
1783973700,29326.9,29329.2,29311.4,29312.5,259.0
1783973760,29312.0,29317.4,29297.3,29314.2,267.0
1783973820,29313.9,29324.0,29304.5,29319.9,260.0
1783973880,29319.4,29329.2,29314.7,29328.5,252.0
1783973940,29328.8,29337.3,29321.7,29326.7,239.0
1783974000,29326.7,29326.7,29312.4,29321.9,245.0
1783974060,29321.9,29323.2,29308.4,29319.2,239.0
1783974120,29319.2,29330.2,29314.0,29315.3,247.0
1783974180,29314.7,29318.7,29309.2,29310.2,236.0
1783974240,29310.3,29312.4,29295.9,29298.5,262.0
1783974300,29299.3,29302.7,29283.8,29288.2,266.0
1783974360,29288.0,29295.0,29286.2,29291.5,241.0
1783974420,29290.5,29306.4,29288.0,29300.7,248.0
1783974480,29300.4,29309.0,29299.2,29306.9,250.0
1783974540,29306.7,29309.0,29294.7,29303.2,241.0
1783974600,29304.7,29314.2,29297.9,29313.8,260.0
1783974660,29311.9,29311.9,29292.7,29302.0,261.0
1783974720,29302.0,29308.5,29294.4,29307.4,249.0
1783974780,29307.2,29316.8,29304.3,29308.4,239.0
1783974840,29308.4,29318.3,29303.0,29311.3,239.0
1783974900,29312.0,29312.2,29293.0,29303.2,246.0
1783974960,29302.9,29308.0,29285.4,29290.3,259.0
1783975020,29290.0,29294.2,29285.2,29290.4,254.0
1783975080,29290.0,29293.4,29283.2,29285.7,247.0
1783975140,29285.7,29286.2,29273.7,29284.9,250.0
1783975200,29285.2,29285.7,29271.5,29274.8,251.0
1783975260,29275.7,29297.3,29272.5,29291.0,244.0
1783975320,29290.3,29298.0,29285.2,29287.0,231.0
1783975380,29291.8,29306.9,29291.2,29301.4,240.0
1783975440,29301.2,29303.3,29295.4,29298.7,219.0
1783975500,29298.8,29311.7,29298.2,29305.2,235.0
1783975560,29304.9,29308.9,29294.7,29301.2,240.0
1783975620,29301.3,29307.4,29293.9,29293.9,245.0
1783975680,29293.7,29297.4,29284.8,29286.7,239.0
1783975740,29286.2,29286.2,29276.9,29278.9,234.0
1783975800,29278.2,29282.3,29262.0,29269.2,245.0
1783975860,29269.5,29271.4,29256.7,29262.7,243.0
1783975920,29262.5,29274.7,29254.2,29272.7,258.0
1783975980,29272.9,29279.2,29254.9,29259.9,250.0
1783976040,29260.7,29275.7,29257.2,29273.9,247.0
1783976100,29273.7,29281.3,29271.0,29274.5,259.0
1783976160,29275.8,29276.8,29262.3,29266.8,245.0
1783976220,29266.8,29283.0,29263.4,29273.2,254.0
1783976280,29273.0,29278.5,29267.7,29276.2,254.0
1783976340,29275.4,29279.7,29262.9,29264.9,234.0
1783976400,29266.8,29292.5,29262.3,29287.2,267.0
1783976460,29286.7,29304.5,29284.7,29295.4,263.0
1783976520,29295.5,29304.9,29289.3,29291.2,261.0
1783976580,29291.4,29297.8,29285.7,29295.2,264.0
1783976640,29295.5,29299.5,29283.9,29286.3,257.0
1783976700,29285.2,29323.4,29285.0,29319.0,263.0
1783976760,29319.7,29324.0,29307.9,29314.2,252.0
1783976820,29314.4,29315.8,29303.9,29312.9,251.0
1783976880,29312.3,29313.8,29306.5,29306.7,239.0
1783976940,29306.7,29306.9,29289.8,29293.2,227.0
1783977000,29293.2,29294.2,29275.2,29275.9,260.0
1783977060,29275.8,29275.8,29263.0,29274.5,238.0
1783977120,29274.9,29276.5,29269.7,29275.3,251.0
1783977180,29274.7,29292.9,29273.7,29292.9,249.0
1783977240,29293.4,29303.2,29288.9,29301.7,242.0
1783977300,29300.9,29306.9,29290.4,29297.5,238.0
1783977360,29296.8,29301.0,29288.2,29288.3,246.0
1783977420,29287.4,29295.5,29283.5,29284.0,241.0
1783977480,29284.9,29285.4,29262.9,29263.4,248.0
1783977540,29263.3,29266.8,29253.5,29266.8,242.0
1783977600,29268.0,29272.0,29258.9,29267.8,250.0
1783977660,29267.4,29274.3,29264.4,29269.9,233.0
1783977720,29270.4,29273.3,29262.7,29263.2,243.0
1783977780,29263.4,29275.4,29259.4,29275.4,238.0
1783977840,29276.0,29289.5,29266.0,29287.8,239.0
1783977900,29286.0,29289.0,29264.2,29277.4,243.0
1783977960,29278.8,29284.0,29267.0,29267.7,244.0
1783978020,29266.9,29274.9,29266.3,29268.9,233.0
1783978080,29268.3,29274.2,29261.5,29264.2,249.0
1783978140,29264.0,29269.9,29257.8,29260.2,234.0
1783978200,29259.9,29260.4,29240.7,29241.9,250.0
1783978260,29242.2,29273.7,29240.4,29273.5,252.0
1783978320,29273.5,29282.7,29269.7,29271.7,262.0
1783978380,29271.4,29282.8,29267.2,29277.8,251.0
1783978440,29277.9,29277.9,29260.2,29260.4,237.0
1783978500,29260.4,29278.0,29257.2,29277.3,241.0
1783978560,29277.8,29282.4,29267.4,29276.3,254.0
1783978620,29277.3,29286.2,29271.8,29283.4,261.0
1783978680,29283.4,29293.0,29282.5,29284.8,252.0
1783978740,29284.4,29287.2,29272.5,29282.8,245.0
1783978800,29282.7,29291.2,29279.2,29289.8,233.0
1783978860,29289.8,29293.2,29282.9,29290.9,244.0
1783978920,29290.8,29294.0,29285.9,29292.9,251.0
1783978980,29292.4,29302.5,29284.4,29285.0,239.0
1783979040,29284.3,29288.0,29280.3,29286.3,217.0
1783979100,29287.7,29292.4,29276.2,29282.0,241.0
1783979160,29282.2,29290.4,29277.9,29285.7,253.0
1783979220,29285.9,29290.8,29282.7,29286.8,222.0
1783979280,29287.2,29291.9,29277.0,29279.8,234.0
1783979340,29279.2,29298.8,29279.2,29295.0,232.0
1783979400,29294.9,29296.5,29278.7,29290.4,251.0
1783979460,29290.5,29301.2,29287.7,29297.5,225.0
1783979520,29297.5,29306.2,29296.4,29300.4,223.0
1783979580,29300.5,29301.3,29289.9,29295.5,236.0
1783979640,29295.7,29306.4,29290.2,29290.4,235.0
1783979700,29289.9,29297.0,29283.2,29284.9,232.0
1783979760,29284.8,29295.9,29283.2,29293.8,249.0
1783979820,29293.4,29293.9,29283.3,29290.2,244.0
1783979880,29289.8,29292.4,29271.3,29272.4,242.0
1783979940,29273.4,29279.7,29269.4,29278.5,240.0
1783980000,29281.5,29282.7,29261.0,29268.3,250.0
1783980060,29268.3,29293.7,29267.7,29291.9,249.0
1783980120,29292.4,29301.5,29290.7,29300.2,234.0
1783980180,29299.2,29307.2,29296.4,29297.2,234.0
1783980240,29297.2,29305.7,29296.4,29303.2,223.0
1783980300,29303.7,29304.9,29294.9,29303.4,227.0
1783980360,29302.8,29309.9,29279.8,29280.5,250.0
1783980420,29280.4,29281.7,29270.4,29272.5,236.0
1783980480,29271.7,29279.9,29269.8,29276.9,224.0
1783980540,29277.2,29278.4,29264.4,29264.7,231.0
1783980600,29264.4,29266.9,29250.9,29254.2,253.0
1783980660,29254.9,29255.2,29244.9,29246.5,249.0
1783980720,29246.7,29248.4,29241.4,29244.0,246.0
1783980780,29243.7,29250.9,29238.0,29249.0,259.0
1783980840,29248.0,29260.0,29242.2,29249.7,229.0
1783980900,29249.7,29251.2,29240.9,29244.2,249.0
1783980960,29243.7,29251.7,29241.5,29244.4,239.0
1783981020,29244.5,29253.7,29242.4,29249.5,238.0
1783981080,29249.9,29250.9,29240.4,29244.4,232.0
1783981140,29243.9,29252.4,29241.2,29241.8,241.0
1783981200,29241.9,29243.4,29226.4,29235.4,246.0
1783981260,29235.2,29238.9,29229.9,29232.5,254.0
1783981320,29232.2,29233.0,29222.5,29227.5,229.0
1783981380,29228.9,29234.4,29205.0,29217.0,252.0
1783981440,29217.9,29222.5,29209.9,29220.3,251.0
1783981500,29220.4,29220.7,29208.5,29219.4,242.0
1783981560,29218.9,29221.9,29208.3,29210.0,241.0
1783981620,29210.5,29210.5,29198.4,29198.4,230.0
1783981680,29199.4,29209.5,29191.5,29208.3,244.0
1783981740,29208.3,29211.2,29195.3,29204.7,256.0
1783981800,29205.4,29230.7,29198.8,29223.7,274.0
1783981860,29224.0,29231.4,29217.5,29223.8,273.0
1783981920,29223.9,29231.9,29221.4,29224.3,255.0
1783981980,29225.2,29234.4,29219.0,29224.3,252.0
1783982040,29225.3,29228.2,29217.2,29222.7,240.0
1783982100,29223.4,29223.4,29195.5,29202.0,258.0
1783982160,29202.3,29202.5,29188.4,29197.2,258.0
1783982220,29197.2,29201.5,29189.5,29197.8,262.0
1783982280,29197.5,29201.5,29183.5,29186.2,257.0
1783982340,29185.7,29192.2,29183.5,29191.9,239.0
1783982400,29192.2,29204.9,29185.0,29202.9,247.0
1783982460,29202.2,29208.2,29196.2,29208.2,249.0
1783982520,29208.4,29221.9,29208.4,29221.2,258.0
1783982580,29220.8,29238.2,29219.7,29236.2,249.0
1783982640,29236.2,29241.3,29231.3,29236.4,230.0
1783982700,29238.2,29241.9,29226.0,29228.5,245.0
1783982760,29228.2,29229.9,29220.9,29222.2,239.0
1783982820,29222.2,29228.7,29220.7,29225.5,235.0
1783982880,29225.8,29242.9,29225.7,29242.7,238.0
1783982940,29242.4,29247.0,29241.3,29245.5,239.0
1783983000,29244.9,29270.4,29244.9,29268.2,245.0
1783983060,29267.9,29285.5,29264.2,29284.3,257.0
1783983120,29284.4,29285.7,29276.7,29283.0,257.0
1783983180,29279.7,29281.3,29259.7,29263.8,263.0
1783983240,29259.8,29272.8,29246.8,29252.5,251.0
1783983300,29252.9,29272.4,29252.9,29271.2,260.0
1783983360,29271.4,29271.4,29254.9,29269.8,245.0
1783983420,29269.5,29281.2,29269.5,29279.9,261.0
1783983480,29279.9,29288.5,29276.8,29288.5,217.0
1783983540,29287.8,29289.3,29251.0,29251.0,268.0
1783983600,29251.7,29258.8,29236.5,29252.2,266.0
1783983660,29250.5,29255.4,29247.2,29253.4,233.0
1783983720,29253.4,29258.8,29244.7,29249.2,205.0
1783983780,29248.4,29249.9,29244.3,29247.3,184.0
1783983840,29249.7,29254.4,29246.0,29248.2,193.0
1783983900,29248.7,29255.9,29247.7,29251.2,206.0
1783983960,29251.2,29255.9,29244.4,29244.7,191.0
1783984020,29244.8,29250.2,29239.2,29249.3,204.0
1783984080,29249.4,29251.4,29244.5,29247.5,186.0
1783984140,29247.2,29251.4,29235.7,29238.3,203.0
1783984200,29238.4,29239.8,29222.0,29237.5,226.0
1783984260,29237.5,29243.7,29231.5,29243.3,208.0
1783984320,29243.4,29246.5,29240.8,29245.7,179.0
1783984380,29244.9,29245.3,29236.5,29239.0,198.0
1783984440,29239.3,29245.9,29239.0,29239.5,198.0
1783984500,29240.2,29240.3,29204.4,29204.4,187.0
1783984560,29204.3,29207.2,29195.9,29203.4,221.0
1783984620,29203.8,29203.8,29175.5,29201.2,238.0
1783984680,29202.9,29203.5,29195.8,29201.2,190.0
1783984740,29201.3,29205.7,29199.5,29204.9,137.0
1783984800,29205.5,29211.0,29205.4,29208.7,158.0
1783984860,29208.8,29208.8,29201.7,29207.4,139.0
1783984920,29207.4,29217.0,29207.4,29214.7,125.0
1783984980,29214.5,29220.0,29213.0,29215.9,146.0
1783985040,29215.9,29220.2,29210.0,29217.8,159.0
1783985100,29217.8,29221.3,29216.5,29216.5,117.0
1783985160,29217.0,29219.5,29212.5,29219.4,133.0
1783985220,29219.5,29220.2,29215.5,29218.9,130.0
1783985280,29218.9,29221.4,29218.2,29220.8,116.0
1783985340,29220.9,29226.7,29220.3,29222.2,128.0
1783985400,29222.2,29222.2,29212.2,29212.7,139.0
1783985460,29212.7,29215.7,29212.4,29214.9,110.0
1783985520,29214.9,29214.9,29209.9,29213.0,129.0
1783985580,29213.2,29217.7,29211.4,29217.7,114.0
1783985640,29217.7,29222.3,29216.9,29218.4,119.0
1783985700,29218.4,29218.9,29215.9,29218.9,108.0
1783985760,29219.0,29223.2,29218.4,29221.7,101.0
1783985820,29222.2,29222.3,29219.7,29220.4,78.0
1783985880,29219.9,29222.2,29218.2,29222.0,85.0
1783985940,29222.2,29223.2,29221.2,29222.2,96.0
1783986000,29222.0,29222.3,29216.3,29217.5,95.0
1783986060,29217.9,29218.5,29213.7,29216.8,97.0
1783986120,29216.8,29218.5,29212.0,29218.5,103.0
1783986180,29218.5,29224.7,29218.4,29223.4,116.0
1783986240,29223.4,29224.2,29213.7,29220.0,113.0
1783986300,29219.4,29222.9,29216.3,29217.2,145.0
1783986360,29216.9,29219.2,29213.7,29213.9,107.0
1783986420,29213.9,29216.9,29211.0,29212.0,134.0
1783986480,29212.2,29216.4,29212.2,29213.2,113.0
1783986540,29213.2,29214.7,29211.9,29214.2,97.0
1783986600,29213.9,29215.4,29207.9,29207.9,120.0
1783986660,29208.0,29208.2,29204.9,29207.7,130.0
1783986720,29207.7,29213.5,29207.4,29212.9,127.0
1783986780,29212.8,29218.5,29212.8,29213.7,91.0
1783986840,29213.7,29221.2,29212.9,29218.9,99.0
1783986900,29218.9,29222.4,29217.7,29221.9,73.0
1783986960,29221.9,29225.8,29219.2,29225.5,71.0
1783987020,29225.4,29228.7,29217.5,29219.4,115.0
1783987080,29219.4,29221.2,29216.4,29216.7,90.0
1783990800,29232.4,29268.1,29232.4,29260.4,200.0
1783990860,29259.5,29268.4,29255.7,29256.0,158.0
1783990920,29256.0,29260.0,29250.2,29252.4,132.0
1783990980,29252.2,29255.9,29238.9,29244.9,148.0
1783991040,29245.0,29247.6,29234.6,29236.7,124.0
1783991100,29238.2,29262.5,29238.2,29260.2,168.0
1783991160,29261.1,29264.4,29257.2,29258.1,121.0
1783991220,29258.0,29261.9,29253.4,29260.7,121.0
1783991280,29260.7,29261.5,29252.6,29255.2,100.0
1783991340,29255.2,29263.1,29253.0,29255.4,117.0
1783991400,29255.4,29256.2,29248.7,29253.2,123.0
1783991460,29253.4,29253.6,29246.5,29247.4,112.0
1783991520,29247.4,29256.7,29247.1,29249.5,114.0
1783991580,29249.1,29251.6,29246.2,29246.2,83.0
1783991640,29246.4,29248.5,29241.4,29241.6,85.0
1783991700,29241.7,29249.6,29241.6,29247.7,100.0
1783991760,29247.7,29248.6,29243.0,29246.4,68.0
1783991820,29246.2,29249.5,29243.5,29247.5,50.0
1783991880,29247.5,29253.4,29246.7,29251.1,80.0
1783991940,29251.2,29252.0,29246.2,29246.2,76.0
1783992000,29246.2,29256.7,29246.0,29254.1,89.0
1783992060,29254.1,29254.1,29245.0,29245.0,80.0
1783992120,29245.0,29247.7,29240.7,29241.2,79.0
1783992180,29241.0,29243.7,29240.1,29242.6,57.0
1783992240,29242.1,29242.2,29228.5,29230.1,116.0
1783992300,29230.2,29232.9,29226.1,29229.0,116.0
1783992360,29229.0,29236.0,29229.0,29235.7,68.0
1783992420,29235.7,29236.2,29234.9,29236.0,53.0
1783992480,29236.0,29237.2,29226.2,29228.0,85.0
1783992540,29228.1,29229.7,29221.7,29223.0,90.0
1783992600,29223.1,29224.7,29220.6,29221.7,112.0
1783992660,29221.9,29223.7,29218.7,29223.6,92.0
1783992720,29223.6,29223.6,29220.7,29221.0,60.0
1783992780,29221.0,29224.6,29216.7,29218.1,80.0
1783992840,29218.2,29222.9,29218.2,29220.7,77.0
1783992900,29220.7,29224.2,29219.2,29221.7,77.0
1783992960,29221.7,29223.1,29219.9,29220.5,52.0
1783993020,29220.5,29221.2,29217.1,29217.7,63.0
1783993080,29217.6,29220.4,29216.2,29220.2,79.0
1783993140,29220.2,29223.1,29218.4,29223.1,84.0
1783993200,29223.4,29229.7,29222.7,29225.2,128.0
1783993260,29225.1,29227.4,29224.7,29226.7,79.0
1783993320,29226.7,29227.4,29224.6,29224.9,47.0
1783993380,29225.0,29226.2,29223.2,29225.0,52.0
1783993440,29225.1,29232.5,29225.1,29231.1,79.0
1783993500,29231.0,29242.4,29227.6,29239.6,98.0
1783993560,29239.6,29248.4,29239.2,29241.0,85.0
1783993620,29241.0,29245.6,29239.0,29245.2,89.0
1783993680,29245.1,29245.2,29240.5,29242.0,65.0
1783993740,29241.9,29242.5,29234.4,29234.9,71.0
1783993800,29234.9,29236.6,29219.7,29219.7,95.0
1783993860,29220.2,29225.2,29220.1,29222.2,79.0
1783993920,29222.1,29222.2,29205.7,29213.9,131.0
1783993980,29213.9,29214.6,29205.5,29206.0,84.0
1783994040,29206.0,29207.5,29200.4,29200.5,123.0
1783994100,29200.4,29201.0,29184.4,29190.6,186.0
1783994160,29190.5,29190.9,29184.0,29185.4,142.0
1783994220,29185.4,29192.0,29185.2,29189.7,123.0
1783994280,29189.7,29192.5,29186.1,29192.4,99.0
1783994340,29192.4,29192.4,29187.1,29188.4,95.0
1783994400,29188.7,29189.0,29180.1,29183.2,113.0
1783994460,29183.2,29186.1,29179.2,29183.2,98.0
1783994520,29183.4,29187.4,29182.0,29185.1,99.0
1783994580,29185.2,29192.1,29182.0,29182.0,114.0
1783994640,29182.0,29183.0,29161.9,29163.2,198.0
1783994700,29163.9,29176.6,29163.5,29174.9,151.0
1783994760,29174.9,29176.6,29172.9,29175.4,115.0
1783994820,29175.4,29178.2,29166.9,29168.1,118.0
1783994880,29168.6,29174.2,29165.4,29170.6,108.0
1783994940,29171.1,29176.2,29168.9,29173.6,109.0
1783995000,29173.6,29177.5,29171.9,29175.9,128.0
1783995060,29175.5,29177.5,29163.9,29166.7,99.0
1783995120,29166.9,29168.2,29159.1,29164.0,146.0
1783995180,29164.0,29172.7,29158.0,29170.5,144.0
1783995240,29170.5,29170.9,29167.7,29169.9,81.0
1783995300,29169.9,29171.1,29164.6,29168.9,99.0
1783995360,29170.6,29178.9,29170.6,29177.2,129.0
1783995420,29177.2,29178.2,29174.9,29177.0,87.0
1783995480,29177.0,29179.5,29175.9,29179.0,88.0
1783995540,29179.0,29179.1,29175.5,29178.2,86.0
1783995600,29178.2,29182.2,29174.6,29175.5,102.0
1783995660,29175.5,29183.1,29175.2,29176.7,108.0
1783995720,29176.7,29180.0,29172.0,29173.7,99.0
1783995780,29173.7,29187.0,29172.5,29186.0,110.0
1783995840,29184.7,29188.2,29181.9,29181.9,91.0
1783995900,29181.7,29182.9,29178.9,29180.7,81.0
1783995960,29180.7,29182.7,29178.7,29180.4,72.0
1783996020,29180.4,29182.9,29178.4,29178.7,74.0
1783996080,29178.7,29179.4,29176.4,29177.6,75.0
1783996140,29178.5,29179.0,29150.9,29156.4,112.0
1783996200,29156.5,29158.0,29145.2,29146.1,148.0
1783996260,29146.1,29148.0,29143.9,29144.4,122.0
1783996320,29144.4,29145.4,29140.9,29142.6,135.0
1783996380,29142.7,29143.7,29137.9,29141.5,131.0
1783996440,29141.7,29143.4,29139.9,29140.7,101.0
1783996500,29140.5,29155.7,29139.9,29155.7,105.0
1783996560,29155.6,29164.4,29150.0,29150.0,140.0
1783996620,29149.9,29150.7,29146.7,29148.9,106.0
1783996680,29148.7,29150.5,29140.0,29141.6,107.0
1783996740,29141.6,29144.9,29141.0,29143.2,90.0
1783996800,29143.1,29146.5,29139.0,29142.0,102.0
1783996860,29142.2,29144.4,29132.0,29134.0,134.0
1783996920,29134.0,29135.7,29123.7,29126.7,131.0
1783996980,29127.2,29127.7,29118.6,29127.5,154.0
1783997040,29127.5,29129.0,29118.1,29122.2,144.0
1783997100,29122.4,29141.7,29116.7,29132.2,245.0
1783997160,29133.9,29135.9,29124.1,29130.4,217.0
1783997220,29130.4,29133.2,29124.7,29128.4,189.0
1783997280,29128.4,29135.6,29124.7,29132.0,175.0
1783997340,29132.0,29138.4,29129.5,29131.5,183.0
1783997400,29132.0,29137.6,29124.6,29134.9,184.0
1783997460,29134.9,29140.1,29124.4,29133.5,216.0
1783997520,29133.2,29150.9,29130.6,29147.1,225.0
1783997580,29147.5,29170.1,29144.4,29167.1,220.0
1783997640,29167.1,29178.9,29163.7,29171.5,228.0
1783997700,29170.9,29174.5,29155.7,29173.5,238.0
1783997760,29173.7,29184.1,29172.0,29175.4,212.0
1783997820,29175.5,29184.6,29173.1,29183.7,219.0
1783997880,29183.4,29202.5,29177.4,29201.2,239.0
1783997940,29201.9,29211.7,29197.1,29209.5,253.0
1783998000,29212.7,29233.0,29188.4,29231.6,285.0
1783998060,29230.9,29238.1,29215.9,29220.9,272.0
1783998120,29222.0,29222.0,29193.0,29193.0,272.0
1783998180,29194.5,29205.2,29167.4,29171.5,283.0
1783998240,29171.7,29182.1,29143.1,29153.5,275.0
1783998300,29153.6,29166.2,29135.6,29146.2,277.0
1783998360,29147.7,29162.7,29130.6,29160.9,273.0
1783998420,29159.7,29160.9,29122.9,29126.0,286.0
1783998480,29125.2,29129.9,29115.6,29129.1,275.0
1783998540,29131.1,29149.2,29120.6,29148.2,274.0
1783998600,29150.5,29219.6,29150.5,29217.7,285.0
1783998660,29215.7,29227.9,29197.4,29215.2,278.0
1783998720,29215.0,29230.5,29210.5,29217.6,278.0
1783998780,29217.7,29237.4,29189.6,29234.5,269.0
1783998840,29234.0,29255.7,29227.6,29252.0,271.0
1783998900,29252.2,29264.2,29238.5,29238.5,271.0
1783998960,29238.7,29243.0,29219.5,29220.6,267.0
1783999020,29221.6,29227.0,29202.9,29219.9,275.0
1783999080,29218.1,29229.7,29211.5,29216.4,278.0
1783999140,29216.2,29221.2,29182.4,29183.0,272.0
1783999200,29182.7,29188.2,29159.9,29187.0,276.0
1783999260,29186.9,29232.2,29186.2,29227.7,291.0
1783999320,29226.1,29239.0,29219.0,29224.7,281.0
1783999380,29224.1,29224.1,29198.5,29203.1,273.0
1783999440,29202.2,29234.0,29201.0,29232.7,261.0
1783999500,29231.5,29233.1,29199.5,29202.0,271.0
1783999560,29201.4,29209.2,29191.9,29203.1,275.0
1783999620,29202.1,29205.2,29186.5,29193.0,259.0
1783999680,29193.2,29196.4,29169.4,29185.5,267.0
1783999740,29186.2,29216.2,29186.2,29208.2,276.0
1783999800,29211.2,29223.0,29195.4,29217.4,279.0
1783999860,29217.5,29224.7,29205.0,29214.6,276.0
1783999920,29213.4,29234.5,29202.4,29227.9,269.0
1783999980,29227.0,29253.0,29223.6,29246.2,269.0
1784000040,29245.9,29260.0,29240.2,29246.5,268.0
1784000100,29247.1,29269.2,29239.7,29266.7,268.0
1784000160,29266.2,29272.4,29253.7,29271.0,269.0
1784000220,29270.1,29277.4,29259.5,29260.4,268.0
1784000280,29260.7,29264.2,29249.7,29262.9,269.0
1784000340,29262.2,29262.2,29232.1,29241.4,261.0
1784000400,29244.4,29266.4,29237.2,29255.0,274.0
1784000460,29254.5,29257.5,29233.4,29236.5,266.0
1784000520,29236.6,29241.6,29217.9,29233.9,277.0
1784000580,29234.7,29234.7,29197.1,29197.6,248.0
1784000640,29196.7,29208.5,29188.4,29207.4,255.0
1784000700,29207.5,29236.9,29201.6,29228.0,273.0
1784000760,29227.9,29237.1,29219.5,29233.1,262.0
1784000820,29233.6,29245.9,29222.4,29241.7,264.0
1784000880,29242.9,29250.7,29228.0,29242.1,266.0
1784000940,29242.9,29249.9,29237.6,29245.2,257.0
1784001000,29245.1,29276.5,29244.0,29260.2,260.0
1784001060,29258.6,29286.1,29250.7,29283.7,254.0
1784001120,29283.5,29287.9,29269.9,29270.0,246.0
1784001180,29271.1,29290.2,29267.7,29282.5,241.0
1784001240,29282.2,29300.5,29282.1,29296.4,246.0
1784001300,29295.6,29322.4,29293.9,29320.6,246.0
1784001360,29320.2,29321.9,29305.4,29308.2,242.0
1784001420,29309.1,29319.1,29307.5,29310.5,241.0
1784001480,29310.5,29323.4,29309.9,29318.1,241.0
1784001540,29318.2,29320.7,29307.7,29310.9,250.0
1784001600,29312.0,29318.2,29299.5,29311.0,263.0
1784001660,29311.1,29322.6,29308.5,29313.6,275.0
1784001720,29313.6,29326.1,29310.1,29323.2,247.0
1784001780,29323.1,29329.7,29319.0,29321.1,254.0
1784001840,29320.9,29326.0,29311.9,29322.9,246.0
1784001900,29323.0,29328.7,29307.2,29314.9,252.0
1784001960,29314.1,29314.1,29299.2,29300.7,259.0
1784002020,29300.7,29314.4,29299.7,29307.7,252.0
1784002080,29307.1,29324.1,29305.1,29317.4,253.0
1784002140,29316.1,29322.2,29299.9,29308.5,248.0
1784002200,29308.6,29312.0,29294.7,29295.0,256.0
1784002260,29295.0,29309.1,29292.5,29303.7,242.0
1784002320,29303.4,29309.9,29287.1,29290.6,258.0
1784002380,29290.7,29293.5,29281.4,29289.7,266.0
1784002440,29289.0,29289.0,29270.7,29278.5,248.0
1784002500,29279.0,29293.7,29269.9,29285.2,263.0
1784002560,29285.5,29294.9,29280.9,29294.4,266.0
1784002620,29294.0,29307.0,29289.4,29306.2,264.0
1784002680,29307.5,29311.0,29299.1,29304.0,252.0
1784002740,29303.0,29308.7,29295.1,29304.1,252.0
1784002800,29304.0,29309.9,29291.5,29294.0,247.0
1784002860,29294.2,29305.1,29282.6,29288.2,249.0
1784002920,29287.9,29289.4,29274.5,29278.4,259.0
1784002980,29278.2,29303.6,29278.2,29288.0,251.0
1784003040,29287.5,29289.9,29280.1,29286.4,246.0
1784003100,29286.1,29298.0,29281.5,29296.0,253.0
1784003160,29295.9,29309.5,29295.7,29307.0,245.0
1784003220,29306.5,29316.9,29303.6,29315.9,253.0
1784003280,29315.9,29316.5,29296.2,29296.6,234.0
1784003340,29296.6,29304.4,29292.2,29293.6,243.0
1784003400,29294.9,29304.2,29276.9,29279.4,271.0
1784003460,29278.7,29279.6,29260.2,29277.2,267.0
1784003520,29276.5,29287.1,29265.4,29269.5,256.0
1784003580,29269.1,29284.0,29266.7,29278.7,265.0
1784003640,29279.2,29285.4,29268.7,29273.6,263.0
1784003700,29273.4,29278.7,29258.7,29268.4,255.0
1784003760,29268.4,29277.0,29248.4,29255.4,249.0
1784003820,29255.7,29259.0,29243.7,29254.2,254.0
1784003880,29254.1,29262.6,29242.5,29250.0,261.0
1784003940,29249.0,29260.1,29249.0,29259.4,259.0
1784004000,29260.1,29270.7,29245.1,29245.1,258.0
1784004060,29244.1,29244.1,29230.2,29235.2,250.0
1784004120,29234.7,29256.1,29234.4,29255.1,257.0
1784004180,29255.6,29267.2,29255.6,29260.6,260.0
1784004240,29261.1,29271.4,29258.4,29262.7,251.0
1784004300,29263.7,29278.5,29263.0,29276.1,257.0
1784004360,29276.1,29284.6,29267.6,29283.9,252.0
1784004420,29283.6,29286.1,29267.9,29277.2,256.0
1784004480,29276.9,29291.9,29275.4,29291.2,243.0
1784004540,29290.6,29292.7,29284.7,29287.2,244.0
1784004600,29287.6,29290.9,29261.7,29266.2,233.0
1784004660,29266.2,29275.6,29259.6,29272.2,253.0
1784004720,29272.6,29286.5,29271.7,29284.4,253.0
1784004780,29284.6,29284.6,29265.1,29266.5,248.0
1784004840,29266.4,29266.6,29260.2,29262.7,227.0
1784004900,29262.7,29263.4,29239.4,29244.1,218.0
1784004960,29243.9,29247.0,29229.5,29232.1,234.0
1784005020,29232.4,29243.2,29229.5,29237.6,258.0
1784005080,29239.0,29241.6,29231.6,29233.4,250.0
1784005140,29232.5,29237.6,29226.4,29236.9,255.0
1784005200,29237.9,29244.6,29219.5,29222.0,251.0
1784005260,29220.5,29244.2,29220.5,29236.9,253.0
1784005320,29236.5,29254.4,29235.2,29252.9,240.0
1784005380,29253.1,29262.1,29250.4,29255.9,244.0
1784005440,29255.7,29257.2,29246.5,29253.2,227.0
1784005500,29253.0,29268.7,29250.4,29259.9,265.0
1784005560,29258.9,29266.5,29256.4,29265.9,248.0
1784005620,29266.1,29276.0,29265.1,29269.7,259.0
1784005680,29269.6,29277.9,29266.2,29266.2,252.0
1784005740,29266.6,29270.4,29254.2,29254.4,259.0
1784005800,29254.1,29258.1,29242.2,29245.4,243.0
1784005860,29245.9,29251.0,29242.2,29247.9,232.0
1784005920,29247.5,29247.5,29223.0,29225.6,237.0
1784005980,29225.5,29227.2,29215.2,29222.2,253.0
1784006040,29222.1,29223.9,29213.2,29213.2,249.0
1784006100,29213.5,29217.6,29207.1,29215.9,247.0
1784006160,29215.5,29220.6,29207.2,29219.7,258.0
1784006220,29220.4,29224.7,29205.9,29208.0,253.0
1784006280,29207.9,29214.1,29200.7,29204.1,236.0
1784006340,29204.0,29206.0,29189.5,29189.5,243.0
1784006400,29189.7,29195.6,29179.7,29184.1,261.0
1784006460,29185.2,29193.9,29174.4,29190.9,260.0
1784006520,29189.4,29200.4,29179.0,29180.6,261.0
1784006580,29180.2,29185.4,29172.4,29184.7,263.0
1784006640,29184.1,29184.1,29165.9,29171.9,245.0
1784006700,29172.9,29178.4,29163.5,29166.2,220.0
1784006760,29166.2,29170.2,29162.4,29168.4,242.0
1784006820,29167.9,29173.2,29163.1,29167.4,231.0
1784006880,29167.2,29178.0,29166.1,29178.0,245.0
1784006940,29178.1,29192.6,29171.0,29190.1,244.0
1784007000,29191.0,29194.2,29183.9,29192.0,258.0
1784007060,29191.7,29199.7,29182.1,29182.9,256.0
1784007120,29183.0,29190.5,29178.4,29178.9,244.0
1784007180,29178.9,29178.9,29170.2,29175.6,224.0
1784007240,29174.6,29174.7,29159.6,29164.5,218.0
1784007300,29163.5,29178.1,29155.9,29171.7,249.0
1784007360,29171.7,29178.2,29170.0,29176.2,233.0
1784007420,29175.2,29182.2,29170.4,29182.0,234.0
1784007480,29182.2,29201.9,29179.0,29199.5,249.0
1784007540,29198.0,29217.6,29196.2,29216.6,246.0
1784007600,29215.7,29225.7,29209.9,29224.6,254.0
1784007660,29224.6,29229.5,29218.7,29224.9,248.0
1784007720,29224.9,29231.4,29222.5,29228.1,247.0
1784007780,29227.9,29239.0,29227.9,29239.0,244.0
1784007840,29239.1,29244.6,29230.0,29234.0,244.0
1784007900,29233.5,29240.5,29230.2,29230.5,236.0
1784007960,29231.7,29239.9,29226.1,29238.6,228.0
1784008020,29238.6,29241.9,29231.2,29233.0,230.0
1784008080,29233.4,29235.9,29222.1,29222.1,238.0
1784008140,29222.0,29233.5,29217.6,29232.9,233.0
1784008200,29232.7,29234.4,29213.1,29214.7,214.0
1784008260,29215.1,29218.4,29206.5,29207.6,202.0
1784008320,29207.5,29207.5,29190.1,29191.4,223.0
1784008380,29191.5,29193.1,29180.1,29184.9,221.0
1784008440,29185.4,29186.7,29176.7,29179.5,229.0
1784008500,29179.2,29187.6,29177.7,29185.2,227.0
1784008560,29185.5,29187.0,29172.6,29175.9,217.0
1784008620,29176.4,29180.4,29173.4,29175.9,208.0
1784008680,29175.9,29185.5,29174.9,29177.9,224.0
1784008740,29178.0,29184.9,29174.0,29177.4,236.0
1784008800,29178.0,29180.6,29162.4,29167.2,235.0
1784008860,29167.0,29173.1,29166.2,29168.6,222.0
1784008920,29169.0,29173.2,29156.6,29156.6,234.0
1784008980,29156.5,29159.7,29148.4,29151.4,225.0
1784009040,29151.5,29156.6,29144.1,29152.5,190.0
1784009100,29152.7,29153.6,29144.4,29150.2,221.0
1784009160,29150.7,29158.0,29145.2,29154.7,219.0
1784009220,29154.5,29157.0,29144.7,29148.2,233.0
1784009280,29148.2,29150.7,29142.1,29145.4,220.0
1784009340,29145.9,29153.2,29141.0,29147.6,225.0
1784009400,29147.1,29147.9,29135.5,29140.6,200.0
1784009460,29140.5,29146.1,29133.2,29134.6,226.0
1784009520,29134.2,29137.1,29129.7,29129.9,202.0
1784009580,29130.1,29131.1,29120.2,29123.6,219.0
1784009640,29123.6,29127.4,29117.5,29125.0,213.0
1784009700,29125.0,29125.9,29116.1,29119.9,222.0
1784009760,29120.2,29123.0,29116.6,29121.1,203.0
1784009820,29120.2,29126.1,29097.5,29097.5,236.0
1784009880,29099.9,29109.6,29097.1,29108.4,230.0
1784009940,29108.6,29113.9,29100.4,29112.6,241.0
1784010000,29112.9,29113.2,29098.9,29102.4,235.0
1784010060,29102.4,29108.5,29092.7,29095.4,223.0
1784010120,29095.4,29101.6,29093.9,29100.7,236.0
1784010180,29101.1,29134.4,29100.7,29134.4,235.0
1784010240,29134.4,29139.4,29118.1,29119.2,242.0
1784010300,29119.4,29132.7,29117.5,29129.5,253.0
1784010360,29129.4,29140.7,29128.7,29136.4,223.0
1784010420,29136.5,29145.7,29134.4,29143.4,224.0
1784010480,29143.4,29155.9,29142.7,29151.2,213.0
1784010540,29151.5,29166.9,29149.6,29166.0,224.0
1784010600,29165.5,29186.2,29158.2,29175.2,267.0
1784010660,29175.0,29187.6,29172.0,29186.2,261.0
1784010720,29186.6,29194.1,29161.6,29161.7,256.0
1784010780,29161.4,29166.2,29145.5,29157.9,247.0
1784010840,29157.0,29158.5,29146.4,29150.2,257.0
1784010900,29150.1,29163.9,29143.6,29152.7,251.0
1784010960,29152.5,29152.5,29141.2,29142.1,249.0
1784011020,29141.2,29158.6,29133.5,29155.9,242.0
1784011080,29156.0,29168.2,29151.1,29156.1,240.0
1784011140,29154.7,29164.6,29149.9,29160.1,250.0
1784011200,29160.6,29162.0,29145.1,29148.7,244.0
1784011260,29149.6,29160.0,29147.5,29151.1,239.0
1784011320,29152.1,29160.9,29125.2,29136.6,244.0
1784011380,29136.2,29138.7,29123.5,29132.5,246.0
1784011440,29132.5,29166.6,29130.7,29148.4,256.0
1784011500,29148.5,29156.2,29142.9,29153.2,255.0
1784011560,29153.4,29163.0,29147.7,29161.7,248.0
1784011620,29162.4,29175.1,29157.2,29171.6,247.0
1784011680,29172.7,29187.6,29167.1,29185.0,241.0
1784011740,29185.1,29193.6,29173.4,29174.0,252.0
1784011800,29171.7,29186.0,29171.6,29182.1,257.0
1784011860,29182.1,29193.7,29178.2,29192.1,240.0
1784011920,29192.0,29205.0,29186.9,29203.5,231.0
1784011980,29203.5,29215.0,29202.7,29209.2,227.0
1784012040,29209.1,29209.1,29202.4,29206.5,230.0
1784012100,29205.0,29214.6,29196.7,29206.9,247.0
1784012160,29208.0,29213.9,29203.6,29205.9,225.0
1784012220,29205.7,29210.0,29200.9,29202.9,235.0
1784012280,29202.7,29213.5,29197.1,29212.9,225.0
1784012340,29212.6,29217.0,29211.0,29213.6,232.0
1784012400,29214.2,29223.5,29213.9,29221.6,231.0
1784012460,29221.7,29223.7,29207.1,29207.7,218.0
1784012520,29207.9,29219.5,29200.9,29215.6,225.0
1784012580,29215.7,29232.5,29212.5,29229.1,220.0
1784012640,29228.7,29233.9,29218.0,29221.5,241.0
1784012700,29221.5,29233.1,29213.9,29214.6,230.0
1784012760,29214.4,29214.4,29204.4,29205.9,204.0
1784012820,29205.9,29208.7,29199.9,29205.7,215.0
1784012880,29205.9,29206.7,29192.4,29196.2,221.0
1784012940,29196.1,29196.4,29182.7,29186.7,205.0
1784013000,29186.7,29187.4,29167.4,29170.5,213.0
1784013060,29170.5,29172.6,29165.2,29166.1,210.0
1784013120,29166.9,29171.6,29161.4,29169.9,220.0
1784013180,29169.5,29181.5,29162.6,29180.9,228.0
1784013240,29181.4,29189.9,29179.6,29180.6,234.0
1784013300,29180.5,29180.7,29169.7,29176.1,231.0
1784013360,29175.9,29185.7,29172.6,29177.6,228.0
1784013420,29177.6,29186.9,29176.5,29182.4,195.0
1784013480,29182.2,29185.6,29172.1,29185.6,218.0
1784013540,29185.6,29193.4,29184.0,29184.1,216.0
1784013600,29184.1,29209.7,29184.0,29208.1,234.0
1784013660,29207.5,29211.1,29205.0,29211.1,205.0
1784013720,29211.4,29215.5,29205.9,29215.0,218.0
1784013780,29214.7,29220.4,29208.4,29215.7,222.0
1784013840,29216.2,29216.5,29205.0,29215.2,226.0
1784013900,29215.2,29220.2,29210.9,29213.4,219.0
1784013960,29212.9,29224.5,29212.7,29222.9,221.0
1784014020,29222.6,29242.4,29221.0,29237.2,233.0
1784014080,29237.1,29240.1,29234.6,29237.6,219.0
1784014140,29237.5,29241.2,29233.0,29238.6,203.0
1784014200,29238.6,29245.4,29231.6,29239.9,242.0
1784014260,29239.7,29240.6,29232.7,29237.1,198.0
1784014320,29237.1,29242.5,29234.9,29242.0,195.0
1784014380,29242.6,29249.1,29241.0,29243.0,204.0
1784014440,29243.9,29252.2,29242.2,29251.7,196.0
1784014500,29252.1,29254.2,29248.5,29254.1,198.0
1784014560,29254.1,29262.1,29252.6,29256.6,208.0
1784014620,29256.7,29268.6,29254.6,29264.2,219.0
1784014680,29265.1,29271.6,29262.5,29269.1,205.0
1784014740,29269.2,29276.0,29268.5,29273.2,213.0
1784014800,29273.9,29274.2,29265.4,29266.5,242.0
1784014860,29266.2,29269.7,29257.1,29262.9,217.0
1784014920,29263.0,29273.4,29262.9,29270.4,211.0
1784014980,29270.4,29276.2,29266.0,29269.0,202.0
1784015040,29269.2,29271.4,29262.6,29263.4,230.0
1784015100,29264.0,29276.2,29261.5,29275.5,204.0
1784015160,29275.1,29278.2,29270.4,29278.2,182.0
1784015220,29277.7,29281.5,29276.1,29278.9,188.0
1784015280,29278.9,29287.2,29276.6,29283.6,193.0
1784015340,29283.2,29288.5,29280.6,29283.9,197.0
1784015400,29283.9,29291.0,29279.1,29280.0,209.0
1784015460,29280.0,29286.5,29278.7,29280.9,211.0
1784015520,29281.4,29281.5,29274.0,29278.5,193.0
1784015580,29278.5,29281.4,29270.4,29271.5,191.0
1784015640,29271.5,29287.4,29267.1,29287.4,216.0
1784015700,29287.2,29295.6,29284.5,29291.7,202.0
1784015760,29291.9,29295.2,29287.6,29295.2,220.0
1784015820,29295.2,29298.5,29292.2,29295.2,177.0
1784015880,29295.2,29297.5,29291.6,29296.5,178.0
1784015940,29297.4,29304.2,29296.6,29298.5,202.0
1784016000,29298.4,29299.4,29290.5,29296.5,242.0
1784016060,29296.7,29296.9,29286.1,29288.2,215.0
1784016120,29287.9,29288.9,29278.7,29285.2,224.0
1784016180,29285.7,29302.0,29284.4,29300.1,211.0
1784016240,29300.0,29301.6,29296.6,29299.9,211.0
1784016300,29300.0,29306.2,29296.9,29305.2,223.0
1784016360,29304.6,29305.7,29298.2,29304.5,198.0
1784016420,29305.1,29311.5,29303.9,29307.1,195.0
1784016480,29306.9,29308.6,29298.2,29305.5,211.0
1784016540,29305.2,29321.9,29305.0,29312.5,219.0
1784016600,29312.2,29315.5,29310.4,29313.9,221.0
1784016660,29314.0,29322.2,29313.6,29317.9,196.0
1784016720,29317.6,29322.0,29311.6,29312.6,208.0
1784016780,29313.6,29322.4,29311.5,29320.5,204.0
1784016840,29320.0,29337.0,29319.2,29334.6,204.0
1784016900,29334.5,29338.0,29330.6,29330.6,205.0
1784016960,29331.0,29338.5,29328.1,29334.2,213.0
1784017020,29334.4,29336.4,29329.1,29333.5,211.0
1784017080,29333.4,29340.0,29325.6,29327.7,210.0
1784017140,29327.7,29336.0,29324.0,29336.0,200.0
1784017200,29336.0,29345.2,29336.0,29340.4,203.0
1784017260,29340.4,29363.5,29340.4,29362.4,223.0
1784017320,29362.4,29373.1,29361.7,29371.5,217.0
1784017380,29371.5,29380.2,29371.5,29377.7,240.0
1784017440,29377.4,29382.1,29375.0,29377.0,205.0
1784017500,29376.0,29383.2,29370.6,29383.0,219.0
1784017560,29382.2,29397.9,29379.4,29396.4,214.0
1784017620,29394.6,29398.2,29385.2,29395.7,212.0
1784017680,29396.2,29397.9,29387.5,29388.6,209.0
1784017740,29388.7,29393.1,29384.7,29393.0,221.0
1784017800,29394.9,29415.4,29394.1,29414.9,235.0
1784017860,29414.9,29420.4,29409.9,29409.9,239.0
1784017920,29409.1,29415.2,29406.6,29413.4,198.0
1784017980,29413.2,29415.5,29410.0,29411.0,199.0
1784018040,29410.9,29412.2,29389.6,29391.0,223.0
1784018100,29391.2,29399.0,29389.5,29392.7,232.0
1784018160,29392.7,29394.2,29384.6,29388.2,229.0
1784018220,29388.6,29394.6,29384.4,29384.9,214.0
1784018280,29384.7,29386.5,29376.9,29379.1,209.0
1784018340,29379.1,29383.2,29375.1,29383.2,203.0
1784018400,29383.0,29386.7,29369.6,29372.4,206.0
1784018460,29372.6,29374.1,29368.4,29369.1,205.0
1784018520,29368.7,29381.2,29366.6,29378.9,235.0
1784018580,29378.5,29385.5,29375.0,29380.9,229.0
1784018640,29380.5,29387.5,29380.4,29384.0,218.0
1784018700,29385.1,29394.5,29379.0,29379.0,221.0
1784018760,29378.2,29386.9,29375.9,29376.6,223.0
1784018820,29377.1,29385.2,29373.0,29376.9,218.0
1784018880,29376.7,29386.6,29371.7,29385.7,199.0
1784018940,29385.7,29389.5,29381.6,29383.6,204.0
1784019000,29384.0,29384.0,29376.2,29380.6,235.0
1784019060,29380.6,29386.5,29377.9,29381.7,213.0
1784019120,29381.5,29387.1,29376.6,29377.5,230.0
1784019180,29378.0,29389.5,29377.6,29387.1,226.0
1784019240,29386.7,29389.7,29379.9,29388.5,228.0
1784019300,29388.2,29390.9,29381.7,29383.9,187.0
1784019360,29383.9,29388.5,29378.4,29379.2,203.0
1784019420,29379.2,29391.7,29379.2,29391.7,208.0
1784019480,29391.2,29393.4,29386.5,29388.1,198.0
1784019540,29388.1,29388.2,29380.0,29381.7,204.0
1784019600,29381.7,29392.9,29377.0,29389.4,250.0
1784019660,29390.0,29399.2,29388.5,29399.2,231.0
1784019720,29399.2,29400.9,29389.1,29392.6,222.0
1784019780,29392.1,29397.4,29385.2,29390.1,220.0
1784019840,29390.1,29396.1,29386.4,29394.6,196.0
1784019900,29395.5,29401.3,29394.1,29400.7,206.0
1784019960,29400.7,29404.8,29397.1,29401.7,202.0
1784020020,29400.8,29409.1,29398.6,29408.0,196.0
1784020080,29408.5,29412.8,29402.0,29404.5,199.0
1784020140,29404.2,29408.7,29400.3,29407.6,190.0
1784020200,29407.6,29417.8,29407.6,29416.2,207.0
1784020260,29416.2,29416.3,29409.1,29411.8,200.0
1784020320,29411.7,29413.0,29399.8,29404.2,215.0
1784020380,29403.8,29421.2,29403.8,29418.8,187.0
1784020440,29418.8,29423.3,29417.6,29418.6,190.0
1784020500,29418.6,29424.8,29418.2,29422.6,196.0
1784020560,29422.5,29424.6,29414.7,29415.6,194.0
1784020620,29416.1,29423.2,29410.6,29422.2,201.0
1784020680,29422.6,29426.2,29421.3,29425.7,170.0
1784020740,29425.7,29438.2,29425.2,29430.6,201.0
1784020800,29430.3,29438.2,29429.2,29435.2,176.0
1784020860,29435.0,29436.0,29425.5,29427.8,175.0
1784020920,29428.1,29428.5,29414.5,29421.3,198.0
1784020980,29421.2,29423.1,29412.3,29414.6,162.0
1784021040,29414.6,29419.7,29404.8,29406.7,173.0
1784021100,29405.2,29410.3,29401.7,29408.8,214.0
1784021160,29408.6,29410.3,29399.3,29399.3,200.0
1784021220,29399.1,29403.2,29395.7,29400.8,189.0
1784021280,29399.7,29399.7,29385.5,29394.0,192.0
1784021340,29394.3,29402.2,29392.2,29394.8,198.0
1784021400,29396.8,29411.6,29390.6,29411.2,223.0
1784021460,29410.8,29417.0,29407.7,29413.6,197.0
1784021520,29413.6,29423.5,29411.3,29420.7,206.0
1784021580,29420.7,29421.7,29414.7,29420.0,193.0
1784021640,29420.3,29422.3,29417.2,29418.7,181.0
1784021700,29418.6,29420.7,29406.6,29408.5,177.0
1784021760,29408.5,29412.8,29404.5,29406.3,180.0
1784021820,29407.0,29407.0,29399.2,29402.3,190.0
1784021880,29402.3,29410.3,29402.3,29403.0,166.0
1784021940,29403.6,29406.5,29400.5,29403.8,163.0
1784022000,29404.2,29404.2,29393.6,29396.6,158.0
1784022060,29396.6,29400.3,29394.1,29396.3,162.0
1784022120,29397.6,29398.6,29385.5,29386.0,169.0
1784022180,29385.1,29387.2,29383.0,29386.6,159.0
1784022240,29386.3,29387.0,29382.7,29386.8,146.0
1784022300,29386.8,29387.2,29373.3,29374.8,191.0
1784022360,29374.8,29378.3,29371.1,29373.2,159.0
1784022420,29373.2,29375.7,29368.6,29374.0,196.0
1784022480,29373.8,29373.8,29366.0,29366.2,149.0
1784022540,29366.2,29375.7,29364.1,29369.6,194.0
1784022600,29369.5,29375.0,29369.3,29374.6,162.0
1784022660,29375.1,29377.7,29371.6,29372.8,157.0
1784022720,29373.3,29374.3,29367.3,29370.2,145.0
1784022780,29370.5,29371.8,29366.5,29369.7,157.0
1784022840,29368.1,29371.0,29361.2,29361.8,144.0
1784022900,29361.8,29369.6,29358.8,29366.1,163.0
1784022960,29366.2,29366.6,29355.6,29356.2,138.0
1784023020,29356.5,29363.3,29354.6,29362.8,174.0
1784023080,29362.8,29364.5,29357.8,29360.0,170.0
1784023140,29360.0,29362.5,29352.2,29353.7,182.0
1784023200,29353.0,29354.7,29335.1,29344.7,247.0
1784023260,29345.3,29355.6,29342.7,29344.8,229.0
1784023320,29345.3,29347.6,29337.7,29341.3,196.0
1784023380,29340.6,29350.3,29338.3,29350.3,210.0
1784023440,29350.3,29375.2,29347.2,29373.5,229.0
1784023500,29374.6,29384.8,29371.2,29381.2,219.0
1784023560,29379.6,29384.5,29377.3,29378.8,226.0
1784023620,29378.8,29390.2,29378.0,29385.0,212.0
1784023680,29384.8,29391.5,29381.0,29385.7,207.0
1784023740,29385.8,29390.1,29380.2,29381.7,187.0
1784023800,29381.2,29383.1,29368.2,29369.7,224.0
1784023860,29370.0,29376.3,29366.6,29369.2,219.0
1784023920,29369.2,29380.6,29369.1,29376.0,218.0
1784023980,29375.0,29380.8,29370.5,29379.0,216.0
1784024040,29379.0,29389.7,29376.0,29389.0,221.0
1784024100,29389.2,29393.0,29381.1,29381.1,228.0
1784024160,29381.5,29388.6,29381.2,29387.1,215.0
1784024220,29386.8,29388.0,29371.3,29383.7,219.0
1784024280,29383.7,29386.3,29375.7,29378.7,207.0
1784024340,29378.7,29385.8,29377.5,29380.3,227.0
1784024400,29380.6,29391.1,29373.1,29390.1,204.0
1784024460,29390.0,29390.3,29375.7,29376.0,214.0
1784024520,29376.2,29378.7,29365.8,29375.7,227.0
1784024580,29375.6,29386.0,29375.1,29386.0,193.0
1784024640,29386.1,29389.5,29376.1,29383.3,207.0
1784024700,29383.3,29399.1,29382.6,29387.3,210.0
1784024760,29387.1,29407.2,29386.6,29406.6,197.0
1784024820,29406.5,29410.3,29391.8,29396.8,215.0
1784024880,29397.1,29400.7,29390.5,29400.6,215.0
1784024940,29400.6,29404.6,29392.3,29396.6,201.0
1784025000,29395.8,29396.6,29377.8,29382.6,230.0
1784025060,29383.5,29393.3,29378.3,29378.5,232.0
1784025120,29378.5,29387.1,29375.8,29380.1,201.0
1784025180,29380.3,29383.1,29365.6,29382.8,231.0
1784025240,29382.7,29397.2,29381.2,29392.0,233.0
1784025300,29391.1,29391.1,29378.3,29381.1,224.0
1784025360,29381.6,29387.7,29376.8,29386.5,216.0
1784025420,29386.5,29386.5,29374.1,29380.3,200.0
1784025480,29380.7,29395.3,29377.5,29393.3,224.0
1784025540,29393.3,29393.3,29384.5,29388.3,197.0
1784025600,29388.5,29389.8,29372.8,29373.1,214.0
1784025660,29373.1,29380.8,29365.5,29365.5,222.0
1784025720,29364.8,29370.0,29362.5,29365.7,206.0
1784025780,29367.5,29368.5,29356.6,29364.6,224.0
1784025840,29364.3,29369.5,29359.7,29365.0,205.0
1784025900,29364.7,29366.0,29355.1,29356.1,219.0
1784025960,29356.2,29361.1,29345.8,29360.1,230.0
1784026020,29360.3,29375.0,29357.5,29373.0,222.0
1784026080,29373.7,29376.6,29364.7,29376.6,231.0
1784026140,29374.3,29385.7,29367.1,29385.7,230.0
1784026200,29385.2,29390.2,29380.3,29386.1,224.0
1784026260,29386.3,29397.1,29384.1,29393.0,227.0
1784026320,29393.0,29396.1,29383.2,29395.2,211.0
1784026380,29395.6,29398.0,29388.1,29391.1,219.0
1784026440,29391.0,29397.6,29387.2,29387.7,196.0
1784026500,29387.5,29391.0,29377.1,29383.0,206.0
1784026560,29383.1,29383.8,29370.3,29374.3,199.0
1784026620,29373.7,29377.3,29362.5,29367.8,205.0
1784026680,29367.3,29372.0,29361.6,29363.3,192.0
1784026740,29363.6,29365.1,29357.3,29362.6,206.0
1784026800,29363.0,29370.0,29352.6,29362.5,264.0
1784026860,29362.6,29376.3,29362.5,29365.1,254.0
1784026920,29367.3,29390.3,29367.3,29384.8,257.0
1784026980,29383.8,29389.7,29350.1,29358.5,253.0
1784027040,29360.8,29377.0,29360.8,29374.5,241.0
1784027100,29376.5,29378.8,29358.8,29359.8,240.0
1784027160,29359.6,29363.8,29353.2,29357.0,213.0
1784027220,29359.3,29361.0,29337.1,29337.1,256.0
1784027280,29337.1,29352.2,29337.1,29350.7,237.0
1784027340,29352.6,29358.8,29346.6,29346.7,215.0
1784027400,29349.6,29361.7,29344.7,29361.2,223.0
1784027460,29361.0,29361.6,29348.1,29352.8,216.0
1784027520,29352.8,29365.6,29352.2,29365.6,223.0
1784027580,29365.6,29374.6,29356.0,29372.3,238.0
1784027640,29371.8,29372.2,29364.3,29370.0,205.0
1784027700,29370.1,29388.5,29370.1,29378.8,222.0
1784027760,29378.7,29399.6,29378.7,29399.3,229.0
1784027820,29399.6,29401.3,29392.0,29397.0,205.0
1784027880,29397.0,29403.5,29390.6,29397.3,226.0
1784027940,29396.6,29398.6,29392.1,29394.1,202.0
1784028000,29394.3,29398.8,29386.1,29391.6,198.0
1784028060,29391.7,29398.3,29390.1,29392.7,194.0
1784028120,29392.5,29401.1,29389.2,29390.0,219.0
1784028180,29388.5,29390.7,29381.8,29387.1,203.0
1784028240,29387.2,29394.5,29380.1,29385.2,215.0
1784028300,29386.3,29399.8,29385.8,29398.6,202.0
1784028360,29398.6,29406.8,29396.7,29404.1,211.0
1784028420,29403.8,29419.7,29403.8,29411.7,212.0
1784028480,29411.6,29415.8,29404.2,29407.7,221.0
1784028540,29407.1,29410.8,29403.6,29408.0,228.0
1784028600,29407.3,29415.6,29396.3,29414.3,216.0
1784028660,29414.3,29417.8,29410.6,29411.6,180.0
1784028720,29411.5,29413.5,29403.0,29405.5,190.0
1784028780,29405.0,29411.5,29404.0,29408.5,178.0
1784028840,29408.6,29414.7,29408.6,29410.1,180.0
1784028900,29410.1,29413.6,29403.3,29409.5,199.0
1784028960,29409.5,29422.2,29409.0,29421.2,182.0
1784029020,29420.8,29424.8,29413.2,29414.3,195.0
1784029080,29413.8,29414.3,29405.6,29410.6,211.0
1784029140,29410.6,29414.8,29407.2,29410.7,172.0
1784029200,29411.0,29413.0,29402.1,29402.6,208.0
1784029260,29402.6,29414.3,29402.1,29407.8,198.0
1784029320,29407.7,29407.7,29398.8,29407.1,193.0
1784029380,29406.6,29409.2,29403.5,29404.7,181.0
1784029440,29404.7,29407.3,29400.3,29403.2,179.0
1784029500,29403.6,29403.8,29390.5,29391.0,174.0
1784029560,29391.0,29397.8,29390.8,29391.8,177.0
1784029620,29391.8,29396.5,29387.0,29395.8,174.0
1784029680,29395.7,29395.7,29376.7,29378.6,199.0
1784029740,29379.3,29380.5,29370.3,29371.5,187.0
1784029800,29371.8,29373.1,29365.2,29367.6,169.0
1784029860,29367.7,29375.3,29361.1,29374.1,209.0
1784029920,29374.0,29376.3,29370.1,29372.1,195.0
1784029980,29372.2,29372.8,29364.6,29367.1,184.0
1784030040,29367.6,29383.0,29365.7,29380.2,198.0
1784030100,29380.2,29384.0,29374.6,29375.2,191.0
1784030160,29375.2,29379.7,29371.3,29374.7,199.0
1784030220,29374.8,29376.8,29361.7,29363.3,195.0
1784030280,29363.6,29371.2,29359.8,29370.5,211.0
1784030340,29370.2,29370.3,29360.7,29361.5,191.0
1784030400,29362.2,29362.8,29347.3,29361.6,217.0
1784030460,29361.6,29371.3,29358.3,29370.7,204.0
1784030520,29370.8,29375.3,29367.6,29370.6,213.0
1784030580,29370.8,29376.1,29361.7,29375.8,174.0
1784030640,29375.6,29390.0,29374.2,29387.7,199.0
1784030700,29388.0,29393.3,29383.0,29387.6,204.0
1784030760,29386.8,29388.0,29374.3,29379.5,207.0
1784030820,29379.0,29384.6,29378.6,29381.1,192.0
1784030880,29381.1,29397.1,29381.1,29395.7,212.0
1784030940,29395.7,29400.2,29394.0,29397.6,225.0
1784031000,29397.6,29399.0,29389.8,29398.1,200.0
1784031060,29398.8,29414.2,29397.6,29401.8,219.0
1784031120,29401.3,29412.1,29401.3,29409.7,179.0
1784031180,29409.2,29414.6,29403.8,29405.5,190.0
1784031240,29406.2,29414.5,29404.6,29413.5,181.0
1784031300,29413.6,29416.5,29405.7,29416.5,189.0
1784031360,29416.5,29418.1,29405.8,29410.6,189.0
1784031420,29410.6,29410.6,29392.1,29394.6,195.0
1784031480,29394.6,29394.7,29381.6,29385.1,212.0
1784031540,29385.1,29395.5,29385.1,29393.5,170.0
1784031600,29393.6,29395.1,29387.0,29387.6,168.0
1784031660,29387.3,29396.5,29387.1,29394.7,169.0
1784031720,29394.7,29396.7,29390.3,29390.7,174.0
1784031780,29390.7,29393.7,29383.0,29384.8,181.0
1784031840,29384.7,29388.1,29374.6,29379.5,178.0
1784031900,29379.5,29383.0,29373.8,29376.3,184.0
1784031960,29376.3,29384.3,29376.3,29383.6,151.0
1784032020,29382.6,29383.2,29373.8,29376.0,194.0
1784032080,29376.1,29379.0,29371.5,29372.5,149.0
1784032140,29372.5,29375.0,29361.1,29363.5,170.0
1784032200,29363.3,29373.6,29362.8,29371.0,171.0
1784032260,29371.2,29373.2,29365.0,29365.5,154.0
1784032320,29365.5,29376.6,29365.1,29372.8,173.0
1784032380,29373.3,29377.6,29368.0,29377.1,176.0
1784032440,29377.1,29379.7,29373.3,29375.2,183.0
1784032500,29375.6,29383.3,29371.3,29382.8,176.0
1784032560,29382.7,29383.5,29372.2,29373.8,144.0
1784032620,29374.0,29382.8,29374.0,29378.6,162.0
1784032680,29378.6,29382.7,29378.5,29380.0,130.0
1784032740,29380.1,29384.1,29379.2,29383.5,122.0
1784032800,29382.6,29387.6,29382.5,29386.8,140.0
1784032860,29387.2,29389.2,29383.5,29384.1,173.0
1784032920,29384.1,29395.5,29380.2,29393.1,161.0
1784032980,29393.3,29399.5,29393.1,29394.8,170.0
1784033040,29395.0,29396.5,29388.7,29389.2,138.0
1784033100,29389.0,29394.6,29386.5,29394.0,201.0
1784033160,29394.3,29395.2,29388.6,29394.5,159.0
1784033220,29394.5,29403.0,29392.0,29402.3,143.0
1784033280,29402.2,29411.2,29401.7,29406.5,179.0
1784033340,29406.3,29412.2,29405.0,29411.2,152.0
1784033400,29411.3,29412.1,29402.8,29407.6,176.0
1784033460,29407.6,29408.3,29394.0,29394.0,176.0
1784033520,29393.7,29396.8,29390.6,29390.8,170.0
1784033580,29390.7,29398.6,29390.3,29395.6,162.0
1784033640,29394.6,29397.6,29390.7,29397.5,138.0
1784033700,29397.2,29398.6,29389.2,29393.8,177.0
1784033760,29394.6,29394.6,29385.7,29389.6,141.0
1784033820,29390.3,29392.6,29386.6,29392.5,145.0
1784033880,29392.6,29393.3,29387.8,29388.3,142.0
1784033940,29388.2,29391.3,29386.0,29391.3,146.0
1784034000,29391.3,29393.1,29383.1,29390.7,170.0
1784034060,29390.8,29396.5,29390.1,29394.6,162.0
1784034120,29394.6,29398.7,29393.6,29396.8,180.0
1784034180,29396.7,29397.2,29387.5,29389.8,142.0
1784034240,29389.8,29399.0,29388.3,29398.2,154.0
1784034300,29398.8,29400.0,29389.7,29390.3,148.0
1784034360,29390.2,29397.3,29386.8,29395.8,165.0
1784034420,29396.0,29402.7,29395.8,29401.1,187.0
1784034480,29401.1,29403.8,29399.2,29403.2,117.0
1784034540,29403.3,29404.0,29400.2,29402.2,145.0
1784034600,29402.2,29406.6,29401.0,29406.6,141.0
1784034660,29406.2,29409.3,29403.2,29404.6,154.0
1784034720,29404.7,29406.3,29402.2,29403.5,128.0
1784034780,29403.5,29403.6,29391.3,29391.3,160.0
1784034840,29391.5,29395.3,29386.6,29394.8,147.0
1784034900,29394.8,29397.3,29391.5,29396.1,153.0
1784034960,29396.2,29397.3,29391.1,29391.2,155.0
1784035020,29390.6,29391.0,29381.6,29390.3,180.0
1784035080,29390.0,29392.7,29386.7,29392.3,161.0
1784035140,29392.8,29394.8,29387.3,29388.1,146.0
1784035200,29388.1,29389.1,29383.7,29384.5,117.0
1784035260,29384.5,29384.8,29380.1,29381.8,134.0
1784035320,29381.8,29386.0,29379.3,29380.1,161.0
1784035380,29380.3,29384.7,29379.5,29384.7,144.0
1784035440,29384.7,29390.2,29382.8,29387.0,147.0
1784035500,29386.3,29388.5,29382.3,29382.7,161.0
1784035560,29382.3,29383.1,29374.7,29378.7,169.0
1784035620,29378.8,29383.5,29378.5,29381.3,154.0
1784035680,29381.3,29385.3,29380.5,29382.8,139.0
1784035740,29382.6,29388.1,29381.8,29385.6,155.0
1784035800,29559.201171875,29564.98046875,29547.640625,29564.98046875,0.0
1784035860,29586.236328125,29586.236328125,29532.236328125,29536.76953125,10755500.0
1784035920,29554.099609375,29559.619140625,29538.345703125,29540.17578125,7939208.0
1784035980,29545.490234375,29545.490234375,29527.076171875,29527.076171875,5247030.0
1784036040,29526.779296875,29526.779296875,29489.599609375,29489.62890625,4859319.0
1784036100,29490.23828125,29523.89453125,29485.146484375,29519.611328125,5014336.0
1784036160,29503.99609375,29521.234375,29497.294921875,29518.177734375,4744211.0
1784036220,29515.56640625,29566.654296875,29510.525390625,29566.654296875,4233078.0
1784036280,29555.412109375,29584.9296875,29550.642578125,29584.9296875,4248206.0
1784036340,29590.740234375,29590.740234375,29566.046875,29576.041015625,4095148.0
1784036400,29556.640625,29571.580078125,29554.828125,29571.580078125,4124541.0
1784036460,29561.3828125,29561.3828125,29534.5625,29557.22265625,4152987.0
1784036520,29559.4296875,29568.072265625,29519.6171875,29523.5859375,3991357.0
1784036580,29520.263671875,29520.263671875,29503.03515625,29512.935546875,4378288.0
1784036640,29511.45703125,29541.947265625,29511.45703125,29541.947265625,3706716.0
1784036700,29555.361328125,29599.91015625,29555.361328125,29596.3359375,4495570.0
1784036760,29592.4140625,29594.60546875,29564.041015625,29564.041015625,4507986.0
1784036820,29569.14453125,29569.14453125,29533.640625,29551.861328125,3924157.0
1784036880,29563.728515625,29570.654296875,29556.03515625,29565.3515625,3802998.0
1784036940,29565.564453125,29565.564453125,29555.87890625,29556.03125,3259644.0
1784037000,29571.3046875,29575.34375,29548.4765625,29548.4765625,3113218.0
1784037060,29558.6171875,29578.2421875,29558.1484375,29578.2421875,3377563.0
1784037120,29563.14453125,29568.19921875,29534.025390625,29534.025390625,3078003.0
1784037180,29534.939453125,29571.923828125,29519.1640625,29571.923828125,3565620.0
1784037240,29573.173828125,29587.92578125,29565.560546875,29566.71875,3204672.0
1784037300,29556.857421875,29556.857421875,29542.8203125,29542.8203125,2929748.0
1784037360,29547.6953125,29559.93359375,29547.6953125,29559.93359375,2912442.0
1784037420,29552.515625,29573.509765625,29552.515625,29571.173828125,3138746.0
1784037480,29572.46875,29587.68359375,29572.46875,29582.376953125,2957492.0
1784037540,29579.029296875,29586.34765625,29572.671875,29574.587890625,2785089.0
1784037600,29563.30859375,29594.7421875,29563.30859375,29573.494140625,3638634.0
1784037660,29575.953125,29575.953125,29531.091796875,29536.150390625,3305877.0
1784037720,29534.5703125,29534.5703125,29510.6171875,29510.6171875,3389268.0
1784037780,29519.794921875,29523.994140625,29490.9375,29523.994140625,3138242.0
1784037840,29523.482421875,29523.482421875,29494.234375,29495.96875,2898083.0
1784037900,29482.375,29482.375,29456.10546875,29457.232421875,3132605.0
1784037960,29462.923828125,29477.126953125,29462.923828125,29471.927734375,3299283.0
1784038020,29479.400390625,29492.748046875,29468.9765625,29488.84765625,3195335.0
1784038080,29485.572265625,29485.572265625,29459.375,29465.216796875,3127336.0
1784038140,29460.904296875,29463.93359375,29434.626953125,29463.93359375,3155903.0
1784038200,29477.1328125,29477.1328125,29441.072265625,29441.169921875,3373932.0
1784038260,29441.9296875,29453.21484375,29441.9296875,29453.21484375,2708394.0
1784038320,29456.830078125,29479.693359375,29456.830078125,29474.927734375,2650604.0
1784038380,29480.375,29480.375,29451.189453125,29457.935546875,2492655.0
1784038440,29463.357421875,29463.357421875,29447.236328125,29462.29296875,2414731.0
1784038500,29442.861328125,29442.861328125,29408.25390625,29415.423828125,2738344.0
1784038560,29408.228515625,29409.732421875,29371.1875,29406.70703125,3241872.0
1784038620,29397.759765625,29408.513671875,29394.841796875,29395.37109375,2902873.0
1784038680,29393.234375,29403.90625,29386.556640625,29403.90625,2559603.0
1784038740,29403.708984375,29435.634765625,29403.708984375,29431.923828125,2602403.0
1784038800,29424.1953125,29446.48046875,29424.1953125,29446.48046875,2841644.0
1784038860,29453.990234375,29458.08203125,29441.95703125,29458.08203125,2421581.0
1784038920,29467.029296875,29494.44921875,29467.029296875,29494.44921875,2924664.0
1784038980,29502.513671875,29502.513671875,29481.962890625,29481.962890625,3209520.0
1784039040,29482.095703125,29489.357421875,29456.892578125,29456.892578125,2463757.0
1784039100,29456.673828125,29470.482421875,29451.98046875,29470.482421875,2545139.0
1784039160,29470.8359375,29503.822265625,29460.275390625,29503.822265625,2424228.0
1784039220,29493.4375,29493.4375,29465.392578125,29465.392578125,3387802.0
1784039280,29465.314453125,29465.314453125,29446.537109375,29448.609375,2290072.0
1784039340,29443.734375,29483.19140625,29443.734375,29483.19140625,2281701.0
1784039400,29481.55078125,29494.4765625,29478.4375,29486.421875,2290381.0
1784039460,29484.033203125,29484.033203125,29461.412109375,29472.75,2582291.0
1784039520,29478.826171875,29527.96484375,29478.826171875,29527.96484375,2393840.0
1784039580,29526.400390625,29543.41796875,29526.400390625,29535.44921875,2791906.0
1784039640,29538.58203125,29604.57421875,29538.46875,29569.45703125,3796052.0
1784039700,29569.03515625,29575.599609375,29561.7109375,29575.599609375,6082373.0
1784039760,29587.43359375,29587.43359375,29570.5390625,29578.431640625,3914388.0
1784039820,29576.015625,29576.015625,29565.36328125,29565.36328125,2278591.0
1784039880,29560.341796875,29583.62109375,29559.943359375,29583.62109375,2071458.0
1784039940,29583.626953125,29583.626953125,29569.3203125,29583.06640625,2300140.0
1784040000,29579.259765625,29591.83203125,29579.259765625,29580.501953125,3547939.0
1784040060,29579.70703125,29579.70703125,29562.669921875,29565.349609375,2254062.0
1784040120,29571.990234375,29576.7890625,29552.142578125,29552.142578125,2070730.0
1784040180,29543.1640625,29544.173828125,29524.64453125,29524.64453125,2404198.0
1784040240,29531.251953125,29532.3515625,29520.369140625,29527.73828125,2404880.0
1784040300,29524.669921875,29538.376953125,29520.44921875,29536.7421875,1988720.0
1784040360,29537.220703125,29538.619140625,29497.234375,29497.234375,1802065.0
1784040420,29499.203125,29502.142578125,29489.615234375,29501.73828125,2417952.0
1784040480,29498.453125,29507.474609375,29482.1328125,29503.015625,2083657.0
1784040540,29508.41015625,29508.41015625,29483.0390625,29484.646484375,1860173.0
1784040600,29478.76171875,29486.537109375,29468.9453125,29486.537109375,1979678.0
1784040660,29488.8125,29521.69140625,29480.740234375,29521.69140625,2165011.0
1784040720,29529.337890625,29540.236328125,29526.240234375,29540.236328125,2220499.0
1784040780,29536.369140625,29536.369140625,29528.45703125,29532.75390625,1949173.0
1784040840,29532.880859375,29546.689453125,29531.255859375,29546.689453125,1834620.0
1784040900,29553.57421875,29568.23046875,29553.57421875,29567.39453125,2179660.0
1784040960,29563.0703125,29571.00390625,29554.26953125,29562.95703125,2105858.0
1784041020,29559.498046875,29569.576171875,29557.66796875,29569.576171875,1719559.0
1784041080,29568.828125,29576.990234375,29565.728515625,29575.30078125,1784818.0
1784041140,29573.693359375,29581.689453125,29573.693359375,29574.546875,1989177.0
1784041200,29578.533203125,29590.15234375,29578.533203125,29585.330078125,2339506.0
1784041260,29582.53515625,29584.333984375,29576.83203125,29580.708984375,2042656.0
1784041320,29576.5390625,29579.8359375,29566.66015625,29566.66015625,1789345.0
1784041380,29565.65625,29565.65625,29560.08984375,29562.091796875,1745319.0
1784041440,29559.935546875,29626.126953125,29554.271484375,29610.173828125,2298466.0
1784041500,29603.65625,29610.912109375,29600.283203125,29608.078125,3622044.0
1784041560,29613.94921875,29622.873046875,29612.01953125,29622.873046875,1618208.0
1784041620,29618.728515625,29634.498046875,29618.728515625,29632.9921875,1946761.0
1784041680,29633.17578125,29655.466796875,29633.17578125,29654.927734375,1863839.0
1784041740,29654.10546875,29658.5859375,29645.595703125,29657.328125,2224502.0
1784041800,29656.107421875,29661.146484375,29648.2421875,29652.71484375,2387888.0
1784041860,29648.509765625,29656.787109375,29640.943359375,29643.54296875,2338765.0
1784041920,29643.96875,29654.51953125,29641.267578125,29652.45703125,2388678.0
1784041980,29651.6015625,29657.58984375,29649.78515625,29654.193359375,2114082.0
1784042040,29653.6875,29653.93359375,29644.84765625,29648.146484375,1775707.0
1784042100,29651.595703125,29660.955078125,29651.595703125,29658.09375,1933788.0
1784042160,29655.271484375,29658.5234375,29647.203125,29649.337890625,1887238.0
1784042220,29651.689453125,29657.935546875,29651.650390625,29655.685546875,2672838.0
1784042280,29654.78125,29659.42578125,29648.328125,29648.328125,947730.0
1784042340,29641.1875,29647.306640625,29628.4140625,29645.623046875,2143726.0
1784042400,29644.533203125,29648.34375,29635.68359375,29648.34375,2171539.0
1784042460,29653.31640625,29663.697265625,29653.125,29663.697265625,2068663.0
1784042520,29662.880859375,29669.677734375,29657.03515625,29669.234375,1876462.0
1784042580,29663.005859375,29671.31640625,29659.9765625,29668.310546875,3371060.0
1784042640,29667.91015625,29676.123046875,29666.0,29669.03125,1030075.0
1784042700,29673.759765625,29673.759765625,29657.4609375,29662.505859375,1704342.0
1784042760,29660.427734375,29676.703125,29659.6328125,29674.78515625,2021408.0
1784042820,29678.158203125,29678.158203125,29664.806640625,29668.61328125,2004637.0
1784042880,29673.748046875,29680.345703125,29673.748046875,29679.10546875,2171438.0
1784042940,29680.1484375,29685.80078125,29680.1484375,29684.490234375,2690386.0
1784043000,29684.064453125,29689.3125,29677.853515625,29678.029296875,2245125.0
1784043060,29677.259765625,29678.0078125,29662.533203125,29673.9453125,2240341.0
1784043120,29671.681640625,29671.681640625,29662.09765625,29662.09765625,1835235.0
1784043180,29655.82421875,29656.072265625,29645.060546875,29647.9453125,2154439.0
1784043240,29640.744140625,29653.77734375,29640.744140625,29649.63671875,2486385.0
1784043300,29647.490234375,29647.490234375,29632.208984375,29641.603515625,2095993.0
1784043360,29646.791015625,29652.251953125,29636.990234375,29650.142578125,1890529.0
1784043420,29648.08984375,29660.052734375,29643.46875,29655.83203125,2582704.0
1784043480,29659.8359375,29660.892578125,29654.89453125,29655.78515625,1851067.0
1784043540,29654.841796875,29658.0234375,29652.109375,29658.0234375,1623798.0
1784043600,29646.724609375,29646.724609375,29635.845703125,29641.81640625,1790850.0
1784043660,29636.78125,29637.3203125,29619.21875,29627.0625,1920641.0
1784043720,29626.798828125,29626.798828125,29602.8046875,29610.505859375,2084408.0
1784043780,29613.994140625,29613.994140625,29603.658203125,29611.595703125,1660044.0
1784043840,29617.966796875,29638.810546875,29617.966796875,29632.234375,1895869.0
1784043900,29635.3203125,29642.70703125,29635.3203125,29636.62890625,1692444.0
1784043960,29631.19140625,29638.84375,29631.19140625,29635.595703125,1403861.0
1784044020,29637.431640625,29645.830078125,29635.66015625,29645.830078125,1724744.0
1784044080,29646.4453125,29648.34375,29641.615234375,29646.3828125,1641244.0
1784044140,29648.419921875,29648.419921875,29630.326171875,29630.326171875,1682341.0
1784044200,29630.083984375,29633.318359375,29614.236328125,29614.236328125,1777938.0
1784044260,29615.27734375,29616.376953125,29595.869140625,29595.869140625,1925140.0
1784044320,29595.052734375,29595.052734375,29576.681640625,29581.3515625,2002620.0
1784044380,29583.546875,29594.986328125,29583.546875,29594.986328125,2036768.0
1784044440,29595.283203125,29595.283203125,29573.0,29577.291015625,1689374.0
1784044500,29574.41796875,29583.447265625,29572.94140625,29580.048828125,1955539.0
1784044560,29584.490234375,29592.62109375,29584.37890625,29588.791015625,1595627.0
1784044620,29589.751953125,29591.353515625,29566.044921875,29569.46484375,1593027.0
1784044680,29572.037109375,29575.234375,29566.458984375,29566.458984375,1709426.0
1784044740,29568.068359375,29579.5390625,29566.255859375,29579.533203125,1220787.0
1784044800,29585.83203125,29585.83203125,29555.78125,29555.78125,1984298.0
1784044860,29551.82421875,29562.435546875,29544.955078125,29544.955078125,1896667.0
1784044920,29544.8125,29544.8125,29535.94921875,29538.341796875,2401587.0
1784044980,29536.779296875,29543.693359375,29522.958984375,29526.83203125,925276.0
1784045040,29526.04296875,29535.2734375,29521.955078125,29530.888671875,2490852.0
1784045100,29533.84765625,29542.673828125,29533.84765625,29537.115234375,843765.0
1784045160,29539.078125,29547.1484375,29533.390625,29545.212890625,1461770.0
1784045220,29546.640625,29546.640625,29516.6171875,29526.638671875,1964908.0
1784045280,29526.3125,29541.541015625,29526.3125,29541.541015625,1482653.0
1784045340,29542.630859375,29558.498046875,29542.630859375,29547.47265625,2146652.0
1784045400,29548.076171875,29549.109375,29532.0390625,29532.0390625,793442.0
1784045460,29532.79296875,29536.21484375,29525.74609375,29536.21484375,1728126.0
1784045520,29537.091796875,29543.138671875,29534.099609375,29534.576171875,1317107.0
1784045580,29532.31640625,29544.88671875,29531.724609375,29544.56640625,1262901.0
1784045640,29544.28515625,29548.90234375,29539.791015625,29539.791015625,1753010.0
1784045700,29535.23828125,29537.3671875,29510.8984375,29518.4375,928118.0
1784045760,29519.3515625,29527.904296875,29519.3515625,29526.341796875,2520729.0
1784045820,29527.94140625,29532.193359375,29522.005859375,29526.748046875,726013.0
1784045880,29528.265625,29536.62109375,29528.265625,29536.62109375,1210051.0
1784045940,29536.919921875,29548.9140625,29532.28125,29548.33203125,1446066.0
1784046000,29548.603515625,29561.21484375,29548.603515625,29552.080078125,1749071.0
1784046060,29549.03515625,29549.03515625,29538.90625,29544.951171875,2670596.0
1784046120,29551.791015625,29553.080078125,29544.93359375,29551.654296875,757498.0
1784046180,29546.54296875,29552.68359375,29533.818359375,29535.634765625,2509185.0
1784046240,29538.078125,29557.349609375,29538.078125,29556.9609375,873837.0
1784046300,29557.810546875,29568.28125,29557.810546875,29563.56640625,1720724.0
1784046360,29565.607421875,29569.732421875,29563.4375,29567.28125,1490646.0
1784046420,29567.587890625,29579.947265625,29567.587890625,29579.947265625,1441217.0
1784046480,29579.041015625,29581.30078125,29573.9609375,29579.22265625,1587698.0
1784046540,29580.310546875,29584.40625,29580.18359375,29581.361328125,1496958.0
1784046600,29581.111328125,29584.8046875,29577.787109375,29583.50390625,2443714.0
1784046660,29586.87109375,29590.263671875,29583.607421875,29584.69140625,742452.0
1784046720,29585.177734375,29587.31640625,29566.345703125,29566.345703125,2932789.0
1784046780,29559.287109375,29566.7578125,29554.3515625,29566.7578125,802116.0
1784046840,29566.986328125,29582.205078125,29566.412109375,29582.205078125,1686112.0
1784046900,29583.3125,29590.8984375,29583.3125,29585.599609375,1470949.0
1784046960,29585.857421875,29593.72265625,29579.755859375,29584.53515625,1513639.0
1784047020,29584.69921875,29584.69921875,29576.068359375,29576.466796875,2133583.0
1784047080,29573.2890625,29592.8359375,29569.279296875,29592.8359375,782712.0
1784047140,29591.658203125,29592.578125,29588.40625,29588.86328125,2075667.0
1784047200,29587.42578125,29596.568359375,29584.990234375,29596.1171875,881141.0
1784047260,29593.662109375,29606.515625,29593.662109375,29606.515625,1350209.0
1784047320,29606.4140625,29615.498046875,29605.240234375,29615.478515625,1585315.0
1784047380,29613.984375,29624.2109375,29613.732421875,29620.76953125,1913211.0
1784047440,29620.263671875,29620.73828125,29610.884765625,29611.134765625,1511441.0
1784047500,29611.4140625,29626.3984375,29611.4140625,29614.798828125,1453840.0
1784047560,29608.302734375,29608.302734375,29595.3125,29599.314453125,2143537.0
1784047620,29599.1640625,29604.40234375,29596.87890625,29600.33984375,1347113.0
1784047680,29597.896484375,29598.984375,29586.716796875,29595.669921875,1284162.0
1784047740,29595.431640625,29607.66796875,29594.86328125,29607.66796875,2115921.0
1784047800,29609.875,29612.849609375,29608.2109375,29609.615234375,656098.0
1784047860,29608.98046875,29614.18359375,29605.361328125,29614.18359375,2247566.0
1784047920,29613.470703125,29614.048828125,29609.1328125,29611.04296875,660452.0
1784047980,29611.828125,29619.54296875,29611.828125,29613.51953125,1362562.0
1784048040,29612.94140625,29613.60546875,29605.708984375,29605.708984375,1498815.0
1784048100,29607.056640625,29619.302734375,29607.056640625,29619.302734375,1423098.0
1784048160,29619.025390625,29619.78125,29616.005859375,29616.005859375,1325481.0
1784048220,29617.33984375,29618.720703125,29610.423828125,29618.720703125,1423941.0
1784048280,29618.509765625,29619.947265625,29610.326171875,29619.947265625,2099244.0
1784048340,29619.578125,29623.529296875,29619.578125,29623.529296875,578245.0
1784048400,29623.646484375,29633.451171875,29619.2265625,29632.6015625,2573855.0
1784048460,29633.115234375,29635.501953125,29629.984375,29635.501953125,1014483.0
1784048520,29635.392578125,29635.392578125,29632.369140625,29634.837890625,1688284.0
1784048580,29635.84765625,29635.84765625,29627.330078125,29630.84765625,1599582.0
1784048640,29630.64453125,29633.25390625,29618.595703125,29620.908203125,1789162.0
1784048700,29620.916015625,29624.697265625,29617.009765625,29624.697265625,2097021.0
1784048760,29625.89453125,29631.025390625,29620.03515625,29630.548828125,873106.0
1784048820,29630.396484375,29635.544921875,29629.662109375,29635.271484375,2131690.0
1784048880,29636.734375,29639.48046875,29635.125,29635.125,717223.0
1784048940,29634.939453125,29642.40625,29634.939453125,29642.40625,1546395.0
1784049000,29642.06640625,29642.841796875,29637.669921875,29642.841796875,1422558.0
1784049060,29643.55078125,29647.603515625,29636.779296875,29641.134765625,1215651.0
1784049120,29639.798828125,29642.650390625,29633.55078125,29640.77734375,1380767.0
1784049180,29640.3125,29641.287109375,29634.39453125,29635.162109375,1446159.0
1784049240,29633.923828125,29633.923828125,29620.806640625,29620.806640625,1923443.0
1784049300,29621.830078125,29627.107421875,29615.603515625,29618.271484375,912366.0
1784049360,29618.1171875,29622.322265625,29617.11328125,29619.400390625,2814196.0
1784049420,29617.060546875,29618.62109375,29611.64453125,29612.029296875,830380.0
1784049480,29611.599609375,29621.88671875,29611.599609375,29621.6171875,1631969.0
1784049540,29622.263671875,29633.572265625,29621.501953125,29633.18359375,1454582.0
1784049600,29634.4140625,29640.41015625,29634.4140625,29640.41015625,1695277.0
1784049660,29640.70703125,29647.837890625,29640.70703125,29647.837890625,2067285.0
1784049720,29651.03125,29651.21484375,29648.51171875,29650.0078125,661768.0
1784049780,29650.34765625,29656.98828125,29650.34765625,29653.947265625,1911322.0
1784049840,29655.078125,29659.697265625,29654.88671875,29655.7109375,1808449.0
1784049900,29657.46484375,29661.06640625,29654.357421875,29655.31640625,1305929.0
1784049960,29654.734375,29659.48828125,29654.734375,29659.48828125,1514663.0
1784050020,29660.6640625,29660.6640625,29653.650390625,29655.53125,529503.0
1784050080,29656.896484375,29657.3515625,29649.21875,29653.2421875,1863421.0
1784050140,29653.328125,29653.328125,29646.267578125,29648.404296875,555014.0
1784050200,29650.908203125,29657.892578125,29650.1796875,29656.734375,1616309.0
1784050260,29656.5234375,29658.74609375,29654.154296875,29657.5625,1544645.0
1784050320,29657.3984375,29657.3984375,29638.451171875,29638.451171875,1475492.0
1784050380,29637.380859375,29642.19921875,29633.857421875,29636.474609375,2362632.0
1784050440,29634.984375,29637.587890625,29633.84375,29634.71484375,918166.0
1784050500,29631.05078125,29631.05078125,29620.81640625,29628.943359375,2019885.0
1784050560,29630.603515625,29634.212890625,29627.857421875,29627.88671875,639715.0
1784050620,29629.681640625,29638.62890625,29628.654296875,29638.62890625,1207851.0
1784050680,29639.947265625,29644.3515625,29639.947265625,29644.30078125,1142684.0
1784050740,29643.86328125,29650.572265625,29643.86328125,29648.080078125,1163798.0
1784050800,29648.732421875,29652.818359375,29646.328125,29652.087890625,1213506.0
1784050860,29652.333984375,29654.412109375,29646.12109375,29646.12109375,1080717.0
1784050920,29645.583984375,29648.111328125,29642.591796875,29643.541015625,1707905.0
1784050980,29638.638671875,29650.876953125,29638.638671875,29649.90625,778661.0
1784051040,29648.806640625,29652.771484375,29644.41796875,29645.513671875,1708634.0
1784051100,29645.552734375,29649.013671875,29638.359375,29639.0703125,706202.0
1784051160,29639.44140625,29639.44140625,29635.904296875,29636.798828125,1452187.0
1784051220,29637.380859375,29640.1484375,29629.482421875,29640.05078125,1433134.0
1784051280,29639.244140625,29653.626953125,29639.244140625,29653.626953125,1104307.0
1784051340,29653.048828125,29653.048828125,29646.123046875,29647.734375,2153820.0
1784051400,29647.482421875,29655.990234375,29647.482421875,29655.990234375,617768.0
1784051460,29655.7109375,29658.095703125,29651.748046875,29658.095703125,2139529.0
1784051520,29658.22265625,29662.857421875,29658.22265625,29658.68359375,866123.0
1784051580,29658.21484375,29661.5703125,29656.546875,29656.546875,1375868.0
1784051640,29656.041015625,29661.685546875,29655.970703125,29659.484375,1241973.0
1784051700,29660.5078125,29660.5078125,29655.392578125,29656.197265625,1296838.0
1784051760,29657.109375,29660.826171875,29657.109375,29659.279296875,1220678.0
1784051820,29659.478515625,29660.369140625,29654.81640625,29659.31640625,1249415.0
1784051880,29659.283203125,29662.62890625,29659.11328125,29661.611328125,1769256.0
1784051940,29660.884765625,29663.16015625,29660.078125,29662.138671875,549875.0
1784052000,29661.48046875,29661.77734375,29643.505859375,29645.16015625,1236945.0
1784052060,29645.080078125,29652.59375,29643.19140625,29651.62109375,2359600.0
1784052120,29650.3671875,29655.103515625,29647.318359375,29655.103515625,1087552.0
1784052180,29655.22265625,29660.78515625,29654.560546875,29660.052734375,3169989.0
1784052240,29663.46484375,29663.94140625,29660.29296875,29660.59375,683581.0
1784052300,29661.43359375,29663.541015625,29659.3359375,29659.599609375,1164842.0
1784052360,29659.087890625,29659.087890625,29650.02734375,29652.1953125,1424006.0
1784052420,29651.638671875,29651.638671875,29647.12109375,29650.947265625,1261640.0
1784052480,29653.923828125,29662.017578125,29653.923828125,29660.646484375,1651734.0
1784052540,29660.5234375,29662.76171875,29660.49609375,29662.34765625,1375620.0
1784052600,29663.7734375,29667.578125,29663.658203125,29665.97265625,3085432.0
1784052660,29666.20703125,29666.20703125,29660.716796875,29663.193359375,615810.0
1784052720,29663.744140625,29665.72265625,29663.744140625,29665.72265625,2211116.0
1784052780,29664.59375,29666.73046875,29662.408203125,29666.73046875,767992.0
1784052840,29665.68359375,29667.5546875,29665.03125,29666.556640625,1147842.0
1784052900,29666.63671875,29675.587890625,29665.271484375,29665.271484375,1185362.0
1784052960,29666.56640625,29670.361328125,29666.287109375,29668.529296875,1373602.0
1784053020,29668.11328125,29668.11328125,29662.71484375,29664.658203125,1887239.0
1784053080,29663.6953125,29665.908203125,29661.51171875,29665.908203125,610221.0
1784053140,29665.447265625,29666.53125,29663.671875,29665.494140625,1890808.0
1784053200,29665.537109375,29665.537109375,29658.541015625,29665.509765625,678118.0
1784053260,29665.515625,29670.5234375,29664.42578125,29666.576171875,1288638.0
1784053320,29665.990234375,29667.654296875,29662.4921875,29666.92578125,1193361.0
1784053380,29666.3515625,29667.1328125,29663.87109375,29665.6640625,1488902.0
1784053440,29665.869140625,29665.869140625,29651.095703125,29652.515625,1650623.0
1784053500,29653.62109375,29662.3984375,29646.51171875,29661.53125,1758782.0
1784053560,29661.033203125,29663.248046875,29657.09765625,29660.603515625,2602638.0
1784053620,29662.17578125,29662.17578125,29654.26171875,29655.3984375,716809.0
1784053680,29655.6953125,29661.646484375,29655.640625,29660.056640625,2465490.0
1784053740,29659.443359375,29659.443359375,29648.791015625,29650.900390625,1115834.0
1784053800,29651.75390625,29654.646484375,29648.076171875,29648.576171875,1366166.0
1784053860,29648.068359375,29654.63671875,29648.068359375,29654.63671875,1433642.0
1784053920,29655.748046875,29655.748046875,29647.763671875,29653.41796875,1495316.0
1784053980,29654.615234375,29659.73046875,29653.560546875,29658.255859375,3260555.0
1784054040,29657.48046875,29660.986328125,29656.18359375,29660.986328125,910094.0
1784054100,29662.390625,29668.05078125,29662.390625,29666.9921875,1602813.0
1784054160,29667.373046875,29667.373046875,29662.443359375,29662.9921875,1613322.0
1784054220,29661.435546875,29666.12890625,29644.697265625,29652.56640625,1543729.0
1784054280,29653.671875,29653.671875,29643.16015625,29645.818359375,2964775.0
1784054340,29645.5625,29653.0390625,29645.5625,29651.638671875,621183.0
1784054400,29649.1484375,29649.1484375,29640.388671875,29641.056640625,2113968.0
1784054460,29641.263671875,29641.263671875,29621.0390625,29625.755859375,1461745.0
1784054520,29628.310546875,29628.580078125,29615.287109375,29623.439453125,2241582.0
1784054580,29623.58984375,29624.42578125,29613.44140625,29613.44140625,1283040.0
1784054640,29615.408203125,29623.28125,29614.95703125,29623.150390625,1743336.0
1784054700,29623.61328125,29623.61328125,29615.173828125,29615.861328125,1818377.0
1784054760,29616.9609375,29627.5859375,29616.9609375,29627.505859375,658547.0
1784054820,29628.83984375,29635.275390625,29628.83984375,29634.380859375,2218390.0
1784054880,29634.119140625,29634.119140625,29627.890625,29627.890625,618996.0
1784054940,29628.373046875,29628.373046875,29615.646484375,29615.646484375,1439457.0
1784055000,29615.166015625,29617.9765625,29612.595703125,29613.748046875,1195053.0
1784055060,29614.47265625,29623.3046875,29614.216796875,29621.697265625,1219124.0
1784055120,29622.953125,29633.087890625,29621.6875,29631.822265625,1644346.0
1784055180,29631.416015625,29641.203125,29630.41015625,29640.04296875,1591401.0
1784055240,29640.349609375,29640.349609375,29633.376953125,29636.435546875,2060348.0
1784055300,29636.2734375,29636.2734375,29627.15234375,29629.21875,767728.0
1784055360,29628.408203125,29630.96484375,29628.1796875,29629.201171875,2191173.0
1784055420,29627.654296875,29629.234375,29623.494140625,29623.494140625,781218.0
1784055480,29623.23046875,29625.119140625,29620.81640625,29624.560546875,1459261.0
1784055540,29626.54296875,29626.54296875,29621.765625,29624.599609375,1389326.0
1784055600,29623.36328125,29626.5234375,29619.2109375,29623.546875,1856545.0
1784055660,29622.267578125,29622.267578125,29605.474609375,29605.474609375,2541665.0
1784055720,29603.49609375,29603.49609375,29593.58203125,29598.73046875,980174.0
1784055780,29597.484375,29604.203125,29594.47265625,29596.822265625,2315571.0
1784055840,29595.93359375,29598.501953125,29593.693359375,29594.60546875,1027558.0
1784055900,29594.982421875,29594.982421875,29591.498046875,29593.28125,1420468.0
1784055960,29593.361328125,29599.30078125,29592.9921875,29599.30078125,1292044.0
1784056020,29598.669921875,29598.669921875,29580.830078125,29585.185546875,1304627.0
1784056080,29588.201171875,29598.388671875,29587.318359375,29596.4921875,1623930.0
1784056140,29599.380859375,29599.380859375,29589.9609375,29589.9609375,1282922.0
1784056200,29587.767578125,29595.3125,29583.236328125,29595.3125,2327265.0
1784056260,29596.55078125,29599.095703125,29592.33984375,29595.271484375,935639.0
1784056320,29597.310546875,29608.634765625,29597.310546875,29608.634765625,1510925.0
1784056380,29608.98828125,29618.712890625,29606.35546875,29618.712890625,1658139.0
1784056440,29618.7578125,29620.5859375,29611.9375,29612.615234375,1742421.0
1784056500,29613.916015625,29620.728515625,29612.515625,29620.564453125,1610710.0
1784056560,29620.228515625,29623.908203125,29617.80859375,29618.140625,1485072.0
1784056620,29616.443359375,29622.71484375,29616.25,29622.71484375,1496637.0
1784056680,29623.08203125,29625.548828125,29614.134765625,29618.083984375,2639304.0
1784056740,29616.98046875,29618.984375,29616.814453125,29618.984375,686775.0
1784056800,29619.626953125,29619.626953125,29613.75390625,29617.544921875,2373465.0
1784056860,29618.794921875,29628.65625,29618.794921875,29628.65625,920438.0
1784056920,29629.5859375,29637.703125,29629.5859375,29635.126953125,1609184.0
1784056980,29635.181640625,29637.3203125,29631.705078125,29632.78125,1562342.0
1784057040,29632.701171875,29635.265625,29630.17578125,29635.091796875,1469165.0
1784057100,29635.287109375,29635.8515625,29625.484375,29625.484375,1423777.0
1784057160,29625.8046875,29630.490234375,29624.244140625,29628.03125,1579393.0
1784057220,29627.7578125,29628.462890625,29621.62109375,29622.619140625,1754824.0
1784057280,29620.1328125,29620.1328125,29611.478515625,29613.548828125,1775133.0
1784057340,29613.05859375,29614.36328125,29595.259765625,29595.259765625,2975076.0
1784057400,29579.02734375,29587.953125,29577.21484375,29582.587890625,3596714.0
1784057460,29579.658203125,29586.73046875,29572.314453125,29585.19140625,1256205.0
1784057520,29585.3828125,29593.4609375,29582.78515625,29588.66015625,3169455.0
1784057580,29589.140625,29600.009765625,29584.755859375,29598.96484375,1008074.0
1784057640,29599.5859375,29601.193359375,29594.96484375,29600.271484375,2595335.0
1784057700,29599.498046875,29600.80078125,29593.234375,29593.234375,3290061.0
1784057760,29591.703125,29604.814453125,29589.927734375,29604.814453125,4091003.0
1784057820,29605.28515625,29608.279296875,29600.548828125,29604.177734375,4264662.0
1784057880,29603.841796875,29605.84765625,29590.044921875,29590.044921875,1080437.0
1784057940,29591.560546875,29596.36328125,29586.326171875,29590.083984375,1886830.0
1784058000,29589.66796875,29596.751953125,29588.578125,29591.470703125,2314150.0
1784058060,29591.408203125,29598.880859375,29590.591796875,29596.076171875,2196218.0
1784058120,29596.41796875,29604.92578125,29594.76953125,29601.216796875,3441722.0
1784058180,29603.55078125,29607.404296875,29599.044921875,29607.296875,1100259.0
1784058240,29608.068359375,29613.48828125,29607.919921875,29609.912109375,3475489.0
1784058300,29610.640625,29616.09765625,29610.640625,29615.146484375,1614444.0
1784058360,29616.4609375,29616.556640625,29611.580078125,29612.365234375,2298285.0
1784058420,29610.501953125,29614.45703125,29609.080078125,29609.9609375,2476380.0
1784058480,29607.79296875,29614.982421875,29607.79296875,29612.865234375,2369596.0
1784058540,29613.13671875,29621.30078125,29611.611328125,29619.375,4073023.0
1784058600,29600.638671875,29612.982421875,29596.609375,29608.5,2919901.0
1784058660,29608.166015625,29616.59375,29602.466796875,29614.552734375,4997696.0
1784058720,29617.796875,29627.4609375,29617.796875,29626.236328125,3848477.0
1784058780,29626.865234375,29630.80078125,29616.640625,29616.84765625,4108403.0
1784058840,29604.48828125,29614.826171875,29601.841796875,29601.841796875,9019437.0
1784058900,29602.53515625,29604.314453125,29599.146484375,29599.486328125,3689978.0
1784058960,29601.29296875,29605.703125,29599.439453125,29604.244140625,8185601.0
1784059020,29605.119140625,29609.337890625,29599.578125,29609.337890625,2750823.0
1784059080,29606.01171875,29613.205078125,29600.69921875,29606.509765625,5602238.0
1784059140,29603.25390625,29603.92578125,29580.0390625,29588.03515625,6000563.0
1784059200,29615.7,29625.0,29607.5,29623.2,245.0
1784059260,29623.6,29626.1,29619.7,29625.9,224.0
1784059320,29625.6,29626.6,29620.6,29623.9,206.0
1784059380,29624.5,29625.9,29617.4,29618.6,217.0
1784059440,29618.9,29622.6,29607.2,29610.1,242.0
1784059500,29610.9,29616.5,29604.7,29615.6,219.0
1784059560,29616.7,29623.2,29607.1,29620.9,235.0
1784059620,29621.7,29627.5,29619.4,29627.5,229.0
1784059680,29626.9,29629.6,29623.9,29625.6,207.0
1784059740,29625.9,29634.9,29625.9,29633.0,219.0
1784059800,29632.9,29638.0,29628.4,29636.7,211.0
1784059860,29636.9,29639.9,29628.1,29632.1,222.0
1784059920,29632.1,29635.9,29624.2,29631.6,225.0
1784059980,29631.6,29632.6,29622.1,29622.1,206.0
1784060040,29622.6,29622.9,29610.9,29611.4,240.0
1784060100,29611.4,29618.4,29601.9,29609.2,236.0
1784060160,29610.0,29615.1,29606.5,29612.9,247.0
1784060220,29612.4,29613.4,29601.4,29604.9,237.0
1784060280,29604.4,29616.9,29603.4,29615.1,239.0
1784060340,29615.6,29625.5,29613.4,29624.6,241.0
1784060400,29624.4,29632.5,29624.4,29630.2,207.0
1784060460,29630.4,29641.6,29630.2,29641.5,218.0
1784060520,29641.5,29643.2,29636.9,29641.5,249.0
1784060580,29642.2,29651.0,29639.0,29647.6,228.0
1784060640,29648.1,29653.1,29644.6,29647.6,232.0
1784060700,29647.4,29653.0,29644.4,29645.4,225.0
1784060760,29645.1,29653.0,29644.9,29653.0,211.0
1784060820,29652.7,29654.4,29640.9,29647.4,217.0
1784060880,29647.4,29648.4,29638.4,29646.7,201.0
1784060940,29646.6,29647.1,29635.9,29638.9,211.0
1784061000,29639.0,29648.4,29639.0,29647.1,236.0
1784061060,29647.1,29651.0,29642.7,29649.9,207.0
1784061120,29649.7,29650.0,29626.6,29627.1,221.0
1784061180,29627.1,29634.2,29622.7,29624.2,224.0
1784061240,29623.6,29627.9,29619.9,29619.9,211.0
1784061300,29620.1,29620.4,29609.0,29618.9,239.0
1784061360,29619.4,29625.9,29616.7,29619.4,223.0
1784061420,29619.4,29633.0,29619.4,29632.6,223.0
1784061480,29632.4,29636.4,29630.4,29633.1,203.0
1784061540,29633.2,29641.7,29632.9,29641.0,218.0
1784061600,29640.7,29645.6,29638.1,29643.4,210.0
1784061660,29643.4,29647.4,29635.4,29636.4,208.0
1784061720,29636.4,29640.1,29629.1,29629.4,209.0
1784061780,29629.1,29643.6,29627.6,29640.4,216.0
1784061840,29640.1,29644.6,29634.0,29635.4,210.0
1784061900,29634.9,29640.1,29625.9,29628.1,212.0
1784061960,29627.9,29630.1,29623.1,29628.4,224.0
1784062020,29628.4,29632.5,29618.9,29628.6,245.0
1784062080,29628.4,29647.0,29628.4,29646.4,218.0
1784062140,29646.2,29646.2,29635.5,29638.9,218.0
1784062200,29638.6,29648.0,29637.9,29645.5,220.0
1784062260,29645.5,29649.6,29640.0,29649.5,207.0
1784062320,29649.6,29653.1,29647.4,29647.5,203.0
1784062380,29647.1,29651.7,29645.6,29646.9,208.0
1784062440,29646.6,29651.6,29646.0,29650.1,185.0
1784062500,29650.1,29650.2,29642.9,29648.0,226.0
1784062560,29648.1,29650.1,29644.9,29649.4,209.0
1784062620,29649.4,29650.1,29644.5,29649.5,211.0
1784062680,29649.2,29653.0,29647.6,29650.7,208.0
1784062740,29650.9,29654.1,29648.2,29652.5,202.0
1784062800,29652.0,29653.5,29632.6,29635.1,213.0
1784062860,29635.2,29644.5,29633.1,29641.6,226.0
1784062920,29641.7,29647.6,29637.0,29646.1,225.0
1784062980,29646.1,29654.1,29643.6,29654.1,211.0
1784063040,29654.0,29658.6,29651.1,29655.6,225.0
1784063100,29654.6,29657.0,29649.1,29649.9,215.0
1784063160,29650.1,29650.9,29637.5,29640.1,219.0
1784063220,29639.9,29644.6,29634.4,29644.5,221.0
1784063280,29644.6,29654.0,29643.4,29651.9,213.0
1784063340,29651.9,29653.6,29649.7,29653.1,177.0
1784063400,29653.1,29657.1,29652.5,29655.9,203.0
1784063460,29655.5,29655.9,29648.2,29654.1,211.0
1784063520,29654.1,29656.1,29651.7,29653.1,189.0
1784063580,29653.0,29660.0,29650.9,29657.6,205.0
1784063640,29657.6,29659.7,29654.4,29658.2,200.0
1784063700,29658.1,29666.7,29655.2,29655.5,232.0
1784063760,29655.5,29662.6,29655.5,29657.9,218.0
1784063820,29658.1,29658.4,29651.4,29654.4,198.0
1784063880,29654.2,29656.4,29649.7,29654.9,185.0
1784063940,29654.9,29657.9,29652.2,29655.4,191.0
1784064000,29655.2,29657.1,29647.0,29655.1,212.0
1784064060,29655.5,29659.5,29652.5,29654.1,203.0
1784064120,29653.7,29658.0,29649.4,29656.5,223.0
1784064180,29656.1,29657.5,29653.4,29655.1,212.0
1784064240,29655.9,29656.4,29640.6,29644.9,227.0
1784064300,29644.4,29654.6,29636.9,29652.6,234.0
1784064360,29651.2,29655.2,29647.2,29653.5,212.0
1784064420,29653.6,29655.4,29645.5,29648.1,220.0
1784064480,29648.4,29653.7,29647.1,29650.6,224.0
1784064540,29650.9,29651.6,29641.1,29642.9,215.0
1784064600,29642.6,29648.5,29637.2,29638.4,231.0
1784064660,29638.1,29647.4,29637.2,29646.9,226.0
1784064720,29647.0,29647.7,29635.9,29645.5,211.0
1784064780,29645.6,29649.1,29641.6,29648.4,209.0
1784064840,29647.6,29653.0,29645.4,29650.7,184.0
1784064900,29651.6,29658.6,29651.6,29655.5,212.0
1784064960,29655.4,29656.6,29648.6,29652.6,228.0
1784065020,29652.5,29655.7,29630.1,29643.5,232.0
1784065080,29643.5,29643.6,29630.2,29635.9,240.0
1784065140,29636.1,29643.4,29633.1,29638.4,219.0
1784065200,29638.0,29638.4,29626.2,29628.6,216.0
1784065260,29628.6,29632.0,29604.6,29616.5,249.0
1784065320,29616.9,29621.1,29603.7,29616.0,248.0
1784065380,29616.0,29617.1,29604.0,29605.9,246.0
1784065440,29606.5,29615.9,29605.2,29614.4,234.0
1784065500,29614.4,29615.4,29604.1,29608.4,247.0
1784065560,29608.6,29619.6,29606.5,29618.5,224.0
1784065620,29618.4,29626.7,29618.1,29625.4,222.0
1784065680,29625.6,29626.6,29618.1,29620.5,201.0
1784065740,29620.9,29622.0,29605.9,29605.9,228.0
1784065800,29605.9,29610.9,29603.1,29606.6,242.0
1784065860,29606.6,29615.9,29605.0,29614.2,226.0
1784065920,29614.1,29624.4,29610.6,29621.4,228.0
1784065980,29621.6,29632.4,29620.4,29630.4,210.0
1784066040,29630.4,29630.6,29622.6,29625.4,198.0
1784066100,29625.1,29625.2,29614.4,29618.7,214.0
1784066160,29619.4,29620.9,29615.9,29617.6,194.0
1784066220,29617.6,29620.1,29610.1,29611.5,221.0
1784066280,29611.1,29618.9,29609.4,29618.1,207.0
1784066340,29618.9,29619.9,29610.9,29613.6,197.0
1784066400,29613.6,29621.5,29608.6,29614.6,227.0
1784066460,29614.4,29614.4,29595.6,29596.1,225.0
1784066520,29595.9,29596.4,29584.4,29590.5,242.0
1784066580,29590.9,29597.1,29585.1,29585.6,218.0
1784066640,29585.6,29591.1,29583.6,29587.6,223.0
1784066700,29588.0,29588.9,29582.7,29585.6,232.0
1784066760,29585.9,29592.9,29584.6,29589.1,221.0
1784066820,29589.2,29592.6,29569.9,29580.4,224.0
1784066880,29581.0,29590.1,29577.2,29587.1,235.0
1784066940,29587.1,29592.1,29578.2,29578.2,220.0
1784067000,29578.5,29588.5,29574.4,29588.1,215.0
1784067060,29588.6,29594.7,29583.6,29589.7,241.0
1784067120,29589.9,29601.7,29589.4,29599.9,210.0
1784067180,29600.9,29611.0,29597.6,29610.0,225.0
1784067240,29609.1,29613.4,29602.7,29604.9,226.0
1784067300,29604.9,29612.2,29604.7,29611.9,232.0
1784067360,29611.4,29617.0,29604.9,29605.6,223.0
1784067420,29605.6,29613.6,29604.6,29612.4,219.0
1784067480,29613.4,29614.6,29600.5,29608.9,194.0
1784067540,29608.1,29611.0,29604.9,29609.2,201.0
1784067600,29610.1,29610.7,29600.7,29609.2,212.0
1784067660,29609.6,29618.5,29608.9,29616.9,210.0
1784067720,29617.1,29627.0,29617.1,29623.6,231.0
1784067780,29624.1,29625.6,29620.0,29620.0,213.0
1784067840,29620.1,29625.9,29616.9,29624.4,205.0
1784067900,29624.5,29625.1,29613.5,29614.5,219.0
1784067960,29615.1,29621.0,29612.1,29615.2,213.0
1784068020,29615.1,29618.1,29610.5,29611.4,211.0
1784068080,29611.0,29611.9,29602.0,29603.6,241.0
1784068140,29603.7,29605.1,29586.0,29587.0,244.0
1784068200,29587.5,29589.6,29566.2,29572.2,269.0
1784068260,29572.2,29579.4,29560.4,29576.9,264.0
1784068320,29575.7,29585.1,29571.5,29576.6,256.0
1784068380,29576.9,29591.4,29572.1,29589.1,244.0
1784068440,29589.4,29592.4,29581.1,29589.4,252.0
1784068500,29588.6,29592.5,29582.1,29584.1,241.0
1784068560,29583.4,29598.2,29579.9,29598.2,234.0
1784068620,29598.0,29598.9,29588.4,29591.9,246.0
1784068680,29591.9,29595.4,29577.9,29578.4,222.0
1784068740,29577.9,29586.0,29575.7,29581.1,224.0
1784068800,29580.9,29587.6,29577.9,29579.6,224.0
1784068860,29579.4,29591.1,29578.9,29587.7,226.0
1784068920,29588.1,29597.7,29585.5,29592.4,234.0
1784068980,29592.1,29599.7,29589.6,29599.1,200.0
1784069040,29599.4,29604.9,29598.6,29600.5,204.0
1784069100,29601.0,29607.6,29599.5,29606.7,234.0
1784069160,29606.6,29607.7,29600.1,29600.1,224.0
1784069220,29600.1,29606.0,29598.1,29598.2,216.0
1784069280,29598.4,29605.6,29596.9,29604.6,204.0
1784069340,29604.1,29612.5,29601.4,29610.5,213.0
1784069400,29610.4,29610.4,29588.0,29599.4,256.0
1784069460,29598.1,29611.6,29594.9,29610.6,253.0
1784069520,29611.1,29623.7,29611.1,29618.7,244.0
1784069580,29618.6,29624.9,29608.6,29610.4,251.0
1784069640,29607.0,29610.2,29594.1,29594.1,254.0
1784069700,29593.4,29602.0,29589.7,29595.6,259.0
1784069760,29596.0,29601.0,29592.6,29598.4,243.0
1784069820,29598.4,29605.9,29594.0,29604.2,243.0
1784069880,29604.5,29607.1,29595.5,29596.6,230.0
1784069940,29597.0,29599.9,29568.5,29577.4,263.0
1784070000,29574.1,29588.2,29567.4,29574.2,265.0
1784070060,29575.1,29583.9,29566.4,29571.0,243.0
1784070120,29570.2,29571.0,29564.0,29565.1,240.0
1784070180,29565.1,29569.5,29563.2,29564.6,191.0
1784070240,29564.5,29568.5,29561.7,29565.2,177.0
1784070300,29564.6,29597.9,29562.7,29582.2,212.0
1784070360,29582.5,29588.5,29581.2,29584.5,196.0
1784070420,29584.4,29585.4,29577.9,29582.4,182.0
1784070480,29582.4,29583.1,29574.6,29581.2,172.0
1784070540,29581.1,29586.6,29578.6,29578.6,131.0
1784070600,29578.5,29580.0,29570.2,29572.5,182.0
1784070660,29573.1,29574.6,29567.2,29570.1,171.0
1784070720,29570.1,29571.1,29566.4,29569.4,154.0
1784070780,29569.4,29580.5,29569.4,29579.4,182.0
1784070840,29578.9,29580.0,29576.7,29576.7,159.0
1784070900,29576.9,29580.9,29575.1,29580.9,135.0
1784070960,29581.0,29581.0,29577.1,29578.9,116.0
1784071020,29578.4,29579.4,29574.0,29575.4,119.0
1784071080,29575.4,29579.6,29575.4,29575.9,88.0
1784071140,29575.9,29579.6,29573.9,29576.6,115.0
1784071200,29576.6,29577.4,29565.4,29565.9,119.0
1784071260,29565.7,29565.7,29560.7,29563.6,112.0
1784071320,29563.6,29565.9,29559.6,29561.4,126.0
1784071380,29560.9,29563.6,29557.6,29562.5,109.0
1784071440,29562.5,29565.4,29561.2,29564.6,84.0
1784071500,29564.5,29570.7,29564.5,29565.6,108.0
1784071560,29565.6,29565.7,29561.7,29564.4,114.0
1784071620,29564.4,29565.6,29557.1,29562.1,112.0
1784071680,29562.1,29566.4,29561.6,29565.2,107.0
1784071740,29565.4,29565.4,29562.6,29564.1,104.0
1784071800,29563.9,29565.6,29561.4,29564.6,101.0
1784071860,29564.6,29570.1,29563.4,29569.6,110.0
1784071920,29569.6,29573.0,29566.7,29571.4,113.0
1784071980,29570.7,29571.2,29568.6,29570.7,93.0
1784072040,29570.7,29574.1,29569.9,29573.1,111.0
1784072100,29573.6,29578.5,29573.2,29578.0,136.0
1784072160,29578.1,29583.1,29578.1,29581.7,109.0
1784072220,29581.5,29585.5,29581.5,29583.9,109.0
1784072280,29584.0,29586.5,29583.2,29583.9,88.0
1784072340,29583.9,29587.6,29581.9,29586.4,114.0
1784072400,29586.4,29586.6,29583.6,29584.1,112.0
1784072460,29584.1,29585.2,29581.9,29584.6,74.0
1784072520,29584.9,29586.6,29583.0,29584.9,91.0
1784072580,29584.9,29587.5,29584.9,29586.6,79.0
1784072640,29586.6,29587.7,29584.5,29585.4,90.0
1784072700,29585.5,29587.4,29584.5,29586.7,114.0
1784072760,29586.7,29590.4,29586.7,29587.4,74.0
1784072820,29587.4,29587.4,29583.6,29584.7,74.0
1784072880,29584.9,29585.0,29582.4,29583.4,80.0
1784072940,29583.4,29583.5,29577.9,29578.0,111.0
1784073000,29578.1,29579.9,29574.9,29576.4,109.0
1784073060,29576.5,29583.1,29576.2,29582.2,83.0
1784073120,29582.1,29583.6,29580.5,29581.5,65.0
1784073180,29581.2,29585.4,29580.2,29585.2,91.0
1784073240,29585.1,29586.6,29583.6,29585.5,101.0
1784073300,29585.2,29587.2,29580.5,29585.5,127.0
1784073360,29585.5,29590.1,29585.5,29589.5,61.0
1784073420,29589.5,29590.0,29585.9,29588.1,91.0
1784073480,29588.1,29589.1,29586.0,29588.1,94.0
1784077200,29586.0,29592.5,29581.1,29581.8,140.0
1784077260,29581.1,29583.0,29575.0,29578.9,144.0
1784077320,29579.0,29580.4,29572.8,29575.8,128.0
1784077380,29575.8,29577.0,29572.5,29575.6,97.0
1784077440,29575.6,29580.3,29574.5,29579.6,73.0
1784077500,29579.8,29584.0,29574.5,29577.5,110.0
1784077560,29577.4,29581.6,29575.9,29581.6,96.0
1784077620,29581.6,29582.9,29574.3,29574.3,99.0
1784077680,29574.5,29574.5,29563.4,29565.0,145.0
1784077740,29565.0,29565.3,29560.4,29564.9,89.0
1784077800,29564.8,29569.5,29548.8,29554.4,112.0
1784077860,29554.3,29556.4,29540.1,29541.6,154.0
1784077920,29541.6,29548.0,29541.4,29541.4,118.0
1784077980,29541.4,29551.9,29539.1,29550.4,119.0
1784078040,29550.4,29552.4,29543.1,29546.1,114.0
1784078100,29547.9,29552.6,29545.5,29548.1,108.0
1784078160,29548.1,29560.1,29548.1,29558.4,137.0
1784078220,29558.5,29559.9,29555.0,29556.0,101.0
1784078280,29555.5,29561.6,29555.5,29560.6,89.0
1784078340,29560.8,29566.9,29559.3,29566.0,83.0
1784078400,29566.8,29573.3,29563.8,29572.1,125.0
1784078460,29572.1,29577.8,29572.1,29575.9,108.0
1784078520,29576.0,29579.0,29574.9,29575.4,86.0
1784078580,29575.4,29583.4,29574.6,29580.3,103.0
1784078640,29580.3,29587.5,29579.5,29585.3,126.0
1784078700,29585.3,29586.3,29578.9,29579.3,112.0
1784078760,29578.9,29582.6,29577.9,29579.6,88.0
1784078820,29579.5,29581.0,29578.6,29581.0,78.0
1784078880,29580.9,29584.9,29579.8,29582.5,82.0
1784078940,29582.6,29584.6,29579.1,29579.1,83.0
1784079000,29579.1,29583.9,29579.1,29583.9,69.0
1784079060,29583.9,29583.9,29578.5,29583.9,78.0
1784079120,29584.0,29588.5,29580.9,29581.3,87.0
1784079180,29581.1,29581.1,29576.8,29578.1,80.0
1784079240,29578.1,29579.0,29576.4,29577.6,68.0
1784079300,29577.6,29580.4,29576.8,29579.0,52.0
1784079360,29579.0,29580.6,29578.0,29578.5,61.0
1784079420,29578.5,29579.3,29576.1,29579.1,44.0
1784079480,29579.1,29579.3,29576.1,29577.1,38.0
1784079540,29577.1,29577.4,29575.8,29576.8,68.0
1784079600,29576.8,29577.5,29575.4,29577.4,44.0
1784079660,29577.4,29577.5,29574.8,29575.0,58.0
1784079720,29575.1,29576.1,29571.9,29572.6,57.0
1784079780,29572.6,29574.8,29568.3,29571.4,99.0
1784079840,29571.4,29574.1,29571.0,29571.6,72.0
1784079900,29571.6,29575.8,29571.5,29573.0,55.0
1784079960,29573.0,29573.6,29570.9,29572.6,57.0
1784080020,29572.6,29573.9,29568.4,29571.9,73.0
1784080080,29571.9,29572.0,29569.0,29569.0,37.0
1784080140,29569.0,29569.8,29568.1,29568.6,70.0
1784080200,29568.5,29572.5,29568.0,29571.1,44.0
1784080260,29571.0,29573.1,29566.3,29567.1,81.0
1784080320,29567.8,29568.1,29558.3,29558.3,99.0
1784080380,29558.1,29564.3,29558.1,29563.0,90.0
1784080440,29562.9,29566.4,29558.9,29561.3,64.0
1784080500,29561.3,29561.4,29559.1,29560.0,61.0
1784080560,29560.0,29561.1,29557.3,29561.0,64.0
1784080620,29561.0,29565.9,29559.3,29564.1,83.0
1784080680,29564.1,29565.1,29561.3,29563.9,80.0
1784080740,29563.9,29568.9,29563.3,29566.3,69.0
1784080800,29566.3,29566.3,29560.9,29561.6,67.0
1784080860,29561.6,29564.0,29553.5,29554.9,93.0
1784080920,29554.9,29559.0,29551.4,29555.6,84.0
1784080980,29555.6,29564.0,29551.6,29563.1,83.0
1784081040,29563.1,29570.6,29563.1,29570.4,104.0
1784081100,29570.4,29577.3,29570.4,29575.5,102.0
1784081160,29575.4,29577.5,29573.3,29577.4,81.0
1784081220,29577.4,29581.9,29574.9,29575.4,84.0
1784081280,29575.4,29580.5,29572.0,29579.0,69.0
1784081340,29579.1,29579.1,29574.6,29576.5,48.0
1784081400,29576.5,29579.1,29576.1,29577.5,58.0
1784081460,29577.5,29582.0,29577.4,29580.6,76.0
1784081520,29580.3,29581.9,29579.4,29581.4,57.0
1784081580,29582.0,29588.6,29581.9,29587.5,99.0
1784081640,29587.5,29590.6,29586.6,29588.0,91.0
1784081700,29588.0,29591.4,29584.8,29590.9,74.0
1784081760,29590.8,29591.4,29585.9,29585.9,69.0
1784081820,29585.9,29586.8,29578.8,29580.4,67.0
1784081880,29580.3,29584.1,29579.4,29583.4,72.0
1784081940,29583.4,29585.8,29582.4,29584.1,71.0
1784082000,29584.1,29586.1,29581.3,29583.5,74.0
1784082060,29583.8,29595.4,29583.6,29594.1,109.0
1784082120,29594.1,29595.6,29589.5,29591.5,84.0
1784082180,29591.6,29593.1,29589.8,29591.4,54.0
1784082240,29591.4,29597.4,29591.4,29595.8,69.0
1784082300,29595.6,29648.5,29592.9,29644.3,179.0
1784082360,29643.5,29647.9,29628.4,29629.6,152.0
1784082420,29629.5,29641.9,29629.5,29639.5,140.0
1784082480,29639.5,29646.4,29635.5,29643.5,138.0
1784082540,29643.5,29661.9,29642.6,29660.1,142.0
1784082600,29659.4,29666.0,29656.4,29665.1,189.0
1784082660,29665.8,29673.5,29656.5,29665.4,156.0
1784082720,29665.5,29670.8,29659.3,29659.3,158.0
1784082780,29660.1,29664.8,29657.6,29661.5,112.0
1784082840,29661.5,29661.5,29655.5,29660.5,110.0
1784082900,29660.0,29665.3,29655.4,29662.0,95.0
1784082960,29660.8,29660.8,29656.1,29658.3,81.0
1784083020,29658.3,29664.1,29657.3,29662.0,106.0
1784083080,29662.0,29662.6,29657.1,29658.5,77.0
1784083140,29658.8,29662.1,29657.3,29658.1,92.0
1784083200,29658.1,29663.8,29656.8,29659.4,89.0
1784083260,29659.4,29660.3,29655.5,29657.1,104.0
1784083320,29657.1,29666.5,29656.4,29657.3,103.0
1784083380,29657.3,29657.3,29643.5,29644.4,121.0
1784083440,29644.3,29651.3,29640.6,29641.5,119.0
1784083500,29642.3,29645.8,29637.3,29642.5,217.0
1784083560,29642.5,29650.3,29640.9,29649.4,182.0
1784083620,29649.4,29662.0,29648.8,29658.9,149.0
1784083680,29658.9,29666.6,29655.9,29665.5,148.0
1784083740,29665.6,29668.9,29663.8,29666.8,139.0
1784083800,29666.8,29668.4,29664.3,29666.4,156.0
1784083860,29666.4,29669.9,29659.4,29663.6,108.0
1784083920,29665.1,29673.5,29664.0,29671.9,131.0
1784083980,29672.0,29675.4,29670.3,29675.1,114.0
1784084040,29675.1,29686.9,29673.5,29683.5,145.0
1784084100,29683.6,29685.8,29678.6,29679.4,166.0
1784084160,29679.3,29681.0,29677.8,29680.8,164.0
1784084220,29680.9,29691.8,29675.1,29676.1,182.0
1784084280,29676.1,29677.6,29669.6,29670.1,181.0
1784084340,29669.9,29681.6,29669.3,29680.8,174.0
1784084400,29684.0,29688.4,29648.1,29649.5,258.0
1784084460,29650.6,29664.6,29648.5,29658.6,226.0
1784084520,29659.0,29677.1,29656.3,29659.5,245.0
1784084580,29659.0,29666.5,29653.4,29665.5,238.0
1784084640,29665.5,29668.3,29655.1,29656.4,239.0
1784084700,29657.9,29657.9,29632.4,29634.9,225.0
1784084760,29636.1,29653.0,29631.0,29643.8,246.0
1784084820,29643.9,29651.0,29635.3,29648.3,239.0
1784084880,29648.4,29661.3,29646.4,29657.0,223.0
1784084940,29657.0,29662.5,29650.6,29662.5,227.0
1784085000,29661.9,29685.5,29656.9,29674.3,244.0
1784085060,29673.8,29689.3,29665.9,29687.1,237.0
1784085120,29687.1,29689.0,29680.1,29682.6,252.0
1784085180,29682.8,29694.3,29677.8,29689.5,218.0
1784085240,29688.8,29692.5,29683.5,29684.0,200.0
1784085300,29683.9,29687.8,29675.8,29681.4,218.0
1784085360,29682.6,29686.9,29676.5,29684.1,218.0
1784085420,29683.9,29688.5,29679.1,29683.4,224.0
1784085480,29683.0,29702.1,29682.8,29694.5,198.0
1784085540,29694.5,29700.0,29688.0,29691.9,225.0
1784085600,29692.1,29724.4,29691.4,29717.1,245.0
1784085660,29716.9,29717.0,29706.4,29706.4,220.0
1784085720,29707.5,29711.9,29703.5,29703.5,209.0
1784085780,29703.9,29713.1,29703.4,29712.0,216.0
1784085840,29712.0,29719.1,29701.5,29704.0,208.0
1784085900,29703.8,29712.1,29699.3,29701.0,216.0
1784085960,29701.4,29702.9,29698.0,29701.1,203.0
1784086020,29702.6,29709.6,29698.8,29705.5,222.0
1784086080,29705.4,29714.0,29702.4,29712.4,233.0
1784086140,29712.3,29713.3,29707.4,29711.4,216.0
1784086200,29711.4,29718.4,29711.3,29717.0,219.0
1784086260,29717.0,29720.6,29711.3,29714.8,237.0
1784086320,29714.6,29718.0,29705.9,29709.0,210.0
1784086380,29709.1,29709.5,29694.5,29696.8,205.0
1784086440,29696.8,29699.0,29689.3,29690.8,212.0
1784086500,29690.6,29692.3,29681.3,29683.1,199.0
1784086560,29683.1,29683.8,29670.1,29674.3,214.0
1784086620,29674.3,29675.6,29661.1,29663.3,225.0
1784086680,29662.4,29679.8,29661.0,29679.8,220.0
1784086740,29680.8,29681.6,29672.8,29680.9,234.0
1784086800,29681.0,29689.8,29678.9,29689.3,214.0
1784086860,29689.3,29690.9,29669.9,29670.5,210.0
1784086920,29670.8,29672.4,29651.1,29652.6,216.0
1784086980,29652.9,29655.1,29634.0,29639.8,208.0
1784087040,29639.5,29651.4,29639.5,29651.3,219.0
1784087100,29651.4,29671.5,29641.5,29668.3,233.0
1784087160,29668.3,29675.6,29665.0,29673.0,230.0
1784087220,29673.5,29681.8,29663.9,29680.1,228.0
1784087280,29679.4,29683.0,29673.9,29675.8,224.0
1784087340,29675.5,29676.0,29670.4,29675.1,214.0
1784087400,29675.0,29691.9,29672.1,29688.1,220.0
1784087460,29687.4,29698.4,29683.4,29696.3,226.0
1784087520,29696.9,29702.6,29693.5,29700.9,213.0
1784087580,29701.3,29701.3,29692.0,29695.5,208.0
1784087640,29695.5,29703.6,29694.4,29697.0,200.0
1784087700,29696.0,29709.9,29694.0,29705.9,220.0
1784087760,29706.0,29708.6,29702.3,29704.4,197.0
1784087820,29704.1,29712.3,29701.6,29712.3,191.0
1784087880,29712.3,29722.0,29710.5,29720.0,190.0
1784087940,29720.0,29722.1,29710.6,29711.0,214.0
1784088000,29710.9,29720.4,29686.8,29689.8,245.0
1784088060,29690.1,29691.4,29676.4,29678.5,246.0
1784088120,29677.8,29681.0,29671.4,29673.1,241.0
1784088180,29673.4,29675.6,29658.6,29664.6,230.0
1784088240,29664.3,29681.4,29661.8,29679.5,221.0
1784088300,29679.5,29685.9,29670.6,29672.3,246.0
1784088360,29671.9,29682.6,29668.0,29681.9,240.0
1784088420,29682.3,29685.4,29660.4,29662.9,229.0
1784088480,29662.8,29667.6,29655.3,29667.4,215.0
1784088540,29667.4,29670.1,29663.3,29668.8,216.0
1784088600,29668.8,29676.3,29658.0,29659.6,223.0
1784088660,29659.6,29666.9,29653.1,29665.1,223.0
1784088720,29665.8,29676.1,29659.9,29675.1,243.0
1784088780,29675.6,29682.0,29668.5,29677.4,227.0
1784088840,29677.6,29681.8,29673.3,29678.6,211.0
1784088900,29678.0,29705.1,29676.5,29705.0,247.0
1784088960,29704.0,29710.1,29697.8,29701.9,239.0
1784089020,29701.1,29702.3,29695.4,29700.1,228.0
1784089080,29699.8,29700.9,29692.3,29694.3,204.0
1784089140,29694.1,29700.8,29693.9,29699.4,236.0
1784089200,29698.8,29702.9,29689.4,29692.6,232.0
1784089260,29693.5,29698.9,29690.5,29698.5,235.0
1784089320,29697.5,29710.8,29697.5,29709.5,221.0
1784089380,29709.8,29714.3,29707.8,29712.0,214.0
1784089440,29712.0,29715.0,29701.6,29703.4,210.0
1784089500,29703.1,29710.4,29700.1,29707.3,205.0
1784089560,29707.4,29728.1,29707.4,29725.3,216.0
1784089620,29725.1,29726.9,29718.5,29725.4,207.0
1784089680,29725.4,29733.0,29723.9,29723.9,210.0
1784089740,29723.8,29725.1,29710.5,29716.3,196.0
1784089800,29716.9,29727.0,29711.9,29713.8,248.0
1784089860,29713.6,29723.6,29708.0,29722.3,236.0
1784089920,29722.3,29723.9,29716.1,29722.6,228.0
1784089980,29722.5,29724.1,29709.8,29713.3,221.0
1784090040,29713.0,29715.1,29707.8,29714.0,213.0
1784090100,29714.1,29714.5,29703.6,29711.3,250.0
1784090160,29711.5,29723.9,29709.0,29720.6,236.0
1784090220,29717.6,29728.1,29715.8,29726.8,232.0
1784090280,29726.6,29730.1,29721.1,29726.4,221.0
1784090340,29726.6,29735.1,29722.6,29731.0,206.0
1784090400,29731.1,29731.4,29711.5,29714.9,225.0
1784090460,29715.0,29715.1,29697.9,29709.8,224.0
1784090520,29709.8,29715.5,29694.9,29695.8,215.0
1784090580,29695.9,29699.4,29690.9,29698.6,235.0
1784090640,29698.9,29699.1,29683.9,29687.0,227.0
1784090700,29686.9,29699.5,29685.5,29699.1,224.0
1784090760,29699.0,29709.6,29696.6,29704.8,219.0
1784090820,29704.8,29708.1,29699.4,29703.3,214.0
1784090880,29703.6,29703.6,29698.4,29701.0,206.0
1784090940,29701.0,29716.0,29701.0,29711.6,202.0
1784091000,29711.6,29716.8,29709.8,29711.9,207.0
1784091060,29712.3,29716.9,29709.5,29716.9,211.0
1784091120,29717.4,29719.5,29708.4,29708.9,212.0
1784091180,29708.9,29725.4,29705.5,29725.4,208.0
1784091240,29725.1,29729.5,29715.3,29727.6,213.0
1784091300,29727.5,29732.3,29726.1,29731.1,193.0
1784091360,29731.5,29735.9,29728.5,29733.4,185.0
1784091420,29733.5,29735.0,29728.3,29734.9,194.0
1784091480,29734.6,29746.1,29733.1,29744.8,180.0
1784091540,29745.0,29751.0,29742.4,29749.5,201.0
1784091600,29749.3,29753.5,29743.8,29747.5,208.0
1784091660,29747.8,29748.9,29742.9,29743.6,211.0
1784091720,29743.5,29751.5,29743.0,29750.3,180.0
1784091780,29750.3,29752.5,29742.9,29745.3,211.0
1784091840,29745.3,29752.3,29744.6,29752.3,212.0
1784091900,29752.5,29759.4,29745.4,29758.5,211.0
1784091960,29758.1,29765.6,29756.1,29757.4,190.0
1784092020,29756.9,29760.1,29755.9,29759.6,198.0
1784092080,29759.4,29761.4,29755.5,29759.3,164.0
1784092140,29758.9,29763.4,29756.0,29757.8,193.0
1784092200,29757.8,29764.1,29756.9,29761.0,188.0
1784092260,29761.0,29763.0,29755.4,29756.9,178.0
1784092320,29757.4,29773.4,29757.1,29771.4,153.0
1784092380,29770.8,29773.5,29758.6,29759.9,198.0
1784092440,29759.8,29760.8,29751.6,29758.8,185.0
1784092500,29759.0,29759.8,29753.4,29758.1,161.0
1784092560,29757.9,29758.8,29752.6,29755.8,191.0
1784092620,29755.8,29766.3,29754.3,29764.4,183.0
1784092680,29763.8,29771.8,29762.0,29771.8,176.0
1784092740,29771.9,29774.0,29765.4,29765.8,171.0
1784092800,29765.5,29765.9,29752.6,29753.4,200.0
1784092860,29753.0,29759.6,29752.4,29759.0,188.0
1784092920,29759.0,29771.5,29755.4,29770.4,160.0
1784092980,29770.3,29770.9,29757.5,29758.6,176.0
1784093040,29758.8,29760.4,29754.0,29754.5,164.0
1784093100,29754.5,29758.0,29753.5,29755.4,161.0
1784093160,29755.4,29759.5,29752.8,29753.9,167.0
1784093220,29753.9,29760.5,29752.0,29760.4,161.0
1784093280,29760.0,29765.4,29756.1,29760.8,158.0
1784093340,29760.6,29762.4,29754.8,29762.4,124.0
1784093400,29762.3,29766.5,29759.0,29762.6,163.0
1784093460,29762.6,29767.8,29760.4,29764.6,195.0
1784093520,29764.8,29770.0,29764.4,29767.6,183.0
1784093580,29767.5,29772.8,29767.4,29771.4,129.0
1784093640,29771.6,29774.0,29764.9,29766.3,166.0
1784093700,29766.1,29770.8,29763.0,29770.6,144.0
1784093760,29770.6,29774.3,29768.8,29773.3,158.0
1784093820,29773.3,29774.4,29770.0,29773.3,154.0
1784093880,29773.3,29777.3,29769.6,29771.3,164.0
1784093940,29771.3,29776.0,29768.6,29773.8,162.0
1784094000,29773.9,29778.3,29773.0,29778.3,121.0
1784094060,29777.9,29778.1,29771.5,29771.8,150.0
1784094120,29771.3,29776.0,29771.3,29775.0,135.0
1784094180,29775.1,29776.5,29772.5,29775.9,108.0
1784094240,29775.9,29777.0,29774.1,29776.0,115.0
1784094300,29776.0,29776.5,29773.8,29775.8,104.0
1784094360,29776.1,29779.5,29775.1,29776.3,110.0
1784094420,29776.5,29778.5,29769.8,29771.0,124.0
1784094480,29771.0,29776.3,29769.5,29775.1,107.0
1784094540,29775.1,29776.1,29770.5,29770.5,104.0
1784094600,29770.5,29771.9,29759.8,29763.0,158.0
1784094660,29763.0,29764.1,29757.3,29757.4,166.0
1784094720,29757.4,29763.8,29757.3,29762.4,156.0
1784094780,29762.4,29763.3,29759.0,29761.0,141.0
1784094840,29761.0,29762.5,29760.3,29761.6,139.0
1784094900,29761.5,29767.0,29760.8,29766.8,146.0
1784094960,29768.0,29770.6,29762.3,29765.0,158.0
1784095020,29765.3,29765.8,29758.3,29758.9,154.0
1784095080,29758.9,29760.5,29755.8,29757.4,143.0
1784095140,29757.5,29758.3,29752.3,29752.9,136.0
1784095200,29753.0,29754.5,29749.4,29750.3,197.0
1784095260,29750.8,29755.4,29750.6,29751.9,155.0
1784095320,29751.3,29760.1,29751.3,29759.9,161.0
1784095380,29760.1,29760.3,29749.5,29749.8,166.0
1784095440,29749.9,29756.4,29749.8,29756.0,170.0
1784095500,29755.6,29755.6,29748.5,29750.0,135.0
1784095560,29750.1,29752.0,29748.3,29751.6,141.0
1784095620,29751.5,29755.8,29747.0,29749.0,152.0
1784095680,29748.9,29750.0,29746.6,29748.3,167.0
1784095740,29748.1,29751.8,29747.8,29750.9,136.0
1784095800,29750.9,29751.8,29744.5,29746.0,148.0
1784095860,29746.0,29746.8,29740.0,29740.4,170.0
1784095920,29740.8,29746.5,29740.0,29744.4,162.0
1784095980,29743.6,29751.4,29743.1,29749.1,162.0
1784096040,29749.1,29752.5,29746.5,29752.1,175.0
1784096100,29752.1,29752.6,29748.0,29751.3,151.0
1784096160,29750.8,29765.5,29749.3,29764.9,158.0
1784096220,29765.3,29772.8,29763.5,29767.6,148.0
1784096280,29767.9,29770.5,29766.0,29767.1,141.0
1784096340,29767.0,29771.5,29763.1,29770.9,157.0
1784096400,29770.9,29772.9,29768.9,29769.0,145.0
1784096460,29769.0,29770.3,29764.3,29764.3,151.0
1784096520,29764.3,29766.8,29760.8,29764.0,152.0
1784096580,29764.0,29768.4,29763.0,29763.5,138.0
1784096640,29763.5,29765.1,29761.6,29762.8,160.0
1784096700,29762.8,29768.5,29762.4,29766.1,153.0
1784096760,29766.0,29768.0,29764.4,29765.9,133.0
1784096820,29765.0,29773.4,29764.6,29773.4,125.0
1784096880,29773.5,29775.1,29771.9,29774.4,137.0
1784096940,29774.4,29777.4,29771.3,29771.5,135.0
1784097000,29771.5,29784.0,29771.0,29779.9,200.0
1784097060,29779.8,29780.9,29775.5,29776.9,159.0
1784097120,29777.1,29782.3,29776.0,29782.0,154.0
1784097180,29782.3,29788.5,29781.5,29787.9,148.0
1784097240,29787.8,29789.8,29786.0,29788.3,165.0
1784097300,29787.5,29790.1,29784.6,29787.4,130.0
1784097360,29787.4,29787.9,29784.0,29785.8,149.0
1784097420,29785.8,29788.8,29785.0,29785.0,114.0
1784097480,29785.0,29790.6,29784.8,29790.1,115.0
1784097540,29790.1,29790.4,29784.6,29784.9,105.0
1784097600,29784.9,29786.1,29783.6,29785.0,106.0
1784097660,29784.9,29793.1,29783.5,29793.1,133.0
1784097720,29793.5,29793.5,29782.9,29784.0,142.0
1784097780,29784.0,29786.0,29781.8,29784.4,133.0
1784097840,29784.4,29785.8,29780.0,29780.0,130.0
1784097900,29779.8,29787.5,29779.8,29786.0,156.0
1784097960,29785.9,29786.3,29782.5,29785.9,141.0
1784098020,29785.9,29789.0,29784.3,29787.4,131.0
1784098080,29787.5,29793.8,29783.9,29793.5,144.0
1784098140,29793.5,29800.5,29789.8,29799.9,145.0
1784098200,29800.5,29810.6,29800.5,29808.8,202.0
1784098260,29809.0,29810.0,29805.5,29805.8,163.0
1784098320,29805.8,29809.8,29805.3,29809.0,146.0
1784098380,29808.5,29810.8,29807.4,29807.9,123.0
1784098440,29808.0,29809.0,29806.0,29806.4,124.0
1784098500,29806.3,29809.0,29805.0,29808.1,114.0
1784098560,29808.1,29809.4,29805.4,29809.3,123.0
1784098620,29809.4,29811.5,29803.5,29803.5,143.0
1784098680,29803.5,29806.3,29803.5,29805.9,117.0
1784098740,29805.9,29807.0,29803.8,29805.0,105.0
1784098800,29805.5,29808.9,29805.5,29807.9,148.0
1784098860,29807.1,29808.3,29804.9,29807.4,138.0
1784098920,29807.0,29807.3,29802.0,29802.9,146.0
1784098980,29802.8,29804.5,29798.6,29803.3,144.0
1784099040,29803.1,29805.6,29800.6,29801.5,134.0
1784099100,29801.3,29802.5,29795.8,29796.1,133.0
1784099160,29796.1,29799.8,29796.1,29798.0,115.0
1784099220,29797.8,29797.8,29793.6,29794.1,125.0
1784099280,29794.1,29794.8,29790.6,29793.0,147.0
1784099340,29793.1,29794.8,29788.9,29791.3,136.0
1784099400,29791.4,29794.1,29789.9,29794.0,136.0
1784099460,29794.9,29798.4,29794.0,29797.9,150.0
1784099520,29797.9,29799.6,29793.1,29798.3,143.0
1784099580,29798.3,29799.1,29794.8,29796.0,116.0
1784099640,29796.0,29796.0,29790.9,29793.6,139.0
1784099700,29793.5,29794.4,29789.3,29794.4,147.0
1784099760,29794.4,29798.1,29792.9,29797.5,152.0
1784099820,29797.5,29801.1,29793.6,29800.3,161.0
1784099880,29800.5,29801.8,29798.9,29801.0,127.0
1784099940,29800.5,29801.6,29798.1,29801.3,101.0
1784100000,29801.0,29804.0,29799.5,29803.8,110.0
1784100060,29803.8,29804.6,29800.1,29802.1,119.0
1784100120,29802.3,29802.5,29795.8,29802.0,142.0
1784100180,29802.1,29805.5,29801.8,29804.3,130.0
1784100240,29804.5,29805.3,29801.8,29802.1,111.0
1784100300,29802.0,29803.5,29801.3,29802.3,111.0
1784100360,29802.0,29802.8,29798.9,29800.9,144.0
1784100420,29801.0,29801.3,29795.1,29795.6,139.0
1784100480,29795.5,29797.6,29790.0,29791.6,147.0
1784100540,29791.6,29792.3,29782.6,29782.8,126.0
1784100600,29782.8,29783.4,29775.9,29781.3,156.0
1784100660,29781.8,29784.9,29780.3,29782.3,151.0
1784100720,29782.4,29787.1,29779.5,29786.9,124.0
1784100780,29786.9,29790.3,29786.9,29789.6,129.0
1784100840,29789.5,29791.0,29779.8,29781.5,134.0
1784100900,29781.5,29789.3,29780.3,29789.1,145.0
1784100960,29789.1,29799.5,29789.1,29795.9,139.0
1784101020,29795.9,29796.8,29793.8,29793.8,143.0
1784101080,29793.9,29799.6,29793.9,29797.3,119.0
1784101140,29797.3,29799.8,29795.0,29798.3,133.0
1784101200,29798.1,29801.0,29797.8,29798.8,106.0
1784101260,29798.9,29799.4,29795.0,29799.1,135.0
1784101320,29799.1,29803.8,29798.0,29801.3,141.0
1784101380,29801.1,29801.1,29795.0,29795.4,134.0
1784101440,29795.4,29798.0,29794.6,29797.9,100.0
1784101500,29797.9,29799.1,29797.0,29798.1,94.0
1784101560,29798.1,29802.8,29798.1,29801.0,123.0
1784101620,29801.0,29805.6,29800.8,29802.3,130.0
1784101680,29802.3,29805.3,29800.1,29803.0,108.0
1784101740,29803.0,29803.0,29798.0,29798.1,125.0
1784101800,29797.6,29802.8,29796.5,29801.3,137.0
1784101860,29801.3,29803.4,29798.3,29803.0,106.0
1784101920,29802.8,29807.8,29801.9,29807.6,132.0
1784101980,29807.6,29810.3,29807.0,29808.5,127.0
1784102040,29808.4,29808.6,29804.5,29804.8,62.0
1784102100,29805.0,29806.9,29801.8,29805.9,119.0
1784102160,29805.9,29808.6,29800.4,29802.4,118.0
1784102220,29802.1,29804.8,29799.9,29800.9,141.0
1784102280,29800.8,29809.3,29800.6,29808.6,138.0
1784102340,29808.1,29815.1,29804.3,29814.4,146.0
1784102400,29823.0,29851.0,29822.6,29844.0,257.0
1784102460,29842.8,29847.9,29806.6,29822.3,261.0
1784102520,29820.0,29822.0,29793.3,29822.0,267.0
1784102580,29822.3,29828.0,29806.1,29807.8,226.0
1784102640,29807.8,29814.0,29803.0,29806.9,216.0
1784102700,29806.8,29809.0,29798.4,29798.8,217.0
1784102760,29798.4,29799.1,29785.9,29786.4,207.0
1784102820,29786.9,29800.1,29786.3,29795.5,227.0
1784102880,29795.5,29807.3,29793.9,29803.1,214.0
1784102940,29803.3,29815.9,29801.6,29815.1,204.0
1784103000,29815.4,29818.9,29795.9,29795.9,206.0
1784103060,29795.9,29796.9,29789.5,29791.1,211.0
1784103120,29791.4,29793.3,29788.3,29792.1,210.0
1784103180,29792.0,29808.4,29790.1,29799.4,236.0
1784103240,29799.1,29803.8,29791.4,29792.1,169.0
1784103300,29791.9,29798.5,29788.5,29798.5,220.0
1784103360,29798.6,29799.4,29794.4,29798.8,187.0
1784103420,29798.6,29810.6,29797.4,29809.5,209.0
1784103480,29809.5,29811.3,29804.6,29810.1,183.0
1784103540,29809.9,29815.6,29807.9,29811.1,169.0
1784103600,29811.1,29817.1,29807.0,29817.0,180.0
1784103660,29817.1,29817.8,29797.6,29797.6,192.0
1784103720,29797.8,29798.4,29789.5,29795.3,191.0
1784103780,29795.4,29803.6,29795.4,29799.6,202.0
1784103840,29799.3,29800.6,29793.4,29793.5,187.0
1784103900,29792.1,29792.1,29779.4,29781.1,201.0
1784103960,29781.6,29782.4,29774.8,29775.6,189.0
1784104020,29775.5,29777.5,29770.1,29772.0,193.0
1784104080,29771.9,29778.5,29769.1,29771.9,179.0
1784104140,29771.9,29778.1,29769.1,29774.0,170.0
1784104200,29774.0,29779.9,29771.1,29772.1,218.0
1784104260,29772.6,29777.4,29760.5,29761.9,217.0
1784104320,29762.0,29786.1,29762.0,29779.4,222.0
1784104380,29778.4,29780.4,29772.6,29778.1,180.0
1784104440,29779.3,29787.4,29778.5,29785.4,189.0
1784104500,29785.1,29791.1,29782.1,29790.9,200.0
1784104560,29791.1,29791.5,29783.0,29790.9,187.0
1784104620,29790.9,29798.0,29790.1,29795.9,200.0
1784104680,29795.9,29799.3,29792.8,29792.9,192.0
1784104740,29792.9,29801.6,29790.1,29801.3,186.0
1784104800,29801.4,29801.9,29794.1,29795.5,197.0
1784104860,29795.4,29798.5,29791.1,29791.6,163.0
1784104920,29791.8,29799.3,29789.0,29792.0,202.0
1784104980,29791.9,29795.3,29781.1,29787.3,187.0
1784105040,29787.3,29789.0,29782.9,29784.4,169.0
1784105100,29784.4,29784.5,29778.8,29778.9,156.0
1784105160,29778.9,29788.8,29776.9,29787.4,165.0
1784105220,29787.0,29790.0,29782.6,29788.4,185.0
1784105280,29788.3,29799.0,29787.5,29798.5,164.0
1784105340,29798.5,29799.0,29793.0,29793.5,163.0
1784105400,29793.3,29794.5,29787.9,29790.9,184.0
1784105460,29790.8,29790.8,29783.5,29788.9,189.0
1784105520,29788.9,29795.9,29785.3,29795.6,168.0
1784105580,29797.0,29801.4,29792.4,29801.1,162.0
1784105640,29800.9,29804.1,29795.4,29802.9,158.0
1784105700,29802.9,29806.6,29802.1,29806.4,141.0
1784105760,29806.4,29816.6,29805.9,29815.5,181.0
1784105820,29815.8,29816.5,29811.9,29813.3,150.0
1784105880,29813.3,29820.5,29812.5,29819.0,156.0
1784105940,29819.5,29823.8,29819.0,29823.8,163.0
1784106000,29823.9,29832.1,29823.6,29828.0,192.0
1784106060,29828.3,29833.5,29825.8,29827.6,205.0
1784106120,29827.6,29838.1,29825.8,29838.1,185.0
1784106180,29838.1,29838.1,29827.1,29830.5,178.0
1784106240,29830.3,29841.5,29830.3,29840.7,171.0
1784106300,29841.1,29841.1,29830.7,29832.9,179.0
1784106360,29833.2,29836.1,29828.1,29829.0,179.0
1784106420,29828.9,29839.0,29826.2,29838.6,173.0
1784106480,29839.4,29842.2,29835.9,29837.1,161.0
1784106540,29837.4,29838.9,29829.0,29832.2,184.0
1784106600,29832.7,29833.5,29826.2,29829.4,200.0
1784106660,29829.5,29829.9,29821.7,29824.1,191.0
1784106720,29823.9,29826.9,29821.0,29826.4,153.0
1784106780,29826.4,29832.2,29825.9,29832.2,158.0
1784106840,29832.0,29837.2,29831.9,29835.1,175.0
1784106900,29834.5,29834.5,29823.2,29827.9,188.0
1784106960,29828.0,29831.7,29825.2,29825.2,159.0
1784107020,29825.1,29827.9,29821.2,29821.2,149.0
1784107080,29821.7,29826.1,29819.4,29823.2,167.0
1784107140,29823.1,29832.2,29821.1,29831.7,152.0
1784107200,29831.7,29831.7,29824.4,29824.4,163.0
1784107260,29824.5,29824.5,29819.1,29821.2,191.0
1784107320,29821.2,29823.5,29816.7,29820.5,149.0
1784107380,29820.4,29826.0,29819.5,29825.1,147.0
1784107440,29825.1,29828.2,29824.0,29826.7,141.0
1784107500,29826.7,29830.5,29825.6,29827.5,175.0
1784107560,29827.4,29837.4,29825.0,29832.5,161.0
1784107620,29832.5,29833.7,29829.6,29830.1,143.0
1784107680,29830.1,29832.5,29828.5,29829.0,139.0
1784107740,29829.0,29833.6,29827.7,29833.6,167.0
1784107800,29834.6,29837.9,29819.4,29820.4,207.0
1784107860,29820.1,29821.4,29804.9,29808.2,171.0
1784107920,29805.9,29810.6,29802.7,29807.6,162.0
1784107980,29807.6,29818.9,29807.2,29817.7,180.0
1784108040,29817.7,29817.7,29809.7,29817.4,157.0
1784108100,29817.4,29823.2,29816.2,29822.5,162.0
1784108160,29823.0,29823.0,29817.2,29818.0,172.0
1784108220,29819.0,29823.4,29817.2,29820.1,177.0
1784108280,29820.2,29822.1,29817.7,29817.9,136.0
1784108340,29818.7,29821.2,29811.2,29811.7,151.0
1784108400,29811.5,29814.7,29810.6,29811.9,143.0
1784108460,29811.9,29815.5,29807.4,29813.6,120.0
1784108520,29813.6,29818.0,29812.4,29814.5,132.0
1784108580,29814.4,29815.5,29810.4,29810.4,142.0
1784108640,29810.4,29813.6,29807.9,29811.4,144.0
1784108700,29811.5,29815.7,29810.5,29815.0,135.0
1784108760,29815.0,29818.7,29810.1,29817.5,123.0
1784108820,29817.5,29819.6,29811.5,29814.5,118.0
1784108880,29814.4,29815.5,29811.7,29812.2,120.0
1784108940,29812.4,29816.9,29810.2,29816.1,159.0
1784109000,29816.2,29818.6,29810.4,29818.5,148.0
1784109060,29818.5,29819.5,29808.9,29809.1,147.0
1784109120,29809.4,29818.2,29808.2,29817.1,146.0
1784109180,29817.4,29823.0,29817.0,29820.6,141.0
1784109240,29820.5,29822.5,29818.6,29821.6,121.0
1784109300,29822.2,29828.0,29818.6,29826.6,160.0
1784109360,29826.6,29828.9,29824.0,29824.2,130.0
1784109420,29824.2,29825.2,29818.6,29818.6,124.0
1784109480,29818.4,29822.2,29810.0,29821.0,147.0
1784109540,29821.6,29828.0,29812.4,29823.0,189.0
1784109600,29822.2,29823.1,29803.4,29807.7,232.0
1784109660,29808.6,29810.4,29800.7,29804.2,201.0
1784109720,29805.7,29811.0,29805.0,29807.6,180.0
1784109780,29807.6,29822.1,29803.9,29819.2,185.0
1784109840,29819.5,29843.7,29819.5,29839.7,197.0
1784109900,29839.9,29854.9,29838.5,29848.0,219.0
1784109960,29848.1,29851.5,29840.6,29840.7,202.0
1784110020,29840.5,29842.6,29828.2,29831.2,190.0
1784110080,29831.2,29834.9,29828.9,29833.4,201.0
1784110140,29833.2,29838.2,29831.4,29834.6,194.0
1784110200,29833.9,29836.2,29829.7,29829.7,193.0
1784110260,29829.7,29834.7,29828.2,29833.6,170.0
1784110320,29833.6,29834.1,29826.5,29831.0,204.0
1784110380,29829.7,29841.7,29829.7,29833.0,153.0
1784110440,29833.0,29837.7,29828.2,29828.5,142.0
1784110500,29828.2,29828.6,29820.0,29820.5,198.0
1784110560,29820.1,29825.5,29812.5,29814.4,184.0
1784110620,29813.9,29819.7,29812.2,29819.2,148.0
1784110680,29819.1,29820.6,29807.4,29807.9,178.0
1784110740,29808.6,29816.5,29808.2,29811.2,158.0
1784110800,29811.2,29813.0,29801.1,29802.0,140.0
1784110860,29801.6,29808.0,29790.1,29792.1,171.0
1784110920,29792.1,29792.1,29786.2,29788.6,185.0
1784110980,29788.9,29790.6,29784.9,29785.9,133.0
1784111040,29785.9,29790.2,29781.1,29782.6,178.0
1784111100,29782.2,29783.4,29760.2,29762.2,209.0
1784111160,29762.5,29762.5,29737.9,29737.9,233.0
1784111220,29738.7,29743.0,29721.6,29742.9,237.0
1784111280,29743.0,29755.7,29743.0,29752.2,215.0
1784111340,29752.2,29761.4,29745.9,29760.2,207.0
1784111400,29760.1,29760.7,29738.4,29749.6,207.0
1784111460,29750.2,29750.9,29739.9,29746.4,202.0
1784111520,29746.1,29756.1,29743.9,29753.1,197.0
1784111580,29753.1,29762.2,29752.4,29756.1,185.0
1784111640,29756.2,29761.0,29747.0,29753.0,191.0
1784111700,29753.0,29767.7,29752.2,29767.4,180.0
1784111760,29767.0,29767.5,29760.4,29765.2,182.0
1784111820,29765.7,29768.5,29761.5,29761.5,190.0
1784111880,29761.9,29772.7,29761.4,29771.9,188.0
1784111940,29771.6,29772.5,29765.0,29769.1,218.0
1784112000,29769.1,29775.5,29768.2,29773.4,159.0
1784112060,29773.4,29776.1,29769.6,29776.0,155.0
1784112120,29776.4,29778.5,29773.0,29777.2,178.0
1784112180,29777.2,29781.9,29772.1,29772.9,154.0
1784112240,29772.9,29772.9,29766.0,29771.0,179.0
1784112300,29771.0,29774.6,29765.2,29768.5,187.0
1784112360,29768.1,29773.0,29764.0,29773.0,166.0
1784112420,29773.0,29778.5,29773.0,29776.4,155.0
1784112480,29776.2,29789.5,29775.0,29789.5,143.0
1784112540,29789.6,29790.1,29783.5,29784.4,165.0
1784112600,29784.0,29796.5,29784.0,29795.0,169.0
1784112660,29795.2,29796.4,29785.7,29787.0,174.0
1784112720,29785.7,29795.1,29785.4,29795.0,150.0
1784112780,29795.0,29797.6,29789.1,29789.1,161.0
1784112840,29788.5,29788.7,29782.1,29784.2,181.0
1784112900,29784.2,29786.5,29780.7,29786.4,151.0
1784112960,29786.5,29787.1,29779.1,29779.1,139.0
1784113020,29779.6,29782.0,29777.9,29778.5,129.0
1784113080,29778.7,29785.1,29777.6,29782.2,137.0
1784113140,29782.2,29791.0,29781.2,29789.1,148.0
1784113200,29789.1,29790.4,29769.6,29769.7,218.0
1784113260,29769.5,29773.0,29768.0,29770.7,185.0
1784113320,29771.0,29776.7,29756.6,29757.2,198.0
1784113380,29757.5,29757.9,29737.6,29738.1,199.0
1784113440,29738.1,29739.9,29713.0,29725.0,218.0
1784113500,29725.0,29728.4,29718.9,29724.5,209.0
1784113560,29724.2,29725.4,29714.7,29721.1,208.0
1784113620,29720.7,29726.5,29715.5,29721.9,193.0
1784113680,29721.9,29732.1,29715.9,29731.4,200.0
1784113740,29731.5,29731.5,29719.7,29720.2,190.0
1784113800,29720.1,29721.0,29708.5,29713.6,198.0
1784113860,29713.0,29718.0,29706.5,29707.1,163.0
1784113920,29707.0,29723.9,29706.1,29716.7,181.0
1784113980,29716.7,29724.7,29701.7,29705.9,189.0
1784114040,29705.9,29713.0,29705.7,29710.0,189.0
1784114100,29710.5,29718.2,29697.5,29701.7,215.0
1784114160,29702.0,29705.7,29695.4,29699.4,204.0
1784114220,29700.2,29705.2,29696.2,29697.9,183.0
1784114280,29696.6,29715.2,29690.2,29710.2,217.0
1784114340,29710.2,29710.7,29696.6,29702.0,193.0
1784114400,29702.0,29707.0,29697.7,29700.9,191.0
1784114460,29701.1,29705.6,29684.6,29684.6,194.0
1784114520,29685.0,29688.9,29680.7,29685.4,197.0
1784114580,29685.4,29685.4,29669.4,29671.0,213.0
1784114640,29671.0,29679.6,29664.5,29678.9,200.0
1784114700,29678.9,29682.9,29674.5,29679.7,190.0
1784114760,29678.9,29686.5,29676.1,29684.0,217.0
1784114820,29683.7,29692.5,29678.2,29690.1,210.0
1784114880,29690.5,29698.1,29689.1,29696.7,208.0
1784114940,29696.6,29705.7,29696.6,29705.2,203.0
1784115000,29706.2,29712.5,29701.7,29705.0,219.0
1784115060,29705.2,29707.0,29696.0,29697.6,181.0
1784115120,29697.6,29706.2,29694.4,29706.1,194.0
1784115180,29706.1,29707.0,29698.4,29704.0,181.0
1784115240,29704.6,29708.2,29698.2,29702.1,160.0
1784115300,29702.0,29707.9,29699.7,29707.2,187.0
1784115360,29706.4,29707.5,29692.2,29702.9,193.0
1784115420,29702.7,29703.7,29697.7,29702.4,131.0
1784115480,29698.2,29705.9,29697.7,29703.2,164.0
1784115540,29703.2,29710.6,29701.2,29709.1,161.0
1784115600,29709.2,29718.5,29708.7,29708.7,178.0
1784115660,29708.1,29710.2,29703.7,29705.1,168.0
1784115720,29705.0,29712.7,29695.5,29697.0,182.0
1784115780,29697.1,29710.2,29696.6,29709.9,159.0
1784115840,29709.9,29718.5,29706.1,29718.5,137.0
1784115900,29718.5,29732.7,29717.7,29729.0,195.0
1784115960,29729.0,29736.0,29728.2,29734.0,158.0
1784116020,29733.9,29734.5,29725.6,29727.1,164.0
1784116080,29727.0,29728.2,29721.6,29723.1,169.0
1784116140,29722.4,29724.9,29719.0,29722.1,144.0
1784116200,29722.2,29723.5,29715.2,29715.5,146.0
1784116260,29715.7,29722.7,29713.5,29722.4,173.0
1784116320,29722.0,29722.0,29711.0,29714.2,160.0
1784116380,29714.4,29714.5,29707.6,29709.5,160.0
1784116440,29709.0,29712.0,29706.1,29708.7,171.0
1784116500,29708.4,29714.2,29707.7,29712.5,141.0
1784116560,29712.5,29720.5,29707.5,29720.0,160.0
1784116620,29721.0,29730.6,29721.0,29728.1,148.0
1784116680,29728.2,29732.7,29726.9,29729.1,166.0
1784116740,29728.7,29730.1,29727.0,29729.7,142.0
1784116800,29729.7,29738.7,29729.4,29736.1,168.0
1784116860,29736.7,29738.6,29731.0,29737.7,164.0
1784116920,29737.2,29741.2,29734.5,29735.0,162.0
1784116980,29735.0,29742.0,29733.0,29741.7,147.0
1784117040,29741.4,29744.2,29738.6,29744.1,149.0
1784117100,29744.0,29745.1,29740.5,29743.9,153.0
1784117160,29743.9,29746.9,29742.2,29743.4,153.0
1784117220,29743.2,29744.7,29739.5,29740.4,162.0
1784117280,29740.4,29744.1,29739.5,29740.1,137.0
1784117340,29740.1,29747.2,29737.1,29747.2,129.0
1784117400,29747.4,29751.1,29746.1,29750.9,161.0
1784117460,29751.1,29751.1,29740.4,29742.5,171.0
1784117520,29742.9,29742.9,29736.4,29741.9,142.0
1784117580,29741.6,29747.9,29741.2,29743.2,144.0
1784117640,29743.2,29746.6,29742.7,29745.1,108.0
1784117700,29745.1,29747.9,29739.7,29740.5,161.0
1784117760,29740.9,29750.2,29740.2,29744.4,153.0
1784117820,29744.4,29744.4,29736.5,29740.5,165.0
1784117880,29740.5,29745.0,29739.1,29743.7,120.0
1784117940,29743.7,29748.4,29743.2,29747.0,133.0
1784118000,29746.2,29754.7,29744.4,29752.6,136.0
1784118060,29752.6,29755.9,29748.7,29755.0,140.0
1784118120,29754.9,29755.2,29750.7,29751.0,129.0
1784118180,29751.0,29752.1,29749.2,29749.4,124.0
1784118240,29749.6,29753.4,29749.2,29750.9,108.0
1784118300,29751.0,29751.1,29746.1,29747.6,125.0
1784118360,29747.6,29751.6,29744.2,29749.4,141.0
1784118420,29749.5,29749.5,29743.2,29743.5,132.0
1784118480,29743.4,29744.2,29739.2,29742.5,161.0
1784118540,29742.6,29744.4,29740.5,29741.9,129.0
1784118600,29741.9,29743.9,29734.9,29735.9,164.0
1784118660,29734.9,29734.9,29729.0,29733.6,165.0
1784118720,29733.6,29735.6,29732.4,29734.7,127.0
1784118780,29735.0,29737.1,29733.2,29734.7,155.0
1784118840,29734.7,29736.5,29727.4,29728.6,142.0
1784118900,29728.6,29730.1,29724.6,29727.5,165.0
1784118960,29727.9,29728.7,29721.0,29721.6,158.0
1784119020,29721.9,29734.9,29721.2,29733.2,161.0
1784119080,29732.9,29742.0,29732.9,29738.6,122.0
1784119140,29738.6,29738.9,29730.2,29731.2,164.0
1784119200,29731.1,29734.7,29729.5,29734.6,146.0
1784119260,29734.7,29751.7,29734.4,29749.6,178.0
1784119320,29749.6,29749.6,29746.5,29748.2,107.0
1784119380,29748.0,29749.9,29745.4,29746.9,120.0
1784119440,29746.9,29746.9,29742.9,29743.6,153.0
1784119500,29743.5,29745.0,29739.1,29740.5,131.0
1784119560,29740.0,29742.0,29731.6,29733.5,162.0
1784119620,29732.7,29734.6,29730.0,29731.5,128.0
1784119680,29731.5,29731.9,29728.2,29730.9,136.0
1784119740,29730.9,29731.9,29721.4,29727.7,160.0
1784119800,29726.4,29737.0,29725.5,29735.6,151.0
1784119860,29735.6,29736.0,29722.6,29725.1,160.0
1784119920,29725.1,29725.4,29717.4,29717.5,118.0
1784119980,29717.5,29719.6,29714.5,29718.6,160.0
1784120040,29718.7,29724.0,29718.2,29722.4,165.0
1784120100,29722.4,29723.6,29715.7,29716.1,129.0
1784120160,29716.1,29718.5,29710.4,29712.0,166.0
1784120220,29712.0,29714.6,29712.0,29712.5,153.0
1784120280,29712.5,29715.9,29711.0,29711.9,151.0
1784120340,29711.9,29720.0,29708.5,29716.7,156.0
1784120400,29717.0,29718.4,29708.6,29714.0,180.0
1784120460,29713.7,29722.2,29711.9,29720.7,169.0
1784120520,29721.2,29724.2,29717.7,29721.6,139.0
1784120580,29721.6,29722.6,29715.5,29717.7,124.0
1784120640,29717.6,29723.7,29717.1,29720.0,126.0
1784120700,29720.2,29725.1,29718.5,29721.5,137.0
1784120760,29723.4,29726.0,29719.4,29719.6,159.0
1784120820,29719.6,29722.5,29718.5,29721.5,149.0
1784120880,29721.5,29722.0,29715.7,29717.6,118.0
1784120940,29717.6,29722.6,29717.6,29719.9,120.0
1784121000,29719.9,29723.5,29717.0,29722.2,124.0
1784121060,29722.6,29730.6,29720.6,29729.5,148.0
1784121120,29729.5,29731.9,29725.5,29731.9,127.0
1784121180,29731.7,29734.5,29731.2,29734.5,135.0
1784121240,29734.6,29736.0,29733.4,29735.2,124.0
1784121300,29735.2,29739.5,29733.0,29738.6,136.0
1784121360,29738.6,29739.5,29728.2,29731.2,129.0
1784121420,29731.4,29734.6,29725.6,29726.9,127.0
1784121480,29726.9,29730.2,29725.6,29727.6,142.0
1784121540,29727.6,29728.1,29723.5,29724.9,124.0
1784121600,29724.9,29733.0,29724.9,29731.2,156.0
1784121660,29730.7,29730.7,29723.7,29724.9,168.0
1784121720,29724.5,29730.2,29716.4,29719.1,139.0
1784121780,29719.6,29719.6,29694.2,29701.0,225.0
1784121840,29700.9,29710.4,29696.5,29697.7,194.0
1784121900,29697.9,29702.5,29693.5,29694.4,199.0
1784121960,29694.2,29697.2,29690.2,29691.6,215.0
1784122020,29691.6,29693.9,29681.2,29686.0,198.0
1784122080,29685.7,29687.1,29679.5,29684.6,200.0
1784122140,29686.9,29694.7,29683.5,29689.4,182.0
1784122200,29771.88671875,29771.88671875,29748.373046875,29752.24609375,0.0
1784122260,29752.0078125,29758.275390625,29724.548828125,29730.9765625,11369492.0
1784122320,29740.9921875,29740.9921875,29722.693359375,29723.2421875,7140394.0
1784122380,29723.91796875,29728.33984375,29715.47265625,29728.33984375,5933776.0
1784122440,29734.009765625,29755.5703125,29734.009765625,29754.15234375,5361552.0
1784122500,29754.064453125,29765.671875,29722.4140625,29722.4140625,6896847.0
1784122560,29725.73828125,29726.5234375,29711.6953125,29724.61328125,5442976.0
1784122620,29729.30859375,29735.19921875,29684.380859375,29684.380859375,5490578.0
1784122680,29677.29296875,29682.3203125,29663.265625,29679.162109375,4708848.0
1784122740,29684.5859375,29685.646484375,29668.646484375,29684.27734375,4300864.0
1784122800,29680.68359375,29680.68359375,29643.666015625,29651.978515625,4291287.0
1784122860,29649.58984375,29660.076171875,29646.728515625,29649.552734375,4026820.0
1784122920,29651.703125,29662.40234375,29651.703125,29657.69140625,3948203.0
1784122980,29655.72265625,29677.267578125,29654.1171875,29677.267578125,4200494.0
1784123040,29675.9765625,29680.59375,29634.01953125,29634.01953125,3609752.0
1784123100,29622.748046875,29641.568359375,29622.748046875,29637.4921875,4191930.0
1784123160,29631.7578125,29631.7578125,29604.6171875,29605.080078125,4498417.0
1784123220,29610.373046875,29617.193359375,29586.2734375,29593.15234375,3869958.0
1784123280,29594.443359375,29607.5859375,29588.865234375,29591.146484375,4316008.0
1784123340,29590.4296875,29590.4296875,29577.44140625,29577.44140625,3608759.0
1784123400,29588.171875,29588.171875,29557.927734375,29562.021484375,3692170.0
1784123460,29569.111328125,29569.111328125,29553.53125,29558.443359375,4243716.0
1784123520,29557.181640625,29593.4609375,29557.181640625,29586.45703125,4181115.0
1784123580,29589.38671875,29589.38671875,29562.4765625,29572.751953125,3760901.0
1784123640,29566.16796875,29599.80078125,29566.16796875,29599.80078125,3131846.0
1784123700,29601.705078125,29603.203125,29592.546875,29595.296875,3705092.0
1784123760,29596.271484375,29608.91015625,29591.310546875,29591.310546875,3309251.0
1784123820,29601.6171875,29614.412109375,29601.6171875,29606.001953125,3431549.0
1784123880,29606.75,29616.134765625,29604.205078125,29606.12890625,3323718.0
1784123940,29612.08984375,29618.962890625,29609.7578125,29618.962890625,3480236.0
1784124000,29642.8515625,29652.103515625,29635.884765625,29642.53515625,4418379.0
1784124060,29646.333984375,29649.302734375,29635.95703125,29648.810546875,3657786.0
1784124120,29652.03515625,29665.29296875,29640.865234375,29646.83203125,3162535.0
1784124180,29642.927734375,29667.662109375,29642.927734375,29659.330078125,3344989.0
1784124240,29660.806640625,29662.642578125,29643.228515625,29643.228515625,2803326.0
1784124300,29650.5546875,29650.5546875,29633.57421875,29637.916015625,3853975.0
1784124360,29638.6953125,29683.544921875,29638.6953125,29683.544921875,3488261.0
1784124420,29686.357421875,29688.869140625,29682.84375,29688.869140625,3315426.0
1784124480,29686.80859375,29690.37109375,29681.27734375,29682.267578125,2836410.0
1784124540,29677.95703125,29684.615234375,29656.86328125,29659.380859375,2911902.0
1784124600,29660.96875,29670.48046875,29652.681640625,29664.18359375,3460928.0
1784124660,29659.361328125,29659.953125,29641.716796875,29652.21875,4191270.0
1784124720,29651.095703125,29655.435546875,29640.91015625,29652.10546875,2938825.0
1784124780,29653.27734375,29653.27734375,29637.583984375,29638.21484375,3417202.0
1784124840,29642.201171875,29642.201171875,29608.470703125,29608.470703125,3864160.0
1784124900,29602.9921875,29618.806640625,29591.63671875,29597.27734375,3710294.0
1784124960,29591.673828125,29613.83984375,29591.673828125,29611.59375,4467541.0
1784125020,29614.2109375,29624.8203125,29614.2109375,29619.345703125,3237081.0
1784125080,29613.30859375,29613.30859375,29596.83203125,29596.83203125,3318488.0
1784125140,29593.25,29614.513671875,29593.25,29599.984375,3843447.0
1784125200,29592.216796875,29592.216796875,29554.880859375,29555.16796875,4267324.0
1784125260,29558.662109375,29565.642578125,29548.943359375,29557.84375,4168260.0
1784125320,29563.734375,29563.734375,29548.4140625,29549.193359375,3321492.0
1784125380,29550.6875,29550.6875,29496.36328125,29496.36328125,3837636.0
1784125440,29501.107421875,29501.107421875,29457.595703125,29471.7578125,4742934.0
1784125500,29473.833984375,29473.916015625,29451.568359375,29465.4609375,3933853.0
1784125560,29456.03515625,29466.681640625,29447.703125,29463.669921875,3886556.0
1784125620,29472.875,29490.974609375,29465.521484375,29490.974609375,3356634.0
1784125680,29494.474609375,29512.08203125,29489.26171875,29494.078125,3532372.0
1784125740,29499.26171875,29527.376953125,29499.26171875,29525.845703125,3251034.0
1784125800,29527.2734375,29532.861328125,29508.93359375,29511.583984375,3392707.0
1784125860,29510.6015625,29513.5546875,29473.705078125,29473.705078125,3652615.0
1784125920,29473.837890625,29480.056640625,29450.8203125,29471.970703125,4031779.0
1784125980,29478.064453125,29500.677734375,29478.064453125,29500.677734375,3732891.0
1784126040,29508.177734375,29511.3359375,29488.279296875,29488.279296875,2863930.0
1784126100,29489.7421875,29497.458984375,29471.919921875,29475.140625,2855703.0
1784126160,29478.1015625,29478.1015625,29448.24609375,29448.24609375,3624358.0
1784126220,29429.205078125,29429.205078125,29410.666015625,29410.666015625,4108618.0
1784126280,29399.89453125,29416.078125,29397.107421875,29404.447265625,3771901.0
1784126340,29401.130859375,29402.23046875,29388.052734375,29401.802734375,3926173.0
1784126400,29396.53515625,29415.0546875,29389.1875,29415.0546875,3637220.0
1784126460,29395.974609375,29417.9140625,29393.25,29399.318359375,4366731.0
1784126520,29401.373046875,29401.373046875,29342.27734375,29342.27734375,3831861.0
1784126580,29346.51953125,29374.6640625,29345.81640625,29370.560546875,4053318.0
1784126640,29379.044921875,29402.546875,29377.716796875,29398.5078125,3692854.0
1784126700,29391.13671875,29392.357421875,29370.904296875,29370.904296875,2863348.0
1784126760,29374.40234375,29402.2890625,29366.76171875,29400.720703125,3109473.0
1784126820,29399.765625,29417.232421875,29399.765625,29415.453125,3314123.0
1784126880,29413.5703125,29424.873046875,29398.58203125,29424.490234375,2698831.0
1784126940,29426.7734375,29444.73828125,29425.541015625,29444.73828125,2697950.0
1784127000,29439.296875,29441.65625,29421.0859375,29422.810546875,3118131.0
1784127060,29420.193359375,29420.193359375,29399.85546875,29401.431640625,2483055.0
1784127120,29409.4140625,29427.369140625,29398.3125,29410.04296875,2324398.0
1784127180,29405.111328125,29414.990234375,29404.51953125,29414.951171875,2309920.0
1784127240,29413.6875,29413.6875,29380.11328125,29393.28515625,2367668.0
1784127300,29400.19140625,29414.560546875,29389.548828125,29390.41015625,2425557.0
1784127360,29396.474609375,29416.7109375,29391.916015625,29416.0078125,2900793.0
1784127420,29418.765625,29424.267578125,29414.923828125,29414.923828125,1972844.0
1784127480,29409.943359375,29414.796875,29396.919921875,29405.208984375,2291518.0
1784127540,29402.083984375,29429.11328125,29402.083984375,29428.44140625,2083558.0
1784127600,29429.80078125,29434.724609375,29413.265625,29417.630859375,2896551.0
1784127660,29413.630859375,29413.630859375,29395.94140625,29396.521484375,2496419.0
1784127720,29391.416015625,29408.3046875,29391.416015625,29402.599609375,2477657.0
1784127780,29407.1953125,29407.1953125,29393.240234375,29402.833984375,2429773.0
1784127840,29395.341796875,29395.341796875,29385.53125,29385.53125,2034810.0
1784127900,29388.5,29406.95703125,29381.8828125,29406.95703125,2336137.0
1784127960,29412.64453125,29413.806640625,29400.77734375,29413.806640625,2407431.0
1784128020,29417.41015625,29427.609375,29408.9296875,29427.609375,2715380.0
1784128080,29428.955078125,29445.025390625,29428.955078125,29441.9296875,2377077.0
1784128140,29442.791015625,29451.369140625,29442.791015625,29450.802734375,2771314.0
1784128200,29453.90625,29458.8125,29435.2421875,29443.05859375,2546217.0
1784128260,29437.41796875,29437.41796875,29426.76171875,29426.76171875,2411324.0
1784128320,29431.19921875,29432.6796875,29408.7421875,29408.7421875,2437532.0
1784128380,29410.431640625,29427.181640625,29410.431640625,29414.0546875,2463615.0
1784128440,29415.517578125,29416.74609375,29389.251953125,29389.251953125,2134591.0
1784128500,29389.35546875,29389.35546875,29366.623046875,29367.873046875,3065660.0
1784128560,29374.0,29374.0,29350.83984375,29352.171875,3352778.0
1784128620,29340.279296875,29376.87109375,29340.279296875,29376.87109375,3705991.0
1784128680,29375.19140625,29393.255859375,29375.19140625,29390.138671875,2710233.0
1784128740,29401.537109375,29402.640625,29396.126953125,29402.640625,2241682.0
1784128800,29396.474609375,29398.306640625,29381.671875,29391.802734375,3327173.0
1784128860,29393.689453125,29393.689453125,29375.05078125,29376.326171875,2370625.0
1784128920,29373.248046875,29373.248046875,29353.8203125,29357.623046875,2905399.0
1784128980,29354.19921875,29361.263671875,29342.98046875,29346.166015625,2688892.0
1784129040,29349.28515625,29370.5390625,29347.232421875,29368.75,3021599.0
1784129100,29382.634765625,29397.033203125,29374.06640625,29383.759765625,3148016.0
1784129160,29387.439453125,29401.734375,29387.439453125,29395.64453125,2414854.0
1784129220,29395.390625,29400.310546875,29394.0,29394.0,2406837.0
1784129280,29403.951171875,29427.7421875,29398.19921875,29422.037109375,2224019.0
1784129340,29421.302734375,29440.10546875,29420.71875,29440.10546875,2539734.0
1784129400,29442.0078125,29442.0078125,29431.099609375,29431.099609375,2532437.0
1784129460,29428.150390625,29428.150390625,29416.26171875,29416.26171875,2929058.0
1784129520,29418.92578125,29441.39453125,29418.92578125,29440.486328125,2065951.0
1784129580,29444.634765625,29453.958984375,29444.634765625,29449.53515625,2589129.0
1784129640,29446.287109375,29446.287109375,29434.90234375,29435.771484375,2367963.0
1784129700,29431.828125,29432.439453125,29395.41796875,29400.6640625,2203064.0
1784129760,29407.2265625,29437.751953125,29407.2265625,29437.751953125,3169073.0
1784129820,29438.732421875,29444.716796875,29431.78515625,29435.216796875,1847751.0
1784129880,29440.107421875,29443.671875,29436.359375,29441.232421875,1996831.0
1784129940,29444.5,29446.611328125,29436.203125,29443.1171875,1958630.0
1784130000,29445.501953125,29450.962890625,29434.08984375,29435.203125,1634487.0
1784130060,29431.974609375,29441.01171875,29431.697265625,29441.01171875,1864980.0
1784130120,29441.9140625,29445.064453125,29432.517578125,29438.283203125,1811348.0
1784130180,29434.91796875,29434.91796875,29422.931640625,29425.916015625,1690485.0
1784130240,29420.193359375,29420.193359375,29406.208984375,29413.201171875,2336974.0
1784130300,29410.162109375,29410.162109375,29397.853515625,29397.853515625,2817717.0
1784130360,29398.611328125,29398.611328125,29387.39453125,29396.021484375,2197718.0
1784130420,29399.755859375,29403.478515625,29383.4765625,29384.423828125,1956392.0
1784130480,29382.87890625,29389.310546875,29380.3125,29389.310546875,2111408.0
1784130540,29389.0390625,29403.396484375,29389.0390625,29393.919921875,1919974.0
1784130600,29393.22265625,29393.22265625,29369.982421875,29370.91796875,2518805.0
1784130660,29368.943359375,29376.76953125,29364.853515625,29371.119140625,1932041.0
1784130720,29371.451171875,29375.953125,29369.294921875,29370.9921875,2403836.0
1784130780,29374.1015625,29383.607421875,29363.61328125,29383.607421875,1721532.0
1784130840,29388.669921875,29388.669921875,29370.046875,29376.806640625,1734652.0
1784130900,29381.685546875,29382.123046875,29376.68359375,29376.94140625,1966652.0
1784130960,29380.556640625,29380.556640625,29370.138671875,29371.669921875,1855367.0
1784131020,29377.875,29378.076171875,29370.630859375,29370.630859375,1683714.0
1784131080,29368.826171875,29387.185546875,29368.826171875,29387.185546875,1711858.0
1784131140,29387.357421875,29387.357421875,29382.173828125,29382.173828125,1913922.0
1784131200,29376.91796875,29393.798828125,29376.91796875,29378.4609375,3897571.0
1784131260,29376.94140625,29376.94140625,29345.439453125,29347.001953125,1598277.0
1784131320,29347.966796875,29348.611328125,29335.134765625,29336.822265625,3523044.0
1784131380,29333.791015625,29336.451171875,29316.818359375,29316.818359375,1430141.0
1784131440,29318.220703125,29328.833984375,29318.095703125,29328.833984375,3716255.0
1784131500,29329.4375,29329.4375,29305.216796875,29305.216796875,3242117.0
1784131560,29303.15625,29305.9140625,29290.2578125,29290.51171875,8740007.0
1784131620,29293.46875,29299.595703125,29282.025390625,29282.025390625,3536240.0
1784131680,29284.09375,29285.607421875,29276.7890625,29285.607421875,4643308.0
1784131740,29290.861328125,29312.900390625,29290.861328125,29312.19140625,1778696.0
1784131800,29312.357421875,29315.96875,29302.310546875,29310.330078125,4659982.0
1784131860,29301.021484375,29302.80078125,29289.27734375,29293.6640625,1860100.0
1784131920,29290.63671875,29301.845703125,29281.689453125,29301.845703125,3066173.0
1784131980,29303.154296875,29306.2890625,29278.404296875,29278.791015625,2656948.0
1784132040,29277.19140625,29280.357421875,29268.96484375,29268.96484375,2787087.0
1784132100,29267.609375,29279.330078125,29267.609375,29274.68359375,3500019.0
1784132160,29273.439453125,29277.396484375,29264.80859375,29264.80859375,2862708.0
1784132220,29264.876953125,29275.314453125,29262.283203125,29274.19921875,2601874.0
1784132280,29278.505859375,29285.109375,29271.8671875,29284.666015625,2542569.0
1784132340,29286.048828125,29293.359375,29270.16796875,29270.16796875,2846597.0
1784132400,29270.09765625,29273.693359375,29261.69921875,29261.69921875,2343390.0
1784132460,29262.25,29268.3359375,29255.140625,29258.666015625,2431520.0
1784132520,29257.392578125,29268.568359375,29253.935546875,29259.595703125,2678678.0
1784132580,29260.01953125,29271.228515625,29253.62109375,29265.341796875,2126336.0
1784132640,29263.28125,29263.28125,29228.486328125,29234.1171875,3520221.0
1784132700,29236.279296875,29259.701171875,29236.279296875,29248.412109375,4508258.0
1784132760,29246.744140625,29250.650390625,29244.66015625,29245.880859375,1417053.0
1784132820,29248.123046875,29251.498046875,29230.54296875,29236.1640625,3270067.0
1784132880,29236.990234375,29245.59375,29234.12890625,29241.9375,1367269.0
1784132940,29248.798828125,29262.81640625,29248.798828125,29260.82421875,2509934.0
1784133000,29260.25390625,29278.84375,29260.25390625,29273.125,2783262.0
1784133060,29271.939453125,29271.939453125,29252.0390625,29254.28515625,2553333.0
1784133120,29255.439453125,29258.005859375,29248.298828125,29254.2421875,3418043.0
1784133180,29252.75390625,29253.62109375,29237.939453125,29240.427734375,1407194.0
1784133240,29242.580078125,29249.666015625,29224.27734375,29228.193359375,4119038.0
1784133300,29226.384765625,29226.384765625,29211.177734375,29216.966796875,1628873.0
1784133360,29220.029296875,29220.029296875,29205.52734375,29205.52734375,2380146.0
1784133420,29205.58203125,29212.677734375,29205.50390625,29212.677734375,2774752.0
1784133480,29213.505859375,29223.765625,29208.365234375,29217.7890625,2981551.0
1784133540,29217.060546875,29224.490234375,29213.908203125,29213.908203125,1970486.0
1784133600,29213.58203125,29213.8515625,29201.34765625,29201.34765625,2307457.0
1784133660,29197.056640625,29231.6015625,29195.23828125,29223.87890625,3252920.0
1784133720,29223.00390625,29226.251953125,29219.287109375,29219.287109375,1935127.0
1784133780,29217.48828125,29231.435546875,29217.48828125,29228.361328125,2696398.0
1784133840,29227.84375,29244.23828125,29227.84375,29243.5546875,3478480.0
1784133900,29241.98046875,29246.9140625,29234.16796875,29234.26953125,1259712.0
1784133960,29234.294921875,29322.642578125,29234.294921875,29289.46484375,2420961.0
1784134020,29282.033203125,29282.896484375,29265.5859375,29265.5859375,3640754.0
1784134080,29262.37890625,29275.322265625,29262.37890625,29266.046875,5768159.0
1784134140,29270.44140625,29282.28515625,29270.44140625,29277.533203125,1151022.0
1784134200,29276.857421875,29299.048828125,29276.857421875,29299.048828125,3053556.0
1784134260,29299.8671875,29305.943359375,29294.845703125,29294.845703125,1074810.0
1784134320,29293.658203125,29312.77734375,29286.3046875,29311.841796875,3147281.0
1784134380,29312.06640625,29316.41015625,29309.791015625,29312.259765625,1979745.0
1784134440,29308.869140625,29312.91015625,29287.990234375,29292.224609375,2055446.0
1784134500,29292.955078125,29298.666015625,29269.8359375,29269.8359375,2049464.0
1784134560,29270.25390625,29275.78515625,29264.982421875,29266.345703125,1855804.0
1784134620,29264.72265625,29290.521484375,29263.96484375,29289.26953125,2732625.0
1784134680,29295.689453125,29302.521484375,29295.689453125,29302.521484375,851661.0
1784134740,29299.73828125,29306.724609375,29299.73828125,29306.275390625,2142704.0
1784134800,29300.970703125,29325.142578125,29300.970703125,29322.8046875,1237302.0
1784134860,29323.869140625,29334.1796875,29323.869140625,29328.71484375,3086703.0
1784134920,29332.650390625,29335.17578125,29328.138671875,29328.138671875,1264289.0
1784134980,29327.44921875,29337.095703125,29323.158203125,29333.341796875,3577105.0
1784135040,29331.626953125,29332.9453125,29324.017578125,29324.125,915477.0
1784135100,29324.140625,29328.216796875,29320.130859375,29324.328125,1980426.0
1784135160,29324.763671875,29349.748046875,29324.763671875,29344.794921875,2145829.0
1784135220,29344.28125,29349.166015625,29340.375,29348.4609375,1767195.0
1784135280,29348.822265625,29359.396484375,29348.822265625,29349.8515625,1805428.0
1784135340,29347.962890625,29350.873046875,29346.705078125,29348.43359375,2028648.0
1784135400,29348.193359375,29349.91796875,29340.3359375,29348.59375,1707132.0
1784135460,29351.931640625,29351.931640625,29340.04296875,29341.517578125,1710848.0
1784135520,29341.880859375,29353.673828125,29341.880859375,29353.673828125,1647723.0
1784135580,29356.87890625,29358.5625,29343.833984375,29343.833984375,2649850.0
1784135640,29345.177734375,29345.177734375,29329.26953125,29329.26953125,889224.0
1784135700,29329.064453125,29343.19921875,29328.162109375,29340.15625,2729609.0
1784135760,29341.208984375,29342.689453125,29334.232421875,29340.939453125,812767.0
1784135820,29340.416015625,29365.978515625,29340.416015625,29365.978515625,1576848.0
1784135880,29364.88671875,29378.396484375,29363.4765625,29377.138671875,2044641.0
1784135940,29378.060546875,29384.58203125,29377.154296875,29381.265625,1910375.0
1784136000,29380.93359375,29395.576171875,29380.93359375,29383.392578125,2127370.0
1784136060,29379.79296875,29382.70703125,29366.95703125,29370.923828125,3134577.0
1784136120,29374.859375,29387.921875,29374.859375,29387.921875,856957.0
1784136180,29388.6171875,29397.60546875,29384.900390625,29384.900390625,2625540.0
1784136240,29385.513671875,29391.185546875,29382.201171875,29386.068359375,818450.0
1784136300,29386.060546875,29391.767578125,29385.6015625,29387.275390625,1894749.0
1784136360,29388.79296875,29394.05078125,29388.79296875,29390.560546875,1478157.0
1784136420,29388.89453125,29394.0625,29383.4921875,29385.0390625,1535217.0
1784136480,29387.830078125,29391.3125,29375.1484375,29375.873046875,1713278.0
1784136540,29379.91015625,29404.970703125,29379.91015625,29403.22265625,1963364.0
1784136600,29403.50390625,29417.162109375,29403.50390625,29415.578125,3026604.0
1784136660,29413.642578125,29416.01953125,29404.56640625,29405.970703125,877377.0
1784136720,29408.38671875,29415.263671875,29408.38671875,29413.705078125,2347449.0
1784136780,29417.83984375,29424.78515625,29414.17578125,29423.03125,953386.0
1784136840,29422.79296875,29426.947265625,29416.634765625,29416.634765625,1799290.0
1784136900,29419.02734375,29419.02734375,29409.59765625,29415.19140625,1798330.0
1784136960,29411.94140625,29425.072265625,29410.9453125,29420.78125,1487917.0
1784137020,29420.869140625,29431.076171875,29420.333984375,29429.74609375,2381931.0
1784137080,29425.453125,29428.197265625,29419.34375,29424.064453125,809573.0
1784137140,29423.763671875,29432.064453125,29423.763671875,29429.37109375,2375203.0
1784137200,29430.1796875,29434.193359375,29421.7890625,29425.328125,735264.0
1784137260,29423.51171875,29430.314453125,29423.09375,29430.251953125,1932103.0
1784137320,29427.974609375,29427.974609375,29420.7578125,29420.7578125,1830487.0
1784137380,29420.619140625,29432.130859375,29420.619140625,29432.037109375,1301261.0
1784137440,29433.22265625,29433.22265625,29429.078125,29430.5078125,1346978.0
1784137500,29431.322265625,29433.099609375,29424.78515625,29432.20703125,1573021.0
1784137560,29432.720703125,29457.10546875,29431.337890625,29455.83984375,2822674.0
1784137620,29457.55078125,29467.251953125,29457.55078125,29465.74609375,903600.0
1784137680,29466.025390625,29469.240234375,29464.46484375,29469.240234375,2521668.0
1784137740,29468.1796875,29479.580078125,29467.056640625,29477.8828125,975877.0
1784137800,29478.447265625,29479.087890625,29473.49609375,29475.548828125,2021216.0
1784137860,29475.431640625,29478.77734375,29471.587890625,29476.15625,1707709.0
1784137920,29477.474609375,29492.6875,29476.05859375,29492.6875,1716676.0
1784137980,29493.4296875,29499.33203125,29492.857421875,29494.0703125,2439512.0
1784138040,29492.9296875,29498.681640625,29485.712890625,29497.3203125,883237.0
1784138100,29498.58984375,29499.25,29494.603515625,29495.060546875,2263175.0
1784138160,29492.3515625,29492.3515625,29485.435546875,29489.556640625,833795.0
1784138220,29487.697265625,29499.5390625,29486.111328125,29499.5390625,1570420.0
1784138280,29498.779296875,29501.951171875,29496.859375,29498.783203125,2876685.0
1784138340,29498.193359375,29500.125,29479.453125,29481.125,892379.0
1784138400,29482.99609375,29492.017578125,29482.4609375,29491.69921875,2679786.0
1784138460,29495.916015625,29510.015625,29495.916015625,29509.57421875,1160793.0
1784138520,29509.28515625,29510.412109375,29501.82421875,29508.7578125,1967390.0
1784138580,29509.16015625,29511.912109375,29506.751953125,29510.451171875,1780950.0
1784138640,29510.53515625,29511.658203125,29498.314453125,29499.578125,1691134.0
1784138700,29500.552734375,29512.41015625,29498.623046875,29511.890625,2711747.0
1784138760,29513.693359375,29523.703125,29513.447265625,29523.703125,1081208.0
1784138820,29523.013671875,29523.990234375,29515.974609375,29517.068359375,3035884.0
1784138880,29518.216796875,29519.47265625,29514.568359375,29519.15625,752711.0
1784138940,29518.505859375,29521.84375,29514.283203125,29520.642578125,2026300.0
1784139000,29519.716796875,29524.93359375,29518.474609375,29524.384765625,1700790.0
1784139060,29525.48046875,29528.853515625,29522.5703125,29525.85546875,1650800.0
1784139120,29526.748046875,29527.86328125,29517.98046875,29521.720703125,1802177.0
1784139180,29519.189453125,29524.57421875,29516.958984375,29523.677734375,1732356.0
1784139240,29522.39453125,29522.822265625,29514.583984375,29514.95703125,2206104.0
1784139300,29510.70703125,29510.70703125,29498.818359375,29500.40625,1508568.0
1784139360,29498.587890625,29501.546875,29490.52734375,29490.52734375,2994602.0
1784139420,29490.744140625,29501.716796875,29490.744140625,29498.3828125,882651.0
1784139480,29497.646484375,29497.646484375,29483.666015625,29489.5859375,1890527.0
1784139540,29492.748046875,29506.509765625,29492.748046875,29502.74609375,1822755.0
1784139600,29502.423828125,29516.865234375,29501.3359375,29516.65234375,1407566.0
1784139660,29514.4140625,29529.599609375,29513.4296875,29529.599609375,2213874.0
1784139720,29528.37109375,29531.427734375,29525.208984375,29527.62890625,919008.0
1784139780,29528.744140625,29539.39453125,29528.744140625,29539.017578125,2510311.0
1784139840,29538.451171875,29539.984375,29536.49609375,29536.49609375,893858.0
1784139900,29535.673828125,29536.408203125,29529.30859375,29532.65625,1535702.0
1784139960,29532.767578125,29534.521484375,29530.5625,29532.7421875,1372626.0
1784140020,29532.95703125,29536.869140625,29532.0234375,29534.6171875,1268138.0
1784140080,29535.849609375,29538.044921875,29533.380859375,29534.111328125,1667657.0
1784140140,29533.091796875,29533.091796875,29520.060546875,29522.759765625,1495359.0
1784140200,29522.56640625,29528.951171875,29520.830078125,29520.830078125,2215771.0
1784140260,29521.271484375,29527.2578125,29521.271484375,29527.2578125,751228.0
1784140320,29528.029296875,29533.26171875,29524.669921875,29533.009765625,2218286.0
1784140380,29533.0703125,29534.0546875,29526.734375,29527.0234375,823473.0
1784140440,29527.275390625,29530.294921875,29521.85546875,29522.09765625,1421216.0
1784140500,29521.443359375,29521.443359375,29507.8515625,29510.759765625,2372247.0
1784140560,29510.0859375,29510.0859375,29496.09765625,29501.060546875,701476.0
1784140620,29500.490234375,29502.59765625,29495.33203125,29501.599609375,1607121.0
1784140680,29503.322265625,29504.349609375,29494.13671875,29494.482421875,1430014.0
1784140740,29494.50390625,29498.8984375,29490.25,29490.390625,1755769.0
1784140800,29488.29296875,29490.453125,29483.505859375,29488.9921875,1504347.0
1784140860,29490.25,29496.123046875,29490.25,29492.64453125,1806736.0
1784140920,29494.1640625,29501.5,29480.41015625,29480.41015625,2480780.0
1784140980,29479.06640625,29479.93359375,29471.630859375,29478.328125,810929.0
1784141040,29477.001953125,29477.337890625,29461.271484375,29462.421875,2625076.0
1784141100,29458.373046875,29458.7890625,29449.44921875,29455.466796875,1001294.0
1784141160,29455.166015625,29462.587890625,29451.44140625,29462.587890625,1619673.0
1784141220,29441.15234375,29456.67578125,29441.15234375,29449.9765625,3008186.0
1784141280,29449.76953125,29454.822265625,29448.5703125,29454.822265625,1456385.0
1784141340,29453.91796875,29458.662109375,29448.287109375,29448.287109375,2298217.0
1784141400,29444.86328125,29444.86328125,29434.25390625,29444.291015625,850708.0
1784141460,29444.630859375,29444.630859375,29408.74609375,29412.39453125,3184936.0
1784141520,29413.583984375,29420.294921875,29411.876953125,29417.455078125,792544.0
1784141580,29417.65234375,29418.21875,29406.865234375,29413.50390625,1765236.0
1784141640,29413.646484375,29425.2265625,29411.685546875,29424.962890625,1415792.0
1784141700,29423.51171875,29431.46875,29422.642578125,29425.619140625,1561205.0
1784141760,29425.638671875,29425.638671875,29408.06640625,29411.205078125,1512992.0
1784141820,29412.900390625,29420.841796875,29412.900390625,29420.841796875,1599418.0
1784141880,29420.70703125,29431.6640625,29394.900390625,29397.02734375,3394156.0
1784141940,29396.775390625,29408.0390625,29396.775390625,29408.0390625,973259.0
1784142000,29408.47265625,29412.0234375,29406.798828125,29412.0234375,2781002.0
1784142060,29407.71484375,29418.6484375,29407.71484375,29418.6484375,774685.0
1784142120,29418.865234375,29440.869140625,29418.865234375,29440.6328125,1853408.0
1784142180,29443.123046875,29453.166015625,29441.103515625,29445.68359375,2097521.0
1784142240,29445.32421875,29461.466796875,29445.32421875,29459.46484375,2088577.0
1784142300,29459.888671875,29459.888671875,29446.578125,29456.310546875,3574113.0
1784142360,29457.2734375,29468.48046875,29455.505859375,29465.48046875,1013487.0
1784142420,29466.59375,29467.12109375,29450.341796875,29452.021484375,3152408.0
1784142480,29452.953125,29452.953125,29432.380859375,29439.28125,973691.0
1784142540,29442.056640625,29444.537109375,29432.443359375,29433.30859375,1887892.0
1784142600,29435.240234375,29449.623046875,29432.328125,29447.146484375,2743387.0
1784142660,29445.880859375,29445.880859375,29430.11328125,29430.11328125,1020102.0
1784142720,29432.025390625,29449.34765625,29432.025390625,29447.697265625,3215430.0
1784142780,29449.17578125,29452.8671875,29442.166015625,29444.74609375,921983.0
1784142840,29447.361328125,29447.65625,29441.546875,29441.546875,1752617.0
1784142900,29445.23828125,29446.646484375,29432.20703125,29439.037109375,1894130.0
1784142960,29437.787109375,29437.787109375,29432.333984375,29433.919921875,1925337.0
1784143020,29433.984375,29437.029296875,29428.970703125,29430.2890625,3028012.0
1784143080,29430.45703125,29432.794921875,29426.69140625,29427.39453125,920011.0
1784143140,29426.724609375,29431.46875,29416.509765625,29416.509765625,3119514.0
1784143200,29413.541015625,29413.541015625,29392.46484375,29403.2265625,1671133.0
1784143260,29402.677734375,29403.87109375,29397.736328125,29402.5078125,2245367.0
1784143320,29402.787109375,29402.787109375,29393.412109375,29396.7265625,2048921.0
1784143380,29396.775390625,29400.947265625,29394.3984375,29399.830078125,2232569.0
1784143440,29400.93359375,29407.78125,29399.44140625,29400.49609375,2107687.0
1784143500,29400.306640625,29400.306640625,29389.0,29393.556640625,2002410.0
1784143560,29392.677734375,29412.22265625,29390.47265625,29412.22265625,3391356.0
1784143620,29419.001953125,29433.623046875,29419.001953125,29430.869140625,1261335.0
1784143680,29426.8671875,29433.1015625,29426.73828125,29433.087890625,3416032.0
1784143740,29433.41015625,29440.51953125,29433.41015625,29439.287109375,1230309.0
1784143800,29445.044921875,29462.908203125,29445.044921875,29462.6171875,3582595.0
1784143860,29464.138671875,29468.4375,29457.603515625,29462.244140625,3362385.0
1784143920,29464.375,29465.708984375,29419.896484375,29419.896484375,3547278.0
1784143980,29419.572265625,29441.4921875,29419.572265625,29430.345703125,5631067.0
1784144040,29429.6953125,29432.10546875,29420.82421875,29424.279296875,1485766.0
1784144100,29424.87109375,29436.60546875,29415.318359375,29436.60546875,3655264.0
1784144160,29433.373046875,29443.890625,29431.34375,29443.890625,1070337.0
1784144220,29443.65234375,29448.22265625,29441.177734375,29444.62109375,2568557.0
1784144280,29444.869140625,29453.767578125,29444.869140625,29450.578125,2087912.0
1784144340,29452.31640625,29459.341796875,29452.31640625,29458.216796875,2351000.0
1784144400,29459.86328125,29475.712890625,29459.017578125,29474.560546875,3026000.0
1784144460,29475.076171875,29488.92578125,29475.076171875,29485.78125,2544000.0
1784144520,29484.4453125,29486.828125,29477.251953125,29486.828125,4309000.0
1784144580,29487.353515625,29494.60546875,29486.81640625,29486.81640625,1477000.0
1784144640,29487.833984375,29491.783203125,29485.611328125,29487.173828125,4256000.0
1784144700,29485.201171875,29487.37109375,29475.236328125,29475.236328125,2432000.0
1784144760,29476.41796875,29477.0390625,29462.314453125,29467.728515625,2809000.0
1784144820,29467.166015625,29467.91015625,29460.197265625,29461.892578125,4248000.0
1784144880,29463.71875,29463.71875,29454.33984375,29455.845703125,1930000.0
1784144940,29453.236328125,29459.974609375,29453.236328125,29457.580078125,2981000.0
1784145000,29481.310546875,29485.775390625,29465.2890625,29470.48046875,5219000.0
1784145060,29464.21875,29482.1796875,29464.21875,29478.2734375,6680000.0
1784145120,29478.43359375,29480.8125,29476.171875,29478.94921875,4175000.0
1784145180,29481.015625,29481.90625,29473.9140625,29481.810546875,4777000.0
1784145240,29480.6796875,29485.03515625,29463.669921875,29480.1875,9108000.0
1784145300,29498.84375,29507.54296875,29498.525390625,29506.55859375,3721000.0
1784145360,29507.146484375,29509.0,29502.126953125,29506.404296875,10297000.0
1784145420,29506.240234375,29506.240234375,29499.228515625,29505.2734375,3339000.0
1784145480,29502.955078125,29505.130859375,29500.826171875,29503.09375,6129000.0
1784145540,29502.515625,29509.71875,29493.49609375,29503.029296875,6469000.0
1784145600,29502.595703125,29502.595703125,29502.595703125,29502.595703125,0.0
1784145660,29320.3,29328.6,29317.6,29321.5,266.0
1784145720,29320.9,29330.5,29319.8,29320.9,256.0
1784145780,29320.6,29332.0,29316.4,29327.8,252.0
1784145840,29327.9,29329.8,29318.9,29319.3,250.0
1784145900,29321.0,29325.5,29314.5,29318.9,252.0
1784145960,29318.8,29343.3,29318.8,29336.3,258.0
1784146020,29335.4,29345.4,29334.1,29343.3,252.0
1784146080,29344.0,29353.4,29342.5,29342.8,260.0
1784146140,29343.1,29347.5,29339.4,29342.5,240.0
1784146200,29344.4,29348.9,29334.0,29348.9,240.0
1784146260,29349.0,29349.8,29333.8,29334.8,240.0
1784146320,29334.8,29351.9,29334.3,29351.4,238.0
1784146380,29351.3,29352.8,29338.0,29338.9,244.0
1784146440,29338.4,29339.8,29323.8,29324.9,253.0
1784146500,29324.8,29339.9,29320.0,29337.8,243.0
1784146560,29337.8,29340.0,29327.5,29336.0,248.0
1784146620,29336.1,29360.3,29333.8,29357.5,246.0
1784146680,29357.5,29373.3,29355.8,29369.5,219.0
1784146740,29369.3,29378.5,29369.3,29374.0,249.0
1784146800,29373.8,29386.6,29372.5,29372.5,248.0
1784146860,29369.5,29377.5,29360.3,29366.3,244.0
1784146920,29366.4,29380.6,29366.3,29380.1,238.0
1784146980,29379.8,29389.0,29375.5,29375.8,228.0
1784147040,29376.0,29385.3,29374.5,29380.8,250.0
1784147100,29380.3,29386.5,29380.0,29383.0,210.0
1784147160,29382.8,29387.5,29381.3,29381.8,217.0
1784147220,29381.8,29387.0,29375.5,29382.5,222.0
1784147280,29382.3,29385.0,29367.3,29372.0,230.0
1784147340,29372.3,29400.8,29371.1,29397.6,246.0
1784147400,29396.9,29415.3,29396.9,29407.5,255.0
1784147460,29407.4,29409.4,29397.5,29404.3,249.0
1784147520,29403.8,29410.4,29402.1,29408.0,259.0
1784147580,29408.1,29418.1,29405.3,29414.8,237.0
1784147640,29414.3,29418.9,29406.3,29412.8,234.0
1784147700,29412.5,29414.1,29401.5,29407.6,255.0
1784147760,29407.3,29419.5,29402.6,29414.8,233.0
1784147820,29414.5,29424.5,29412.3,29420.0,225.0
1784147880,29419.4,29421.8,29412.1,29417.3,230.0
1784147940,29417.9,29425.3,29417.6,29423.3,236.0
1784148000,29423.5,29428.1,29416.5,29419.0,240.0
1784148060,29418.5,29428.8,29418.4,29422.8,245.0
1784148120,29422.5,29423.3,29414.3,29414.8,234.0
1784148180,29415.5,29429.5,29413.3,29426.8,228.0
1784148240,29426.4,29428.8,29422.8,29427.1,221.0
1784148300,29426.8,29428.5,29418.3,29427.5,221.0
1784148360,29428.0,29454.3,29426.3,29450.9,256.0
1784148420,29450.3,29462.3,29450.0,29459.9,232.0
1784148480,29459.3,29462.5,29454.8,29461.3,230.0
1784148540,29461.3,29473.8,29456.8,29469.4,240.0
1784148600,29469.5,29472.8,29464.3,29466.6,251.0
1784148660,29467.5,29470.4,29461.6,29467.5,243.0
1784148720,29467.8,29490.5,29465.8,29489.1,237.0
1784148780,29488.5,29493.9,29482.3,29484.9,229.0
1784148840,29484.0,29497.4,29478.3,29493.1,243.0
1784148900,29493.6,29493.9,29485.8,29488.5,241.0
1784148960,29487.9,29489.0,29477.5,29482.3,238.0
1784149020,29482.3,29495.1,29478.1,29492.5,232.0
1784149080,29491.6,29496.5,29488.8,29490.8,227.0
1784149140,29491.0,29493.5,29472.5,29479.1,232.0
1784149200,29479.5,29489.1,29475.3,29485.8,242.0
1784149260,29486.0,29504.1,29485.8,29501.8,245.0
1784149320,29501.9,29503.3,29490.6,29502.0,243.0
1784149380,29502.0,29504.3,29497.0,29501.8,224.0
1784149440,29502.3,29504.5,29489.8,29493.8,223.0
1784149500,29492.8,29506.0,29490.3,29505.5,241.0
1784149560,29505.5,29517.0,29505.5,29515.5,238.0
1784149620,29515.6,29516.6,29505.5,29510.3,237.0
1784149680,29510.4,29511.9,29505.6,29509.9,219.0
1784149740,29509.8,29513.5,29505.6,29511.4,204.0
1784149800,29511.8,29519.0,29510.3,29517.4,227.0
1784149860,29517.4,29521.5,29513.3,29520.5,233.0
1784149920,29520.6,29521.1,29510.1,29515.3,224.0
1784149980,29515.0,29522.1,29511.6,29518.5,235.0
1784150040,29517.9,29519.5,29508.0,29508.6,239.0
1784150100,29508.9,29508.9,29495.1,29497.5,253.0
1784150160,29497.8,29498.6,29485.8,29485.8,248.0
1784150220,29485.6,29497.3,29485.3,29492.8,233.0
1784150280,29493.0,29493.9,29478.1,29489.5,237.0
1784150340,29489.4,29502.0,29488.9,29497.9,229.0
1784150400,29498.1,29511.8,29496.0,29508.3,244.0
1784150460,29506.8,29524.4,29505.8,29522.6,228.0
1784150520,29522.9,29526.0,29518.4,29521.0,229.0
1784150580,29521.9,29535.1,29521.4,29531.8,226.0
1784150640,29531.3,29534.8,29528.0,29528.9,232.0
1784150700,29528.9,29530.4,29520.3,29525.5,220.0
1784150760,29525.0,29527.5,29520.8,29526.4,218.0
1784150820,29526.4,29528.9,29523.5,29527.5,205.0
1784150880,29527.5,29530.0,29523.0,29525.5,210.0
1784150940,29525.6,29525.6,29512.3,29517.4,220.0
1784151000,29517.8,29522.4,29510.9,29513.6,218.0
1784151060,29513.3,29520.1,29512.3,29519.4,221.0
1784151120,29519.5,29527.4,29517.5,29526.6,230.0
1784151180,29526.5,29527.6,29516.4,29517.4,229.0
1784151240,29517.4,29523.5,29514.8,29515.8,211.0
1784151300,29515.5,29515.9,29502.0,29505.5,244.0
1784151360,29505.1,29506.1,29490.3,29495.5,258.0
1784151420,29495.0,29499.8,29488.9,29499.3,231.0
1784151480,29499.3,29499.4,29484.6,29487.5,226.0
1784151540,29487.6,29492.6,29480.6,29481.6,211.0
1784151600,29481.8,29486.5,29476.9,29485.6,227.0
1784151660,29486.0,29492.4,29484.9,29487.6,226.0
1784151720,29487.8,29495.8,29468.5,29470.0,241.0
1784151780,29470.0,29474.5,29462.9,29468.8,245.0
1784151840,29468.6,29471.0,29451.3,29455.5,240.0
1784151900,29455.5,29455.5,29442.1,29448.6,256.0
1784151960,29449.5,29458.0,29428.6,29428.6,235.0
1784152020,29434.1,29451.1,29434.1,29444.0,269.0
1784152080,29443.8,29447.6,29437.9,29445.8,252.0
1784152140,29445.3,29452.3,29435.0,29435.0,250.0
1784152200,29434.6,29441.0,29425.5,29438.3,248.0
1784152260,29438.5,29441.0,29401.6,29409.3,257.0
1784152320,29410.1,29416.3,29405.0,29411.0,248.0
1784152380,29410.9,29413.1,29397.1,29405.5,254.0
1784152440,29406.1,29422.0,29402.3,29417.6,241.0
1784152500,29417.9,29427.6,29414.3,29420.9,252.0
1784152560,29420.6,29421.0,29401.5,29406.9,245.0
1784152620,29407.0,29417.8,29406.5,29417.0,238.0
1784152680,29416.5,29428.3,29388.5,29395.0,257.0
1784152740,29395.8,29406.1,29392.3,29405.6,237.0
1784152800,29405.6,29410.8,29398.0,29403.9,267.0
1784152860,29402.8,29417.4,29399.8,29417.4,267.0
1784152920,29417.0,29438.4,29415.9,29437.0,239.0
1784152980,29436.8,29448.6,29434.5,29439.5,259.0
1784153040,29438.8,29454.3,29437.0,29449.0,260.0
1784153100,29449.4,29451.1,29434.9,29446.5,251.0
1784153160,29447.1,29461.6,29443.8,29454.9,238.0
1784153220,29454.5,29458.5,29439.3,29444.0,245.0
1784153280,29443.8,29446.3,29425.6,29434.0,250.0
1784153340,29434.8,29440.0,29425.0,29429.8,240.0
1784153400,29429.6,29444.6,29424.0,29442.3,240.0
1784153460,29442.1,29443.1,29424.0,29426.6,248.0
1784153520,29427.3,29448.3,29424.9,29440.4,255.0
1784153580,29439.8,29445.4,29431.8,29436.3,244.0
1784153640,29436.9,29442.0,29432.5,29437.0,232.0
1784153700,29436.5,29441.5,29423.6,29433.8,254.0
1784153760,29433.9,29434.3,29425.0,29429.8,245.0
1784153820,29430.4,29433.1,29421.9,29425.9,227.0
1784153880,29426.3,29427.8,29420.8,29422.4,241.0
1784153940,29422.1,29427.1,29409.8,29410.0,245.0
1784154000,29409.5,29411.3,29387.3,29398.3,270.0
1784154060,29398.8,29401.5,29392.5,29397.5,249.0
1784154120,29397.5,29398.3,29385.0,29391.6,262.0
1784154180,29390.6,29398.4,29388.6,29397.5,249.0
1784154240,29398.5,29402.8,29392.3,29395.3,230.0
1784154300,29395.4,29396.8,29382.5,29391.0,237.0
1784154360,29390.8,29408.4,29385.9,29407.4,255.0
1784154420,29407.9,29429.5,29407.9,29420.0,261.0
1784154480,29419.5,29428.4,29417.6,29426.6,252.0
1784154540,29428.0,29435.4,29424.4,29435.4,242.0
1784154600,29437.6,29455.9,29433.8,29453.1,264.0
1784154660,29452.6,29460.5,29444.8,29455.0,265.0
1784154720,29455.5,29457.0,29405.3,29408.9,263.0
1784154780,29410.5,29434.9,29409.5,29420.8,274.0
1784154840,29420.8,29423.6,29407.4,29415.6,266.0
1784154900,29417.0,29429.9,29401.9,29425.6,272.0
1784154960,29425.4,29434.8,29420.4,29434.0,260.0
1784155020,29433.8,29438.5,29428.5,29436.9,271.0
1784155080,29436.9,29445.9,29435.3,29440.6,260.0
1784155140,29440.5,29451.4,29439.9,29449.6,243.0
1784155200,29448.9,29466.3,29446.5,29463.8,247.0
1784155260,29463.3,29479.3,29462.9,29473.4,245.0
1784155320,29473.5,29478.1,29465.5,29475.5,241.0
1784155380,29476.0,29488.0,29475.4,29478.5,239.0
1784155440,29478.1,29482.8,29475.8,29476.8,227.0
1784155500,29476.8,29480.0,29466.1,29466.1,259.0
1784155560,29466.5,29469.8,29451.9,29458.1,237.0
1784155620,29458.5,29461.0,29449.0,29452.8,235.0
1784155680,29452.9,29455.3,29442.5,29442.5,243.0
1784155740,29442.4,29450.9,29441.8,29447.1,240.0
1784155800,29447.4,29482.6,29447.4,29460.1,252.0
1784155860,29461.1,29472.9,29454.5,29466.9,264.0
1784155920,29466.8,29472.1,29464.9,29468.6,262.0
1784155980,29470.6,29474.3,29462.5,29470.3,252.0
1784156040,29469.4,29475.3,29451.5,29473.0,254.0
1784156100,29482.3,29498.4,29478.4,29494.9,249.0
1784156160,29494.6,29497.0,29488.9,29495.5,242.0
1784156220,29495.3,29496.0,29486.8,29493.5,224.0
1784156280,29492.8,29493.6,29488.8,29489.4,223.0
1784156340,29489.4,29499.0,29478.9,29494.6,259.0
1784156400,29498.9,29508.1,29487.5,29500.8,253.0
1784156460,29500.3,29514.5,29497.1,29514.5,236.0
1784156520,29514.6,29527.3,29511.3,29521.0,213.0
1784156580,29520.9,29529.8,29513.4,29529.0,209.0
1784156640,29529.0,29529.0,29514.1,29517.8,198.0
1784156700,29517.6,29521.4,29511.3,29521.3,180.0
1784156760,29521.3,29523.4,29510.0,29513.5,193.0
1784156820,29513.0,29516.5,29510.9,29512.3,140.0
1784156880,29512.0,29512.0,29501.1,29506.6,166.0
1784156940,29506.4,29509.0,29458.1,29483.1,189.0
1784157000,29481.0,29495.9,29479.3,29491.0,212.0
1784157060,29491.0,29494.1,29489.4,29491.9,137.0
1784157120,29491.9,29495.0,29490.0,29491.0,155.0
1784157180,29490.9,29493.8,29484.0,29486.1,155.0
1784157240,29487.5,29496.1,29483.8,29494.6,172.0
1784157300,29495.1,29496.5,29488.9,29490.0,172.0
1784157360,29490.5,29498.3,29489.8,29493.8,142.0
1784157420,29493.8,29495.1,29492.8,29492.8,139.0
1784157480,29492.9,29499.0,29492.5,29497.9,129.0
1784157540,29497.9,29504.8,29497.4,29504.4,135.0
1784157600,29504.3,29510.3,29501.9,29508.6,108.0
1784157660,29508.4,29512.3,29507.5,29512.3,122.0
1784157720,29512.3,29512.3,29508.9,29509.8,86.0
1784157780,29509.8,29512.0,29508.4,29508.5,99.0
1784157840,29508.5,29510.9,29505.1,29510.9,103.0
1784157900,29510.9,29512.9,29509.1,29510.1,86.0
1784157960,29509.6,29512.1,29507.5,29509.8,65.0
1784158020,29509.8,29510.6,29507.0,29508.1,65.0
1784158080,29508.1,29509.8,29506.5,29507.0,94.0
1784158140,29506.8,29512.8,29505.4,29511.5,116.0
1784158200,29511.4,29511.8,29507.5,29508.6,93.0
1784158260,29508.6,29509.3,29506.0,29506.1,68.0
1784158320,29506.0,29507.1,29503.4,29504.1,89.0
1784158380,29504.1,29506.0,29500.9,29502.4,86.0
1784158440,29502.3,29505.4,29498.4,29499.8,72.0
1784158500,29499.8,29504.3,29499.8,29503.3,85.0
1784158560,29503.3,29505.6,29502.4,29503.3,87.0
1784158620,29503.4,29505.4,29501.8,29505.0,88.0
1784158680,29505.0,29508.4,29503.6,29507.5,75.0
1784158740,29507.9,29509.0,29506.0,29506.8,79.0
1784158800,29506.8,29507.9,29504.1,29506.1,88.0
1784158860,29506.3,29508.3,29505.6,29507.6,97.0
1784158920,29507.6,29508.9,29506.3,29507.8,68.0
1784158980,29507.8,29509.3,29506.6,29508.1,58.0
1784159040,29508.0,29509.5,29507.9,29508.9,71.0
1784159100,29508.9,29512.0,29508.9,29510.0,70.0
1784159160,29510.3,29512.4,29509.1,29512.4,66.0
1784159220,29512.4,29512.6,29508.9,29511.3,65.0
1784159280,29511.3,29512.5,29509.6,29509.8,75.0
1784159340,29509.8,29512.5,29509.1,29511.4,84.0
1784159400,29511.4,29512.3,29508.4,29510.5,92.0
1784159460,29510.6,29511.5,29509.1,29510.5,73.0
1784159520,29510.8,29510.8,29506.0,29506.8,85.0
1784159580,29506.8,29506.8,29504.9,29505.0,72.0
1784159640,29505.1,29506.9,29505.0,29505.6,98.0
1784159700,29505.6,29506.8,29501.4,29505.9,121.0
1784159760,29506.0,29508.5,29505.6,29508.4,71.0
1784159820,29508.6,29508.6,29505.9,29507.1,101.0
1784159880,29507.3,29508.6,29504.5,29508.3,92.0
1784163600,29507.6,29516.5,29507.6,29513.3,116.0
1784163660,29513.3,29527.1,29506.1,29526.5,148.0
1784163720,29526.2,29536.6,29525.3,29528.5,155.0
1784163780,29528.7,29537.3,29528.2,29533.3,125.0
1784163840,29533.3,29534.2,29527.3,29531.0,108.0
1784163900,29531.0,29540.5,29530.8,29537.8,146.0
1784163960,29537.8,29544.8,29537.8,29544.6,137.0
1784164020,29544.5,29544.7,29531.6,29535.0,136.0
1784164080,29535.1,29538.3,29533.0,29533.3,114.0
1784164140,29533.3,29537.0,29532.0,29534.1,101.0
1784164200,29533.8,29535.7,29529.2,29534.3,121.0
1784164260,29534.3,29536.0,29531.1,29535.1,95.0
1784164320,29535.1,29535.1,29529.2,29530.6,104.0
1784164380,29530.6,29534.6,29528.6,29533.0,81.0
1784164440,29532.5,29532.8,29522.6,29524.6,95.0
1784164500,29524.6,29525.3,29523.2,29523.7,67.0
1784164560,29523.7,29524.8,29519.0,29520.6,78.0
1784164620,29520.8,29525.8,29520.6,29523.1,64.0
1784164680,29523.0,29523.1,29519.1,29519.8,85.0
1784164740,29519.7,29522.3,29517.3,29517.3,69.0
1784164800,29517.1,29521.0,29515.8,29520.3,95.0
1784164860,29520.3,29521.2,29519.0,29520.1,62.0
1784164920,29520.1,29520.7,29514.6,29517.1,94.0
1784164980,29517.1,29517.2,29506.6,29514.1,87.0
1784165040,29514.1,29514.1,29509.5,29511.1,118.0
1784165100,29511.1,29512.7,29509.1,29512.3,99.0
1784165160,29512.5,29515.1,29510.6,29514.3,76.0
1784165220,29514.3,29516.0,29511.7,29512.2,66.0
1784165280,29512.2,29512.8,29510.3,29512.6,63.0
1784165340,29512.5,29513.8,29510.2,29513.1,76.0
1784165400,29513.2,29517.6,29509.8,29511.8,89.0
1784165460,29511.8,29512.6,29505.1,29507.6,90.0
1784165520,29507.6,29513.0,29505.7,29511.5,106.0
1784165580,29511.5,29512.6,29506.6,29507.1,68.0
1784165640,29507.0,29508.5,29503.2,29504.5,99.0
1784165700,29504.3,29505.8,29500.0,29501.6,100.0
1784165760,29501.6,29501.7,29486.3,29491.0,130.0
1784165820,29491.0,29492.0,29488.1,29491.8,100.0
1784165880,29491.8,29491.8,29485.7,29487.7,105.0
1784165940,29487.7,29488.8,29486.0,29486.7,109.0
1784166000,29486.8,29487.6,29485.3,29487.3,75.0
1784166060,29487.8,29488.6,29485.6,29485.8,104.0
1784166120,29486.3,29486.7,29483.3,29485.2,101.0
1784166180,29485.2,29490.8,29484.6,29490.3,87.0
1784166240,29490.3,29492.1,29480.6,29481.5,105.0
1784166300,29481.5,29495.3,29481.2,29495.3,129.0
1784166360,29495.3,29496.0,29493.0,29493.6,74.0
1784166420,29493.5,29494.2,29489.0,29490.2,85.0
1784166480,29490.2,29490.8,29488.0,29488.0,85.0
1784166540,29488.0,29488.0,29477.7,29479.1,115.0
1784166600,29478.1,29490.1,29478.0,29484.8,101.0
1784166660,29484.8,29485.0,29481.1,29482.7,81.0
1784166720,29482.8,29482.8,29477.2,29481.1,81.0
1784166780,29481.1,29482.7,29480.0,29480.6,79.0
1784166840,29480.6,29509.2,29480.6,29487.0,162.0
1784166900,29487.0,29488.8,29474.5,29483.2,145.0
1784166960,29483.1,29516.6,29482.5,29515.0,148.0
1784167020,29516.8,29519.0,29505.8,29516.1,137.0
1784167080,29515.8,29516.2,29509.2,29509.6,127.0
1784167140,29509.6,29518.3,29508.5,29513.7,104.0
1784167200,29513.7,29522.1,29508.5,29516.1,111.0
1784167260,29516.1,29521.1,29513.7,29520.2,120.0
1784167320,29520.5,29525.2,29518.7,29524.7,124.0
1784167380,29524.7,29525.1,29520.6,29524.7,100.0
1784167440,29524.7,29525.0,29519.7,29521.7,70.0
1784167500,29521.8,29522.2,29508.5,29509.2,95.0
1784167560,29509.2,29512.6,29508.1,29512.2,70.0
1784167620,29512.1,29512.6,29507.0,29510.6,69.0
1784167680,29510.6,29512.6,29509.0,29511.8,67.0
1784167740,29511.8,29517.5,29510.2,29517.1,87.0
1784167800,29516.7,29520.1,29516.7,29516.8,59.0
1784167860,29516.8,29524.5,29516.7,29523.7,62.0
1784167920,29523.7,29532.3,29520.8,29530.3,88.0
1784167980,29530.3,29530.5,29519.3,29519.5,85.0
1784168040,29519.5,29519.7,29514.5,29516.3,70.0
1784168100,29516.2,29516.2,29506.7,29509.5,91.0
1784168160,29510.1,29512.1,29503.6,29505.1,111.0
1784168220,29505.1,29507.7,29499.7,29499.7,66.0
1784168280,29500.0,29503.5,29494.8,29498.6,111.0
1784168340,29498.6,29504.5,29498.6,29501.5,106.0
1784168400,29501.3,29501.3,29496.5,29500.3,63.0
1784168460,29500.5,29513.5,29500.5,29508.5,99.0
1784168520,29508.5,29509.1,29505.1,29507.5,54.0
1784168580,29507.3,29507.3,29503.5,29504.7,57.0
1784168640,29504.7,29504.8,29496.3,29503.8,87.0
1784168700,29503.8,29504.5,29497.5,29497.5,76.0
1784168760,29497.5,29514.2,29492.5,29512.8,80.0
1784168820,29512.3,29519.3,29512.3,29518.3,110.0
1784168880,29518.2,29520.3,29516.3,29516.7,74.0
1784168940,29516.7,29517.6,29513.6,29513.7,85.0
1784169000,29513.6,29518.3,29513.0,29513.2,88.0
1784169060,29513.2,29516.1,29509.8,29511.0,90.0
1784169120,29511.0,29515.6,29510.2,29515.5,65.0
1784169180,29515.5,29528.0,29515.5,29528.0,112.0
1784169240,29527.7,29529.5,29524.1,29526.8,95.0
1784169300,29526.5,29527.3,29525.1,29525.1,79.0
1784169360,29525.1,29525.1,29522.6,29523.0,67.0
1784169420,29523.0,29524.5,29520.3,29520.6,72.0
1784169480,29520.6,29521.2,29513.6,29513.6,66.0
1784169540,29513.6,29514.6,29501.0,29502.2,73.0
1784169600,29502.2,29504.8,29501.3,29503.5,88.0
1784169660,29503.3,29503.3,29497.2,29499.3,82.0
1784169720,29499.0,29500.6,29498.0,29500.6,79.0
1784169780,29500.6,29513.7,29497.2,29511.0,70.0
1784169840,29510.8,29520.3,29510.7,29517.3,115.0
1784169900,29517.5,29523.6,29513.2,29519.3,179.0
1784169960,29519.2,29519.3,29510.3,29510.5,161.0
1784170020,29510.6,29510.6,29501.0,29504.6,157.0
1784170080,29504.6,29508.0,29502.0,29504.0,128.0
1784170140,29504.0,29504.7,29487.7,29489.5,146.0
1784170200,29489.5,29494.1,29485.2,29494.1,166.0
1784170260,29494.6,29501.1,29488.2,29488.6,153.0
1784170320,29488.6,29495.0,29486.5,29487.8,154.0
1784170380,29486.0,29490.6,29485.0,29489.0,131.0
1784170440,29488.8,29489.7,29485.2,29489.1,146.0
1784170500,29489.2,29501.1,29485.0,29495.6,133.0
1784170560,29495.7,29498.1,29492.8,29497.0,99.0
1784170620,29497.0,29497.0,29485.1,29487.0,146.0
1784170680,29487.1,29489.6,29482.2,29482.7,134.0
1784170740,29482.7,29491.3,29479.1,29487.2,154.0
1784170800,29486.2,29497.7,29479.7,29490.7,263.0
1784170860,29491.5,29516.0,29491.5,29513.8,236.0
1784170920,29513.3,29539.8,29513.3,29534.0,230.0
1784170980,29532.7,29541.1,29519.3,29524.1,227.0
1784171040,29524.2,29537.2,29519.6,29537.1,218.0
1784171100,29537.2,29541.7,29527.6,29529.7,232.0
1784171160,29530.1,29530.5,29516.5,29524.2,240.0
1784171220,29525.5,29531.3,29517.5,29520.8,229.0
1784171280,29520.8,29533.8,29518.2,29524.2,205.0
1784171340,29524.8,29539.8,29520.6,29528.7,219.0
1784171400,29528.0,29537.5,29523.6,29525.3,217.0
1784171460,29525.5,29532.3,29524.1,29525.1,221.0
1784171520,29525.0,29531.8,29518.7,29527.7,202.0
1784171580,29527.7,29546.5,29527.5,29541.8,213.0
1784171640,29541.7,29553.3,29539.8,29551.2,221.0
1784171700,29551.2,29558.8,29532.2,29532.2,234.0
1784171760,29533.3,29534.5,29509.5,29512.0,234.0
1784171820,29512.7,29517.5,29507.3,29511.1,231.0
1784171880,29511.1,29511.8,29498.2,29500.5,217.0
1784171940,29500.5,29503.8,29492.0,29492.6,192.0
1784172000,29492.8,29498.0,29480.6,29496.6,239.0
1784172060,29496.8,29501.7,29490.2,29499.0,241.0
1784172120,29498.7,29500.1,29487.0,29494.0,230.0
1784172180,29493.5,29499.5,29489.7,29490.7,235.0
1784172240,29489.5,29494.7,29482.5,29489.6,221.0
1784172300,29488.8,29498.8,29486.2,29496.2,217.0
1784172360,29496.7,29497.0,29471.3,29473.7,228.0
1784172420,29473.5,29474.8,29459.1,29463.3,217.0
1784172480,29462.1,29482.5,29460.6,29475.8,238.0
1784172540,29475.7,29476.2,29462.5,29466.3,211.0
1784172600,29466.2,29473.2,29453.8,29473.2,240.0
1784172660,29472.3,29475.2,29453.7,29454.1,241.0
1784172720,29454.6,29456.3,29450.0,29451.0,215.0
1784172780,29451.1,29474.8,29451.1,29470.0,210.0
1784172840,29469.7,29492.2,29466.8,29490.2,228.0
1784172900,29490.1,29490.5,29472.1,29481.8,240.0
1784172960,29482.0,29484.5,29459.1,29462.7,241.0
1784173020,29462.7,29467.5,29455.2,29457.7,197.0
1784173080,29457.7,29461.7,29450.0,29450.0,222.0
1784173140,29450.5,29456.7,29448.8,29450.8,217.0
1784173200,29451.1,29451.5,29439.7,29443.8,203.0
1784173260,29443.8,29445.6,29436.3,29441.0,200.0
1784173320,29441.0,29442.3,29428.5,29428.7,182.0
1784173380,29429.6,29437.0,29424.5,29433.5,218.0
1784173440,29433.7,29434.0,29423.6,29423.6,181.0
1784173500,29423.6,29429.1,29418.6,29420.2,222.0
1784173560,29420.8,29428.7,29420.2,29427.2,228.0
1784173620,29427.1,29444.1,29425.3,29430.8,198.0
1784173680,29431.3,29435.6,29423.7,29434.1,179.0
1784173740,29434.1,29447.7,29434.0,29445.8,197.0
1784173800,29446.5,29447.3,29425.1,29426.2,230.0
1784173860,29426.3,29443.7,29424.6,29443.0,228.0
1784173920,29443.6,29473.5,29443.0,29466.0,235.0
1784173980,29466.5,29467.8,29460.3,29461.3,228.0
1784174040,29461.6,29464.7,29450.2,29450.6,232.0
1784174100,29451.0,29453.7,29439.3,29443.8,218.0
1784174160,29443.6,29451.6,29433.7,29451.2,225.0
1784174220,29451.2,29452.5,29442.6,29449.7,229.0
1784174280,29449.7,29453.7,29440.0,29445.1,231.0
1784174340,29445.2,29448.7,29438.3,29448.1,226.0
1784174400,29450.6,29461.8,29443.7,29450.0,252.0
1784174460,29449.8,29454.1,29429.3,29436.3,264.0
1784174520,29437.2,29445.6,29432.6,29436.1,238.0
1784174580,29436.2,29456.6,29435.1,29456.6,228.0
1784174640,29456.2,29461.5,29449.6,29456.6,238.0
1784174700,29456.2,29464.3,29448.6,29448.6,243.0
1784174760,29447.6,29451.0,29440.1,29445.2,228.0
1784174820,29444.7,29451.1,29440.5,29445.2,239.0
1784174880,29445.5,29461.5,29442.1,29455.1,241.0
1784174940,29455.1,29461.2,29446.7,29452.7,219.0
1784175000,29453.0,29456.0,29437.5,29440.5,240.0
1784175060,29440.3,29443.0,29432.0,29432.0,223.0
1784175120,29431.0,29431.5,29421.1,29423.2,218.0
1784175180,29423.2,29424.3,29412.3,29420.6,201.0
1784175240,29421.3,29428.8,29418.1,29422.6,225.0
1784175300,29422.7,29426.3,29412.5,29418.8,235.0
1784175360,29418.8,29419.6,29407.7,29414.1,225.0
1784175420,29415.5,29415.5,29405.5,29406.8,211.0
1784175480,29406.8,29407.0,29399.5,29404.8,205.0
1784175540,29405.6,29407.6,29398.8,29399.7,227.0
1784175600,29399.6,29409.6,29398.3,29408.3,233.0
1784175660,29408.2,29424.6,29405.6,29405.6,216.0
1784175720,29405.5,29409.2,29401.7,29404.6,200.0
1784175780,29404.5,29411.7,29402.7,29411.2,180.0
1784175840,29411.2,29414.2,29404.0,29409.3,186.0
1784175900,29409.1,29414.6,29401.5,29407.6,192.0
1784175960,29407.0,29417.5,29402.2,29412.0,212.0
1784176020,29411.5,29413.3,29404.0,29404.0,235.0
1784176080,29404.0,29418.3,29402.0,29410.6,220.0
1784176140,29410.6,29411.5,29399.3,29401.5,213.0
1784176200,29400.1,29408.3,29395.3,29405.1,253.0
1784176260,29405.2,29414.8,29401.8,29405.7,253.0
1784176320,29406.0,29412.2,29402.1,29402.2,241.0
1784176380,29402.1,29402.3,29392.3,29393.0,222.0
1784176440,29393.5,29405.7,29390.8,29405.7,232.0
1784176500,29405.8,29417.1,29405.5,29415.2,240.0
1784176560,29415.0,29429.0,29412.5,29424.3,223.0
1784176620,29424.3,29427.3,29413.3,29426.6,241.0
1784176680,29426.3,29430.5,29418.7,29419.5,241.0
1784176740,29419.2,29438.2,29418.1,29432.1,238.0
1784176800,29432.1,29441.2,29430.2,29434.0,247.0
1784176860,29434.3,29442.3,29433.7,29433.8,225.0
1784176920,29433.6,29433.6,29414.3,29418.1,222.0
1784176980,29418.1,29420.8,29412.8,29415.7,223.0
1784177040,29415.7,29418.7,29404.2,29411.1,226.0
1784177100,29411.0,29420.6,29408.7,29420.5,230.0
1784177160,29420.5,29440.7,29415.5,29440.7,201.0
1784177220,29440.6,29448.6,29440.6,29445.1,245.0
1784177280,29444.7,29458.6,29441.7,29458.5,231.0
1784177340,29458.6,29474.1,29457.3,29471.8,225.0
1784177400,29472.8,29479.0,29467.6,29473.6,237.0
1784177460,29473.5,29477.0,29454.8,29456.7,213.0
1784177520,29456.8,29470.8,29453.7,29470.3,232.0
1784177580,29470.3,29470.3,29453.3,29455.1,217.0
1784177640,29455.1,29476.2,29453.3,29467.1,210.0
1784177700,29466.7,29480.7,29466.7,29479.7,221.0
1784177760,29480.0,29482.7,29469.1,29469.8,221.0
1784177820,29469.8,29469.8,29452.2,29452.8,204.0
1784177880,29452.6,29453.5,29442.0,29444.1,208.0
1784177940,29443.6,29450.7,29438.1,29446.2,199.0
1784178000,29447.7,29449.0,29435.6,29439.0,208.0
1784178060,29438.5,29443.6,29428.5,29433.1,224.0
1784178120,29431.7,29431.7,29423.0,29427.1,204.0
1784178180,29427.6,29430.3,29417.5,29419.3,207.0
1784178240,29420.1,29427.5,29418.7,29421.2,204.0
1784178300,29421.0,29427.1,29418.3,29422.5,218.0
1784178360,29422.2,29428.0,29419.1,29425.0,208.0
1784178420,29425.0,29429.8,29424.6,29426.7,196.0
1784178480,29427.3,29436.0,29427.1,29431.0,215.0
1784178540,29431.0,29431.6,29417.8,29419.0,200.0
1784178600,29418.8,29424.8,29417.0,29422.2,202.0
1784178660,29422.3,29435.0,29422.3,29432.3,219.0
1784178720,29432.2,29438.6,29427.3,29431.2,198.0
1784178780,29430.7,29434.0,29425.7,29427.0,177.0
1784178840,29427.0,29435.8,29426.3,29435.8,197.0
1784178900,29435.8,29446.2,29435.0,29441.5,204.0
1784178960,29441.3,29441.3,29432.2,29435.2,185.0
1784179020,29435.2,29449.5,29430.7,29449.2,184.0
1784179080,29449.1,29458.8,29447.1,29455.3,202.0
1784179140,29455.3,29465.1,29452.6,29464.6,174.0
1784179200,29464.6,29467.7,29456.5,29463.2,191.0
1784179260,29462.5,29467.3,29460.0,29465.0,207.0
1784179320,29465.0,29474.5,29462.5,29474.2,206.0
1784179380,29474.2,29485.3,29473.3,29484.8,205.0
1784179440,29485.5,29491.6,29481.5,29489.0,204.0
1784179500,29489.5,29493.1,29484.7,29490.8,212.0
1784179560,29491.1,29495.5,29488.6,29493.8,208.0
1784179620,29494.1,29502.0,29482.0,29488.1,207.0
1784179680,29488.0,29488.0,29481.2,29486.5,185.0
1784179740,29486.5,29493.3,29486.0,29492.8,201.0
1784179800,29492.6,29494.6,29485.8,29489.8,198.0
1784179860,29490.0,29491.3,29483.6,29483.6,196.0
1784179920,29483.3,29492.0,29483.2,29486.8,185.0
1784179980,29486.8,29499.8,29486.5,29494.2,170.0
1784180040,29494.2,29496.6,29491.6,29494.6,187.0
1784180100,29494.3,29502.7,29494.3,29497.3,199.0
1784180160,29497.2,29502.8,29496.6,29500.1,194.0
1784180220,29499.6,29502.8,29492.5,29492.6,164.0
1784180280,29492.0,29498.3,29491.1,29493.0,205.0
1784180340,29492.7,29496.6,29487.0,29493.3,185.0
1784180400,29494.2,29495.6,29489.3,29495.6,171.0
1784180460,29495.7,29496.8,29484.7,29486.3,190.0
1784180520,29486.5,29487.7,29477.1,29481.7,191.0
1784180580,29481.7,29490.3,29475.6,29475.7,178.0
1784180640,29475.7,29476.8,29469.2,29474.8,185.0
1784180700,29475.0,29485.8,29472.0,29482.6,192.0
1784180760,29482.2,29489.2,29482.1,29486.0,159.0
1784180820,29486.0,29487.7,29482.3,29487.7,177.0
1784180880,29487.7,29492.6,29485.7,29492.2,170.0
1784180940,29491.8,29514.0,29491.1,29498.7,192.0
1784181000,29498.8,29504.5,29496.3,29498.6,195.0
1784181060,29498.8,29502.7,29496.2,29501.1,184.0
1784181120,29501.1,29504.8,29497.7,29504.6,188.0
1784181180,29504.6,29515.2,29503.6,29514.5,160.0
1784181240,29514.5,29519.5,29514.5,29517.6,189.0
1784181300,29517.6,29523.0,29515.3,29522.2,170.0
1784181360,29522.3,29523.2,29519.3,29519.3,175.0
1784181420,29519.3,29523.3,29519.0,29522.7,162.0
1784181480,29522.7,29531.5,29522.2,29531.0,160.0
1784181540,29531.1,29531.8,29524.0,29524.0,184.0
1784181600,29523.0,29526.0,29517.7,29522.0,189.0
1784181660,29521.5,29526.0,29520.1,29523.3,159.0
1784181720,29523.3,29527.3,29521.0,29526.7,150.0
1784181780,29526.8,29529.3,29524.3,29526.2,154.0
1784181840,29526.2,29527.0,29522.3,29524.8,148.0
1784181900,29524.7,29539.5,29524.2,29539.5,159.0
1784181960,29539.8,29544.0,29533.2,29537.2,180.0
1784182020,29537.2,29537.5,29533.7,29536.7,123.0
1784182080,29536.7,29544.5,29536.1,29544.3,176.0
1784182140,29543.7,29546.0,29542.0,29545.5,173.0
1784182200,29545.5,29546.5,29539.6,29542.2,172.0
1784182260,29540.0,29548.0,29538.0,29544.8,173.0
1784182320,29545.0,29546.2,29541.0,29541.2,159.0
1784182380,29541.6,29545.5,29540.8,29545.2,132.0
1784182440,29545.2,29547.6,29539.5,29545.7,156.0
1784182500,29545.7,29546.5,29541.0,29543.0,122.0
1784182560,29542.8,29547.5,29540.7,29540.7,129.0
1784182620,29540.6,29541.2,29528.5,29528.6,139.0
1784182680,29528.2,29528.2,29521.0,29526.5,147.0
1784182740,29526.6,29526.6,29515.2,29518.3,137.0
1784182800,29518.3,29523.1,29516.0,29516.1,155.0
1784182860,29516.1,29521.1,29513.0,29520.3,162.0
1784182920,29520.2,29527.7,29517.2,29525.7,173.0
1784182980,29525.7,29525.7,29518.2,29519.8,149.0
1784183040,29519.8,29520.2,29510.3,29513.1,157.0
1784183100,29513.3,29515.3,29512.1,29513.1,163.0
1784183160,29513.2,29516.6,29513.0,29514.6,147.0
1784183220,29514.6,29514.6,29509.2,29510.0,160.0
1784183280,29510.0,29515.6,29507.0,29515.6,147.0
1784183340,29515.6,29516.5,29509.2,29512.7,147.0
1784183400,29513.5,29530.6,29510.2,29530.3,241.0
1784183460,29530.5,29541.2,29529.7,29534.1,230.0
1784183520,29534.1,29538.6,29527.8,29531.3,206.0
1784183580,29531.1,29537.2,29527.2,29536.6,202.0
1784183640,29536.8,29538.7,29533.0,29536.6,199.0
1784183700,29536.2,29542.8,29531.8,29540.8,216.0
1784183760,29540.8,29540.8,29522.5,29523.1,183.0
1784183820,29522.2,29529.2,29520.5,29526.7,172.0
1784183880,29526.7,29527.7,29522.6,29522.8,199.0
1784183940,29523.0,29525.6,29516.2,29516.2,166.0
1784184000,29516.2,29531.5,29516.2,29524.1,203.0
1784184060,29524.0,29525.6,29520.6,29522.7,189.0
1784184120,29522.8,29523.0,29517.0,29518.5,189.0
1784184180,29518.6,29521.7,29515.3,29518.6,191.0
1784184240,29518.3,29520.5,29514.5,29517.2,187.0
1784184300,29517.2,29520.2,29507.0,29508.7,166.0
1784184360,29508.7,29512.8,29507.0,29509.6,171.0
1784184420,29509.3,29516.8,29506.6,29513.1,158.0
1784184480,29513.2,29515.1,29505.2,29513.0,150.0
1784184540,29513.1,29513.7,29504.3,29504.7,129.0
1784184600,29504.7,29520.8,29503.3,29519.8,178.0
1784184660,29519.5,29521.7,29511.7,29515.3,186.0
1784184720,29515.5,29522.8,29515.5,29518.7,165.0
1784184780,29518.7,29520.3,29516.2,29517.3,127.0
1784184840,29517.5,29528.7,29517.5,29524.3,166.0
1784184900,29524.2,29528.3,29521.8,29523.0,134.0
1784184960,29523.0,29528.1,29521.6,29527.0,148.0
1784185020,29527.0,29527.6,29522.1,29524.0,141.0
1784185080,29524.1,29534.7,29523.3,29533.8,126.0
1784185140,29534.2,29540.0,29534.0,29540.0,124.0
1784185200,29540.7,29545.1,29537.7,29542.5,167.0
1784185260,29542.8,29544.6,29536.1,29540.3,179.0
1784185320,29540.7,29544.3,29538.2,29541.3,165.0
1784185380,29541.6,29544.5,29539.0,29540.8,146.0
1784185440,29540.8,29541.0,29534.0,29535.5,143.0
1784185500,29535.5,29538.7,29530.7,29538.5,158.0
1784185560,29538.5,29538.6,29534.0,29538.6,149.0
1784185620,29538.6,29542.6,29534.8,29540.8,172.0
1784185680,29540.8,29541.0,29522.2,29523.7,133.0
1784185740,29523.7,29524.1,29519.7,29520.6,139.0
1784185800,29520.5,29527.7,29519.3,29527.2,151.0
1784185860,29527.2,29540.3,29527.2,29537.6,168.0
1784185920,29537.5,29543.5,29536.6,29541.5,140.0
1784185980,29541.3,29544.0,29539.0,29542.0,139.0
1784186040,29542.0,29552.0,29541.6,29551.2,156.0
1784186100,29551.3,29551.3,29540.8,29542.6,135.0
1784186160,29542.6,29543.2,29527.1,29528.6,171.0
1784186220,29529.0,29531.3,29522.5,29523.3,158.0
1784186280,29522.8,29528.8,29522.5,29522.7,174.0
1784186340,29522.7,29523.7,29520.5,29521.7,164.0
1784186400,29521.6,29525.5,29521.1,29525.3,173.0
1784186460,29525.1,29525.6,29510.0,29510.7,146.0
1784186520,29510.7,29513.0,29506.5,29508.5,148.0
1784186580,29508.5,29513.7,29508.2,29511.3,149.0
1784186640,29511.3,29520.0,29509.8,29519.6,149.0
1784186700,29519.7,29520.8,29517.7,29519.1,131.0
1784186760,29519.1,29519.6,29512.1,29515.0,143.0
1784186820,29514.7,29518.2,29511.5,29516.3,144.0
1784186880,29516.3,29517.3,29507.0,29508.5,149.0
1784186940,29508.8,29515.0,29508.8,29513.1,156.0
1784187000,29513.1,29514.3,29510.5,29511.3,150.0
1784187060,29511.5,29517.3,29508.3,29516.3,149.0
1784187120,29516.8,29517.2,29510.3,29510.3,165.0
1784187180,29510.3,29511.3,29507.1,29511.3,150.0
1784187240,29511.3,29513.3,29507.8,29509.0,158.0
1784187300,29509.1,29510.6,29505.3,29507.3,152.0
1784187360,29507.2,29509.1,29505.1,29505.8,154.0
1784187420,29505.7,29508.7,29504.1,29505.1,135.0
1784187480,29505.1,29505.3,29500.2,29501.3,123.0
1784187540,29501.3,29504.2,29500.6,29502.1,125.0
1784187600,29501.8,29502.3,29494.0,29499.5,132.0
1784187660,29499.5,29506.5,29495.0,29504.8,165.0
1784187720,29505.0,29505.8,29500.3,29502.3,166.0
1784187780,29500.7,29508.6,29498.8,29506.3,143.0
1784187840,29506.3,29507.5,29499.7,29500.2,143.0
1784187900,29500.2,29503.3,29495.1,29503.1,172.0
1784187960,29503.2,29503.2,29497.7,29498.3,123.0
1784188020,29498.3,29500.8,29496.8,29498.5,145.0
1784188080,29498.5,29503.2,29497.6,29501.7,146.0
1784188140,29501.7,29505.5,29500.1,29503.5,128.0
1784188200,29503.5,29507.8,29501.8,29503.3,159.0
1784188260,29503.5,29505.0,29498.3,29500.3,178.0
1784188320,29500.8,29508.5,29499.2,29506.2,179.0
1784188380,29506.2,29508.3,29503.5,29507.3,148.0
1784188440,29507.5,29508.8,29502.2,29507.3,134.0
1784188500,29507.2,29513.2,29505.2,29509.3,170.0
1784188560,29509.7,29509.7,29502.6,29504.7,140.0
1784188620,29504.8,29505.7,29499.8,29504.1,145.0
1784188680,29504.1,29510.0,29503.0,29508.6,138.0
1784188740,29508.7,29510.0,29501.2,29504.6,163.0
1784188800,29504.8,29519.2,29504.8,29513.0,209.0
1784188860,29511.8,29515.3,29509.1,29515.1,168.0
1784188920,29515.1,29516.3,29513.7,29515.2,137.0
1784188980,29515.1,29520.7,29514.6,29519.7,163.0
1784189040,29519.8,29521.5,29515.5,29517.0,169.0
1784189100,29517.0,29520.7,29512.6,29513.7,188.0
1784189160,29513.6,29520.6,29512.7,29519.3,176.0
1784189220,29519.8,29519.8,29511.0,29511.2,173.0
1784189280,29511.6,29513.3,29507.5,29510.2,170.0
1784189340,29510.2,29511.7,29503.2,29504.0,172.0
1784189400,29503.8,29511.6,29493.8,29508.8,192.0
1784189460,29510.0,29526.7,29508.8,29526.5,209.0
1784189520,29525.1,29533.8,29523.6,29532.5,183.0
1784189580,29532.5,29540.5,29530.0,29538.1,181.0
1784189640,29538.1,29544.0,29538.0,29543.6,171.0
1784189700,29543.6,29563.0,29543.2,29554.3,210.0
1784189760,29554.0,29555.6,29540.0,29542.5,180.0
1784189820,29542.5,29548.0,29538.6,29540.6,198.0
1784189880,29540.8,29547.7,29535.8,29535.8,197.0
1784189940,29535.8,29545.8,29535.8,29545.0,163.0
1784190000,29545.1,29552.2,29545.1,29547.6,188.0
1784190060,29547.3,29550.6,29544.8,29549.8,196.0
1784190120,29550.1,29558.8,29549.7,29558.8,177.0
1784190180,29559.7,29565.6,29556.5,29565.1,192.0
1784190240,29565.0,29565.5,29558.5,29559.2,186.0
1784190300,29559.1,29571.1,29558.5,29566.8,170.0
1784190360,29566.8,29572.0,29565.2,29566.5,184.0
1784190420,29566.6,29567.5,29562.7,29562.8,190.0
1784190480,29563.1,29564.0,29554.8,29555.0,180.0
1784190540,29555.1,29563.8,29554.0,29562.7,201.0
1784190600,29562.5,29592.5,29559.6,29577.6,257.0
1784190660,29578.2,29580.2,29550.8,29551.5,219.0
1784190720,29551.7,29553.1,29542.7,29544.8,211.0
1784190780,29544.8,29545.6,29529.2,29532.8,228.0
1784190840,29532.8,29533.2,29506.6,29507.3,222.0
1784190900,29507.2,29507.2,29470.6,29470.6,243.0
1784190960,29470.6,29488.8,29466.8,29488.1,246.0
1784191020,29488.0,29495.0,29480.1,29493.7,224.0
1784191080,29493.7,29499.2,29484.8,29490.0,225.0
1784191140,29490.1,29493.2,29468.3,29476.7,227.0
1784191200,29476.0,29479.2,29463.7,29476.7,213.0
1784191260,29477.2,29495.0,29476.1,29495.0,230.0
1784191320,29495.1,29505.3,29495.1,29495.2,206.0
1784191380,29495.5,29512.1,29488.7,29506.1,210.0
1784191440,29506.1,29507.1,29496.8,29499.6,186.0
1784191500,29499.7,29507.3,29491.2,29492.1,201.0
1784191560,29492.2,29494.5,29482.3,29486.8,195.0
1784191620,29487.2,29493.8,29485.3,29490.0,208.0
1784191680,29489.3,29496.0,29485.0,29489.5,203.0
1784191740,29488.7,29491.5,29483.7,29488.0,202.0
1784191800,29488.2,29490.0,29479.3,29486.2,193.0
1784191860,29485.3,29487.7,29481.2,29484.5,207.0
1784191920,29484.5,29486.5,29479.7,29482.6,199.0
1784191980,29483.3,29485.7,29480.0,29483.6,184.0
1784192040,29483.6,29483.7,29475.1,29481.0,218.0
1784192100,29480.8,29499.6,29480.2,29499.5,179.0
1784192160,29500.0,29503.1,29493.5,29494.7,202.0
1784192220,29493.5,29498.5,29491.0,29494.6,192.0
1784192280,29494.6,29494.6,29484.0,29486.2,165.0
1784192340,29486.7,29489.7,29483.3,29483.3,153.0
1784192400,29484.0,29522.6,29480.7,29521.2,247.0
1784192460,29520.6,29525.5,29512.0,29512.2,203.0
1784192520,29512.0,29513.5,29502.5,29506.2,210.0
1784192580,29506.5,29510.3,29498.6,29505.0,196.0
1784192640,29505.1,29508.1,29499.8,29504.6,175.0
1784192700,29504.7,29515.3,29469.2,29469.2,229.0
1784192760,29471.3,29472.7,29455.9,29462.4,207.0
1784192820,29462.7,29465.2,29444.8,29448.9,208.0
1784192880,29448.2,29527.2,29442.8,29506.6,221.0
1784192940,29503.6,29534.9,29499.4,29514.4,247.0
1784193000,29513.9,29518.2,29499.9,29503.3,228.0
1784193060,29502.6,29508.6,29495.3,29500.1,242.0
1784193120,29501.2,29513.9,29499.2,29506.1,197.0
1784193180,29506.2,29513.8,29503.6,29511.6,211.0
1784193240,29511.6,29526.6,29510.9,29526.6,212.0
1784193300,29527.2,29533.1,29519.6,29532.1,194.0
1784193360,29531.9,29535.2,29525.8,29532.8,191.0
1784193420,29533.7,29545.2,29532.8,29534.6,217.0
1784193480,29534.3,29536.3,29526.4,29536.1,215.0
1784193540,29535.9,29538.2,29529.4,29533.6,184.0
1784193600,29534.1,29538.6,29528.7,29531.3,186.0
1784193660,29531.2,29531.8,29514.2,29518.1,162.0
1784193720,29518.1,29519.6,29501.2,29501.9,183.0
1784193780,29501.8,29502.1,29497.8,29500.8,169.0
1784193840,29500.7,29500.7,29487.6,29492.2,166.0
1784193900,29491.9,29498.3,29487.7,29492.1,197.0
1784193960,29492.4,29495.1,29488.8,29491.6,172.0
1784194020,29492.4,29493.7,29480.6,29483.1,174.0
1784194080,29483.1,29487.4,29480.2,29484.1,177.0
1784194140,29483.7,29492.2,29481.3,29482.4,185.0
1784194200,29480.3,29493.1,29478.3,29485.7,199.0
1784194260,29485.2,29487.4,29478.1,29480.3,167.0
1784194320,29480.3,29487.9,29476.4,29482.2,181.0
1784194380,29482.4,29484.8,29470.7,29471.3,181.0
1784194440,29471.9,29473.4,29459.8,29464.6,173.0
1784194500,29464.6,29464.8,29453.2,29458.4,158.0
1784194560,29457.9,29457.9,29443.4,29444.2,187.0
1784194620,29444.4,29455.3,29439.2,29453.7,165.0
1784194680,29454.1,29462.4,29453.4,29462.2,161.0
1784194740,29462.1,29472.2,29455.4,29468.9,153.0
1784194800,29469.1,29480.1,29469.1,29478.2,167.0
1784194860,29478.7,29478.9,29465.2,29468.4,134.0
1784194920,29468.4,29475.8,29467.6,29473.9,114.0
1784194980,29474.1,29475.9,29471.3,29474.2,137.0
1784195040,29474.2,29474.4,29468.1,29470.2,136.0
1784195100,29471.1,29471.3,29463.2,29463.7,139.0
1784195160,29463.6,29465.1,29455.9,29461.4,110.0
1784195220,29461.7,29467.2,29461.7,29465.2,93.0
1784195280,29465.2,29467.9,29463.7,29465.8,107.0
1784195340,29465.6,29480.1,29462.1,29477.8,141.0
1784195400,29477.8,29479.1,29474.7,29478.1,146.0
1784195460,29478.4,29481.6,29472.4,29473.3,150.0
1784195520,29473.3,29477.3,29469.6,29470.1,133.0
1784195580,29470.1,29471.3,29467.4,29467.9,144.0
1784195640,29467.9,29471.1,29465.8,29471.1,126.0
1784195700,29471.2,29483.3,29468.4,29481.3,151.0
1784195760,29481.3,29490.2,29481.3,29485.3,155.0
1784195820,29485.3,29488.8,29481.8,29487.1,121.0
1784195880,29487.1,29488.3,29476.8,29483.3,162.0
1784195940,29483.3,29485.6,29480.6,29481.4,145.0
1784196000,29481.7,29481.7,29445.3,29445.7,226.0
1784196060,29445.7,29445.7,29434.6,29439.9,211.0
1784196120,29440.8,29443.9,29438.2,29441.1,173.0
1784196180,29441.3,29447.4,29437.6,29446.6,183.0
1784196240,29446.7,29459.8,29442.3,29459.8,201.0
1784196300,29458.9,29461.3,29444.2,29445.7,206.0
1784196360,29445.7,29454.2,29440.1,29446.6,166.0
1784196420,29446.4,29447.8,29443.3,29445.1,173.0
1784196480,29445.1,29451.1,29443.3,29444.3,203.0
1784196540,29444.3,29451.4,29440.2,29445.7,196.0
1784196600,29445.7,29447.4,29437.1,29437.4,180.0
1784196660,29437.3,29443.1,29435.6,29439.7,176.0
1784196720,29439.6,29440.1,29426.9,29430.6,177.0
1784196780,29430.1,29430.8,29419.3,29420.1,207.0
1784196840,29420.9,29429.7,29417.6,29417.9,197.0
1784196900,29417.9,29420.8,29410.9,29416.9,225.0
1784196960,29417.1,29417.1,29408.7,29412.4,189.0
1784197020,29412.9,29429.8,29411.9,29423.3,202.0
1784197080,29424.1,29428.4,29415.3,29418.9,186.0
1784197140,29419.1,29425.1,29416.6,29422.4,193.0
1784197200,29422.4,29439.9,29421.1,29437.2,190.0
1784197260,29437.2,29444.1,29433.6,29442.9,183.0
1784197320,29442.9,29445.2,29435.7,29437.9,164.0
1784197380,29437.9,29438.9,29431.8,29434.3,177.0
1784197440,29436.8,29436.8,29420.2,29428.9,180.0
1784197500,29428.6,29431.8,29419.8,29421.4,177.0
1784197560,29421.2,29424.7,29417.6,29420.6,178.0
1784197620,29421.7,29425.6,29417.7,29417.7,179.0
1784197680,29417.8,29419.2,29410.3,29418.6,164.0
1784197740,29418.6,29420.2,29413.6,29419.3,126.0
1784197800,29419.6,29426.1,29416.9,29421.4,182.0
1784197860,29421.7,29423.2,29417.1,29419.9,162.0
1784197920,29419.9,29421.3,29400.9,29404.4,173.0
1784197980,29404.1,29408.2,29396.8,29403.7,173.0
1784198040,29403.7,29411.9,29401.3,29411.6,142.0
1784198100,29411.7,29413.1,29401.4,29401.4,147.0
1784198160,29401.4,29401.4,29392.7,29396.1,190.0
1784198220,29395.4,29401.8,29393.3,29394.1,179.0
1784198280,29394.8,29395.6,29388.9,29389.7,187.0
1784198340,29390.2,29391.7,29379.3,29381.6,195.0
1784198400,29381.3,29381.9,29372.1,29377.1,193.0
1784198460,29377.3,29382.3,29375.2,29375.3,126.0
1784198520,29375.4,29383.2,29373.9,29380.1,162.0
1784198580,29380.1,29381.6,29375.6,29378.2,141.0
1784198640,29378.2,29378.8,29366.3,29367.1,163.0
1784198700,29367.2,29367.8,29359.4,29363.8,159.0
1784198760,29363.9,29363.9,29354.3,29361.9,181.0
1784198820,29362.1,29366.9,29355.6,29358.7,151.0
1784198880,29358.7,29368.4,29358.7,29364.4,149.0
1784198940,29364.4,29379.7,29357.7,29376.9,160.0
1784199000,29376.9,29379.8,29366.2,29368.8,180.0
1784199060,29368.8,29373.2,29367.3,29370.6,142.0
1784199120,29370.6,29370.6,29361.2,29362.7,182.0
1784199180,29362.6,29367.9,29362.1,29365.7,148.0
1784199240,29365.3,29368.7,29359.7,29362.3,170.0
1784199300,29362.7,29363.4,29348.8,29352.7,168.0
1784199360,29352.8,29352.9,29344.9,29351.2,165.0
1784199420,29350.7,29353.6,29347.3,29351.6,161.0
1784199480,29351.3,29364.9,29349.8,29364.8,171.0
1784199540,29364.8,29365.3,29358.6,29359.2,127.0
1784199600,29361.7,29368.7,29352.3,29354.8,217.0
1784199660,29354.8,29359.7,29341.3,29344.3,230.0
1784199720,29344.4,29356.2,29340.6,29351.2,194.0
1784199780,29352.3,29352.3,29319.7,29321.4,218.0
1784199840,29323.2,29333.1,29318.6,29333.1,198.0
1784199900,29333.1,29341.9,29323.4,29338.9,226.0
1784199960,29340.1,29343.2,29333.2,29338.4,197.0
1784200020,29337.7,29345.1,29332.1,29333.3,208.0
1784200080,29333.3,29333.6,29323.6,29326.1,210.0
1784200140,29325.9,29330.6,29320.4,29323.6,201.0
1784200200,29323.6,29324.7,29305.3,29309.1,215.0
1784200260,29309.1,29309.1,29296.3,29299.3,204.0
1784200320,29299.6,29300.7,29288.6,29292.8,218.0
1784200380,29292.8,29306.7,29288.8,29306.7,224.0
1784200440,29306.3,29308.3,29285.3,29288.2,231.0
1784200500,29287.9,29292.3,29281.7,29285.6,216.0
1784200560,29285.2,29288.1,29274.7,29283.6,214.0
1784200620,29284.6,29318.2,29281.9,29317.3,224.0
1784200680,29316.9,29317.3,29309.4,29314.8,197.0
1784200740,29314.8,29315.6,29302.6,29313.8,204.0
1784200800,29313.8,29323.7,29310.8,29318.6,212.0
1784200860,29318.7,29338.6,29316.3,29338.2,197.0
1784200920,29337.9,29346.6,29335.9,29344.9,206.0
1784200980,29345.9,29350.9,29335.3,29336.6,147.0
1784201040,29336.4,29337.3,29318.7,29321.2,189.0
1784201100,29321.2,29332.9,29318.3,29325.4,203.0
1784201160,29325.9,29336.6,29324.6,29332.6,190.0
1784201220,29332.6,29332.7,29317.3,29320.3,185.0
1784201280,29320.9,29329.9,29320.9,29326.1,194.0
1784201340,29326.1,29335.2,29320.2,29335.2,197.0
1784201400,29334.6,29339.1,29324.9,29335.6,200.0
1784201460,29336.2,29344.1,29334.3,29341.9,193.0
1784201520,29341.9,29351.6,29335.1,29336.7,201.0
1784201580,29336.6,29347.4,29336.6,29343.9,181.0
1784201640,29345.6,29348.3,29338.6,29340.8,182.0
1784201700,29340.8,29358.9,29339.2,29358.1,187.0
1784201760,29357.7,29364.3,29353.4,29364.3,170.0
1784201820,29364.7,29370.3,29359.2,29359.6,188.0
1784201880,29359.4,29373.2,29355.9,29368.2,184.0
1784201940,29368.3,29372.2,29364.8,29365.3,139.0
1784202000,29365.2,29370.1,29359.4,29365.7,156.0
1784202060,29365.8,29371.9,29363.2,29364.6,185.0
1784202120,29364.6,29365.1,29355.8,29357.3,167.0
1784202180,29358.6,29359.3,29348.2,29348.9,167.0
1784202240,29349.1,29353.8,29340.4,29346.3,161.0
1784202300,29346.3,29358.6,29346.1,29358.6,169.0
1784202360,29359.2,29373.2,29356.8,29373.1,172.0
1784202420,29373.1,29382.3,29373.1,29382.1,216.0
1784202480,29381.3,29383.1,29375.8,29379.8,162.0
1784202540,29379.9,29387.9,29379.7,29383.6,150.0
1784202600,29383.6,29383.6,29377.6,29379.2,166.0
1784202660,29379.1,29385.2,29377.2,29378.8,150.0
1784202720,29378.8,29379.8,29373.6,29377.4,142.0
1784202780,29378.1,29386.2,29375.8,29378.9,163.0
1784202840,29378.9,29383.8,29378.2,29379.8,155.0
1784202900,29379.8,29385.7,29378.9,29385.7,148.0
1784202960,29385.7,29386.3,29377.9,29383.2,171.0
1784203020,29382.9,29383.4,29377.2,29380.8,168.0
1784203080,29380.8,29388.7,29379.6,29387.6,190.0
1784203140,29387.6,29391.2,29386.1,29387.9,165.0
1784203200,29388.6,29415.9,29388.6,29414.1,232.0
1784203260,29414.4,29414.4,29398.4,29399.4,207.0
1784203320,29399.9,29415.2,29398.8,29413.1,187.0
1784203380,29412.9,29414.7,29408.1,29413.6,198.0
1784203440,29413.8,29418.4,29409.2,29412.7,197.0
1784203500,29412.9,29418.6,29405.1,29407.6,192.0
1784203560,29407.9,29416.7,29407.9,29409.8,169.0
1784203620,29410.2,29410.4,29401.4,29402.3,144.0
1784203680,29402.3,29407.1,29401.1,29402.7,160.0
1784203740,29402.4,29405.4,29398.8,29403.9,162.0
1784203800,29404.1,29410.7,29401.1,29404.8,170.0
1784203860,29404.7,29425.7,29404.6,29424.9,171.0
1784203920,29424.9,29427.7,29422.3,29425.2,176.0
1784203980,29425.2,29430.8,29424.2,29427.8,131.0
1784204040,29427.8,29429.4,29421.3,29421.8,129.0
1784204100,29422.9,29438.8,29422.9,29438.4,145.0
1784204160,29438.4,29441.1,29432.9,29432.9,145.0
1784204220,29433.3,29434.9,29430.1,29430.6,151.0
1784204280,29430.7,29430.7,29420.3,29422.1,149.0
1784204340,29421.8,29425.7,29421.1,29424.1,139.0
1784204400,29424.7,29425.6,29416.4,29416.6,138.0
1784204460,29418.4,29434.9,29417.8,29426.1,161.0
1784204520,29425.9,29426.2,29419.1,29419.1,145.0
1784204580,29419.1,29426.8,29417.4,29425.9,157.0
1784204640,29425.8,29428.4,29420.2,29420.4,149.0
1784204700,29420.6,29431.4,29420.2,29431.4,167.0
1784204760,29430.8,29436.9,29429.3,29431.4,160.0
1784204820,29431.2,29431.4,29415.3,29420.4,176.0
1784204880,29420.4,29423.4,29416.2,29419.9,144.0
1784204940,29420.2,29420.2,29407.6,29410.4,148.0
1784205000,29410.4,29418.6,29406.7,29417.3,171.0
1784205060,29417.7,29422.6,29413.9,29422.4,163.0
1784205120,29422.3,29428.2,29416.4,29417.7,155.0
1784205180,29417.9,29418.7,29408.4,29412.2,161.0
1784205240,29411.8,29414.8,29405.4,29409.3,151.0
1784205300,29410.1,29412.7,29406.9,29412.7,145.0
1784205360,29412.7,29414.6,29400.2,29400.2,177.0
1784205420,29400.2,29403.7,29398.1,29400.1,144.0
1784205480,29399.9,29401.7,29394.6,29396.2,171.0
1784205540,29396.6,29396.7,29393.2,29393.9,135.0
1784205600,29393.9,29398.3,29387.9,29394.6,187.0
1784205660,29394.7,29399.3,29393.2,29396.4,154.0
1784205720,29396.4,29401.6,29394.4,29401.6,143.0
1784205780,29401.3,29402.6,29395.3,29395.3,161.0
1784205840,29395.4,29397.3,29380.9,29380.9,148.0
1784205900,29381.3,29381.8,29370.4,29371.6,185.0
1784205960,29371.7,29379.3,29365.9,29366.4,165.0
1784206020,29367.1,29371.2,29361.4,29361.7,167.0
1784206080,29361.4,29370.2,29361.2,29364.6,165.0
1784206140,29364.6,29367.6,29362.1,29362.9,162.0
1784206200,29363.1,29366.9,29358.1,29361.9,176.0
1784206260,29362.1,29362.2,29355.6,29360.3,170.0
1784206320,29360.4,29364.7,29354.8,29364.4,166.0
1784206380,29364.3,29368.8,29357.3,29357.4,165.0
1784206440,29357.4,29367.3,29357.3,29366.1,152.0
1784206500,29366.7,29374.6,29353.1,29353.4,247.0
1784206560,29353.4,29358.1,29345.9,29346.4,177.0
1784206620,29346.4,29350.1,29343.6,29347.3,165.0
1784206680,29347.3,29351.3,29328.6,29331.3,202.0
1784206740,29331.1,29332.3,29324.6,29327.7,179.0
1784206800,29327.2,29334.3,29318.9,29318.9,206.0
1784206860,29318.2,29319.8,29311.8,29318.4,183.0
1784206920,29318.4,29324.3,29314.1,29318.8,169.0
1784206980,29318.7,29333.7,29318.6,29329.7,159.0
1784207040,29329.4,29340.3,29328.9,29337.9,133.0
1784207100,29337.9,29342.4,29331.1,29335.6,146.0
1784207160,29335.4,29345.7,29334.3,29344.3,154.0
1784207220,29343.6,29348.2,29340.2,29344.2,130.0
1784207280,29344.4,29356.2,29344.4,29356.2,152.0
1784207340,29356.2,29357.9,29352.3,29353.9,130.0
1784207400,29353.9,29356.6,29348.9,29353.6,157.0
1784207460,29352.6,29352.7,29339.2,29339.7,163.0
1784207520,29339.7,29340.8,29333.3,29335.3,151.0
1784207580,29334.9,29343.8,29334.9,29338.6,140.0
1784207640,29338.6,29349.4,29337.7,29346.6,128.0
1784207700,29346.6,29347.4,29337.4,29340.7,139.0
1784207760,29340.9,29345.1,29332.6,29333.4,109.0
1784207820,29334.3,29334.4,29329.8,29331.6,160.0
1784207880,29331.6,29339.8,29330.7,29339.6,141.0
1784207940,29338.9,29339.8,29332.8,29334.4,149.0
1784208000,29334.7,29340.3,29328.2,29331.2,146.0
1784208060,29331.3,29331.3,29315.9,29317.1,171.0
1784208120,29317.1,29319.8,29313.9,29314.8,149.0
1784208180,29314.8,29320.1,29311.9,29316.7,179.0
1784208240,29316.6,29318.9,29308.3,29318.6,168.0
1784208300,29318.6,29321.8,29313.2,29313.8,150.0
1784208360,29313.7,29321.1,29310.7,29321.1,167.0
1784208420,29321.2,29325.8,29316.7,29318.1,159.0
1784208480,29317.9,29326.3,29315.4,29323.4,163.0
1784208540,29323.3,29334.9,29320.9,29334.7,164.0
1784208600,29315.05859375,29328.255859375,29305.390625,29305.390625,0.0
1784208660,29295.4375,29314.0234375,29287.15625,29314.0234375,10710579.0
1784208720,29317.00390625,29319.357421875,29276.17578125,29276.17578125,8227341.0
1784208780,29279.171875,29301.314453125,29273.669921875,29281.125,6286565.0
1784208840,29276.2421875,29276.2421875,29238.0625,29242.30859375,4954919.0
1784208900,29221.130859375,29221.130859375,29205.296875,29214.29296875,5309401.0
1784208960,29224.853515625,29227.015625,29208.4765625,29221.345703125,5287907.0
1784209020,29247.375,29268.236328125,29236.818359375,29236.818359375,5304371.0
1784209080,29243.595703125,29243.595703125,29208.6328125,29209.966796875,3910570.0
1784209140,29207.8984375,29212.1796875,29183.388671875,29183.388671875,3972085.0
1784209200,29192.53515625,29230.357421875,29192.53515625,29201.697265625,4621002.0
1784209260,29199.642578125,29199.642578125,29159.427734375,29159.427734375,4447903.0
1784209320,29149.130859375,29161.015625,29138.052734375,29146.15625,4508964.0
1784209380,29150.009765625,29150.009765625,29132.123046875,29148.236328125,4843928.0
1784209440,29157.435546875,29157.435546875,29118.478515625,29121.224609375,4836989.0
1784209500,29126.462890625,29136.208984375,29115.98046875,29124.65234375,5277267.0
1784209560,29111.162109375,29124.154296875,29107.14453125,29114.416015625,5393315.0
1784209620,29127.201171875,29133.39453125,29115.736328125,29118.041015625,5444794.0
1784209680,29113.173828125,29113.173828125,29075.89453125,29080.501953125,4673290.0
1784209740,29081.892578125,29084.1640625,29070.5078125,29084.1640625,3996482.0
1784209800,29073.6875,29120.50390625,29073.6875,29106.1953125,4827175.0
1784209860,29112.111328125,29127.841796875,29108.6796875,29123.712890625,4088244.0
1784209920,29119.0625,29153.328125,29119.0625,29153.3203125,3713036.0
1784209980,29151.69921875,29151.69921875,29108.193359375,29122.7421875,4322912.0
1784210040,29119.818359375,29149.966796875,29103.400390625,29103.400390625,3690935.0
1784210100,29094.333984375,29097.744140625,29070.94921875,29097.744140625,3972861.0
1784210160,29101.560546875,29133.189453125,29101.560546875,29133.189453125,5084491.0
1784210220,29160.537109375,29160.537109375,29109.130859375,29109.130859375,3315661.0
1784210280,29112.333984375,29140.986328125,29112.333984375,29140.986328125,3300898.0
1784210340,29148.6015625,29157.17578125,29145.779296875,29157.17578125,2890515.0
1784210400,29172.697265625,29189.15625,29172.697265625,29187.04296875,4857415.0
1784210460,29185.4765625,29195.615234375,29177.16796875,29189.70703125,3700392.0
1784210520,29191.55859375,29224.23046875,29191.55859375,29201.78515625,3617141.0
1784210580,29205.623046875,29210.80859375,29195.78125,29210.10546875,2970928.0
1784210640,29211.39453125,29212.673828125,29193.1875,29195.701171875,2692282.0
1784210700,29206.908203125,29226.423828125,29205.5546875,29226.423828125,3102099.0
1784210760,29234.806640625,29253.169921875,29234.806640625,29247.078125,3817507.0
1784210820,29244.193359375,29260.646484375,29239.353515625,29252.81640625,3678361.0
1784210880,29257.43359375,29285.30078125,29257.43359375,29280.4375,3173081.0
1784210940,29275.021484375,29298.12109375,29259.439453125,29288.458984375,3572325.0
1784211000,29285.3984375,29295.294921875,29279.873046875,29295.259765625,3180554.0
1784211060,29276.763671875,29285.5,29269.15234375,29269.15234375,3147776.0
1784211120,29270.185546875,29275.166015625,29257.875,29274.412109375,3056052.0
1784211180,29282.623046875,29294.162109375,29282.623046875,29294.1015625,2887342.0
1784211240,29291.943359375,29291.943359375,29272.29296875,29277.466796875,2465220.0
1784211300,29279.02734375,29294.2890625,29279.02734375,29294.2890625,2746700.0
1784211360,29289.384765625,29306.76953125,29280.18359375,29297.09375,3329161.0
1784211420,29298.537109375,29298.537109375,29277.78515625,29283.16796875,2445415.0
1784211480,29278.505859375,29285.169921875,29262.123046875,29262.123046875,2172361.0
1784211540,29255.775390625,29290.3125,29255.775390625,29290.3125,2401922.0
1784211600,29291.01953125,29291.01953125,29254.84375,29254.84375,2443216.0
1784211660,29249.83984375,29253.84765625,29228.923828125,29228.923828125,2739272.0
1784211720,29224.673828125,29235.009765625,29207.44140625,29235.009765625,3013884.0
1784211780,29243.486328125,29247.203125,29225.205078125,29235.94140625,2650463.0
1784211840,29235.423828125,29259.90234375,29235.423828125,29258.310546875,2172142.0
1784211900,29240.3828125,29240.3828125,29215.33203125,29235.861328125,2621656.0
1784211960,29245.6484375,29247.728515625,29228.501953125,29247.4453125,2339376.0
1784212020,29245.9609375,29278.80078125,29243.896484375,29276.25,2106602.0
1784212080,29275.384765625,29284.65234375,29272.6328125,29280.625,2998641.0
1784212140,29283.634765625,29295.96484375,29283.212890625,29294.15234375,2332841.0
1784212200,29287.66796875,29287.66796875,29272.96875,29279.216796875,2374794.0
1784212260,29275.6015625,29280.060546875,29257.10546875,29257.6796875,2236908.0
1784212320,29257.322265625,29273.4140625,29256.197265625,29273.4140625,2869604.0
1784212380,29281.90234375,29289.517578125,29281.90234375,29288.337890625,2360697.0
1784212440,29284.08203125,29289.34765625,29271.634765625,29271.634765625,2237262.0
1784212500,29272.8203125,29284.095703125,29270.78515625,29281.580078125,2492887.0
1784212560,29285.271484375,29290.02734375,29277.7890625,29282.673828125,3159195.0
1784212620,29283.705078125,29305.80078125,29283.705078125,29305.80078125,2096335.0
1784212680,29303.62109375,29303.62109375,29282.908203125,29282.908203125,2231523.0
1784212740,29276.828125,29277.1796875,29258.3125,29261.326171875,2576544.0
1784212800,29264.998046875,29264.998046875,29239.015625,29245.791015625,2747789.0
1784212860,29237.91796875,29260.3359375,29237.001953125,29248.44921875,2836457.0
1784212920,29250.822265625,29264.38671875,29248.689453125,29262.19921875,2480009.0
1784212980,29263.365234375,29274.21875,29263.365234375,29270.1171875,2033773.0
1784213040,29269.318359375,29271.734375,29263.1015625,29271.421875,2357511.0
1784213100,29264.4140625,29273.3203125,29262.984375,29262.984375,2021397.0
1784213160,29268.482421875,29272.4375,29261.982421875,29267.10546875,2062023.0
1784213220,29269.361328125,29280.6875,29262.8125,29262.8125,2294087.0
1784213280,29261.95703125,29267.6796875,29252.392578125,29265.318359375,2409302.0
1784213340,29265.265625,29265.265625,29252.9140625,29252.9140625,2219417.0
1784213400,29248.5390625,29248.5390625,29203.361328125,29203.361328125,3030767.0
1784213460,29202.634765625,29215.931640625,29202.634765625,29215.931640625,3342589.0
1784213520,29214.822265625,29217.458984375,29195.1328125,29201.544921875,2184842.0
1784213580,29195.203125,29202.568359375,29191.826171875,29191.826171875,2660585.0
1784213640,29192.076171875,29195.490234375,29186.8203125,29193.576171875,2565883.0
1784213700,29171.287109375,29177.828125,29171.287109375,29176.517578125,2838484.0
1784213760,29191.798828125,29193.96484375,29177.88671875,29193.96484375,2631471.0
1784213820,29202.599609375,29214.0546875,29202.599609375,29210.81640625,1949414.0
1784213880,29220.84765625,29238.73828125,29218.521484375,29225.99609375,3320926.0
1784213940,29223.474609375,29239.224609375,29223.474609375,29239.224609375,2088661.0
1784214000,29251.3203125,29262.15625,29244.6796875,29251.806640625,2698532.0
1784214060,29252.5,29252.5,29239.287109375,29239.287109375,1997082.0
1784214120,29237.03125,29256.89453125,29234.25,29254.2109375,1865502.0
1784214180,29255.11328125,29256.19921875,29223.115234375,29223.115234375,1854874.0
1784214240,29223.724609375,29229.025390625,29215.62890625,29218.52734375,2054678.0
1784214300,29199.755859375,29210.927734375,29197.708984375,29209.78515625,2065297.0
1784214360,29195.71484375,29196.951171875,29185.94140625,29185.94140625,2229714.0
1784214420,29182.64453125,29187.05078125,29179.20703125,29179.20703125,2246903.0
1784214480,29178.376953125,29178.66796875,29172.130859375,29176.072265625,3309209.0
1784214540,29176.37109375,29195.6953125,29174.080078125,29195.6953125,1902928.0
1784214600,29198.572265625,29202.734375,29186.2421875,29194.095703125,2105149.0
1784214660,29187.380859375,29192.609375,29180.44921875,29180.44921875,2164224.0
1784214720,29181.47265625,29181.47265625,29165.5546875,29165.5546875,2278460.0
1784214780,29167.365234375,29167.365234375,29148.447265625,29148.447265625,2032768.0
1784214840,29153.154296875,29160.0390625,29142.6015625,29160.0390625,2596409.0
1784214900,29164.26953125,29171.75390625,29155.2734375,29155.2734375,2238459.0
1784214960,29154.31640625,29154.31640625,29142.287109375,29142.943359375,2327074.0
1784215020,29147.486328125,29174.810546875,29147.486328125,29167.28125,2162731.0
1784215080,29167.755859375,29185.05078125,29166.63671875,29182.26953125,2035506.0
1784215140,29182.732421875,29192.38671875,29175.658203125,29192.38671875,2122387.0
1784215200,29193.24609375,29193.24609375,29170.87890625,29174.109375,2322516.0
1784215260,29173.568359375,29180.4296875,29169.4453125,29175.625,2227231.0
1784215320,29173.578125,29173.986328125,29159.29296875,29173.986328125,2985707.0
1784215380,29172.388671875,29179.990234375,29172.388671875,29175.91015625,2224410.0
1784215440,29173.857421875,29191.84375,29171.34375,29191.84375,1924666.0
1784215500,29192.484375,29230.5859375,29192.484375,29229.451171875,4390228.0
1784215560,29229.103515625,29249.37890625,29225.884765625,29246.43359375,2651278.0
1784215620,29250.5703125,29250.5703125,29229.537109375,29229.537109375,2210833.0
1784215680,29225.470703125,29227.279296875,29195.232421875,29199.732421875,2103999.0
1784215740,29195.53125,29210.345703125,29195.53125,29208.533203125,2293014.0
1784215800,29210.302734375,29210.302734375,29178.119140625,29184.126953125,2235972.0
1784215860,29191.451171875,29222.25390625,29191.451171875,29222.25390625,2026393.0
1784215920,29224.732421875,29238.806640625,29223.232421875,29230.2890625,2055931.0
1784215980,29226.79296875,29227.85546875,29222.384765625,29227.435546875,1455881.0
1784216040,29228.474609375,29239.982421875,29226.435546875,29236.541015625,1722947.0
1784216100,29235.716796875,29239.8828125,29232.79296875,29234.85546875,1903002.0
1784216160,29230.96875,29235.544921875,29221.494140625,29235.544921875,1642914.0
1784216220,29243.7421875,29243.7421875,29227.3203125,29227.3203125,1611353.0
1784216280,29227.26953125,29244.80859375,29227.26953125,29244.46484375,1747215.0
1784216340,29244.8984375,29266.134765625,29244.8984375,29260.087890625,2075408.0
1784216400,29256.962890625,29260.603515625,29239.861328125,29240.365234375,1944581.0
1784216460,29234.0859375,29234.216796875,29199.671875,29202.060546875,2083544.0
1784216520,29199.724609375,29206.32421875,29195.84765625,29206.32421875,2160224.0
1784216580,29210.591796875,29211.08203125,29195.662109375,29195.662109375,1801845.0
1784216640,29192.77734375,29201.96484375,29188.126953125,29200.380859375,2346232.0
1784216700,29193.994140625,29195.087890625,29175.611328125,29177.87890625,1939531.0
1784216760,29175.568359375,29181.650390625,29163.37109375,29163.37109375,2143076.0
1784216820,29165.486328125,29175.623046875,29165.486328125,29168.05859375,2650400.0
1784216880,29170.84375,29175.375,29164.037109375,29175.375,1918179.0
1784216940,29178.2421875,29193.935546875,29162.189453125,29193.935546875,2298849.0
1784217000,29197.189453125,29213.00390625,29197.189453125,29213.00390625,2528742.0
1784217060,29216.33984375,29226.421875,29215.390625,29220.23828125,3104604.0
1784217120,29213.373046875,29232.66796875,29213.373046875,29227.150390625,2058440.0
1784217180,29220.6484375,29226.826171875,29213.908203125,29213.908203125,1878307.0
1784217240,29209.923828125,29220.7890625,29209.923828125,29220.7890625,1819068.0
1784217300,29214.7578125,29214.7578125,29190.89453125,29192.3203125,1957447.0
1784217360,29188.337890625,29194.041015625,29181.33984375,29192.75,1761197.0
1784217420,29203.51953125,29212.994140625,29203.51953125,29204.646484375,1749500.0
1784217480,29207.20703125,29207.93359375,29199.822265625,29201.716796875,2437756.0
1784217540,29191.845703125,29197.841796875,29191.845703125,29197.68359375,1707424.0
1784217600,29196.48046875,29196.48046875,29173.5,29177.248046875,2960043.0
1784217660,29178.142578125,29180.0546875,29167.79296875,29171.595703125,3245810.0
1784217720,29172.044921875,29172.044921875,29156.318359375,29158.91796875,1768243.0
1784217780,29159.51171875,29167.38671875,29154.873046875,29166.732421875,3493750.0
1784217840,29168.078125,29174.41796875,29144.064453125,29144.064453125,1340469.0
1784217900,29136.267578125,29136.267578125,29119.75390625,29119.75390625,2782629.0
1784217960,29121.6953125,29139.02734375,29120.548828125,29135.056640625,2725935.0
1784218020,29136.12109375,29149.123046875,29133.91015625,29140.498046875,2197535.0
1784218080,29141.3359375,29155.69921875,29141.3359375,29145.287109375,2641698.0
1784218140,29143.19921875,29152.755859375,29143.19921875,29144.3203125,2072773.0
1784218200,29139.185546875,29139.185546875,29122.330078125,29125.83984375,2114895.0
1784218260,29124.638671875,29125.5703125,29111.8828125,29114.458984375,1973585.0
1784218320,29115.25390625,29115.541015625,29108.353515625,29108.353515625,2030347.0
1784218380,29103.703125,29114.6171875,29092.76953125,29108.771484375,3902051.0
1784218440,29113.4609375,29113.4609375,29096.0625,29100.48828125,1016641.0
1784218500,29094.76953125,29099.580078125,29085.787109375,29099.580078125,3876425.0
1784218560,29101.921875,29103.45703125,29091.078125,29102.62890625,1388665.0
1784218620,29102.15625,29102.15625,29087.708984375,29093.673828125,2092386.0
1784218680,29089.931640625,29112.884765625,29089.931640625,29112.5859375,2449988.0
1784218740,29113.494140625,29113.65234375,29099.25,29101.775390625,2166742.0
1784218800,29102.49609375,29102.49609375,29074.244140625,29077.59765625,3466242.0
1784218860,29080.181640625,29092.369140625,29080.181640625,29082.326171875,1046431.0
1784218920,29083.18359375,29087.806640625,29069.74609375,29073.365234375,3114356.0
1784218980,29071.607421875,29081.37109375,29064.71875,29078.111328125,2536522.0
1784219040,29074.53515625,29085.79296875,29074.53515625,29083.150390625,1267687.0
1784219100,29080.974609375,29087.638671875,29072.939453125,29087.638671875,2681146.0
1784219160,29088.181640625,29100.775390625,29088.181640625,29088.837890625,2709114.0
1784219220,29090.697265625,29112.59375,29090.697265625,29110.0078125,2325845.0
1784219280,29111.95703125,29112.2890625,29103.095703125,29108.33203125,2912270.0
1784219340,29109.11328125,29109.11328125,29089.11328125,29098.0859375,954481.0
1784219400,29099.16015625,29109.8828125,29096.14453125,29106.99609375,3483821.0
1784219460,29105.919921875,29126.333984375,29104.552734375,29122.6796875,1205933.0
1784219520,29123.22265625,29138.7265625,29122.8515625,29138.7265625,2149197.0
1784219580,29136.5,29137.05859375,29119.669921875,29120.2109375,3158227.0
1784219640,29120.6953125,29120.6953125,29116.6640625,29117.01953125,795669.0
1784219700,29115.734375,29116.255859375,29097.58984375,29097.58984375,3103711.0
1784219760,29101.482421875,29102.87109375,29092.12890625,29102.736328125,1025392.0
1784219820,29101.453125,29113.291015625,29101.453125,29113.291015625,1971295.0
1784219880,29112.3046875,29118.00390625,29094.310546875,29106.15625,1873176.0
1784219940,29105.25390625,29105.25390625,29091.787109375,29094.662109375,1693799.0
1784220000,29094.953125,29102.58984375,29090.619140625,29102.123046875,2340633.0
1784220060,29108.03515625,29120.33203125,29102.4765625,29102.4765625,1023026.0
1784220120,29102.482421875,29102.482421875,29089.03515625,29091.35546875,3145660.0
1784220180,29091.568359375,29098.14453125,29091.568359375,29094.392578125,823393.0
1784220240,29093.650390625,29097.81640625,29092.853515625,29096.0703125,2114857.0
1784220300,29094.6640625,29104.18359375,29084.490234375,29084.490234375,3385543.0
1784220360,29082.49609375,29085.677734375,29073.591796875,29085.677734375,1354621.0
1784220420,29084.95703125,29084.95703125,29075.029296875,29079.248046875,3470574.0
1784220480,29078.912109375,29085.166015625,29076.525390625,29084.310546875,2099154.0
1784220540,29082.837890625,29089.611328125,29078.9609375,29084.12109375,2521489.0
1784220600,29084.205078125,29102.517578125,29077.453125,29100.599609375,3490833.0
1784220660,29102.41796875,29118.02734375,29102.41796875,29111.380859375,3079656.0
1784220720,29110.111328125,29115.943359375,29107.98046875,29108.666015625,2980202.0
1784220780,29108.4375,29117.947265625,29105.314453125,29116.82421875,1050053.0
1784220840,29117.4140625,29123.98046875,29116.50390625,29122.884765625,2778638.0
1784220900,29122.265625,29149.5703125,29122.265625,29146.6015625,1399318.0
1784220960,29144.705078125,29152.12109375,29136.634765625,29141.19921875,2197042.0
1784221020,29139.91796875,29142.390625,29130.27734375,29131.203125,2022045.0
1784221080,29130.0859375,29145.37109375,29126.453125,29136.92578125,1868976.0
1784221140,29136.908203125,29140.3515625,29133.580078125,29137.74609375,1649687.0
1784221200,29139.859375,29139.859375,29099.666015625,29099.666015625,2019856.0
1784221260,29100.673828125,29117.615234375,29100.673828125,29113.552734375,2939168.0
1784221320,29107.78515625,29107.78515625,29089.93359375,29091.96875,1018440.0
1784221380,29092.4609375,29112.392578125,29092.4609375,29105.55078125,2767643.0
1784221440,29103.802734375,29118.96484375,29101.736328125,29117.5,745716.0
1784221500,29116.728515625,29116.728515625,29096.44921875,29100.4140625,1797294.0
1784221560,29101.44921875,29101.44921875,29087.392578125,29101.40234375,1583702.0
1784221620,29100.458984375,29115.03125,29100.458984375,29112.767578125,1904965.0
1784221680,29107.630859375,29130.17578125,29107.630859375,29129.46875,2564192.0
1784221740,29127.8984375,29131.05078125,29118.783203125,29124.076171875,871376.0
1784221800,29123.53515625,29132.357421875,29123.53515625,29126.14453125,2328393.0
1784221860,29125.623046875,29128.888671875,29111.69140625,29113.51171875,783859.0
1784221920,29112.32421875,29114.294921875,29107.876953125,29112.7890625,1584397.0
1784221980,29110.380859375,29115.474609375,29099.908203125,29102.12109375,1641132.0
1784222040,29096.67578125,29097.177734375,29087.263671875,29089.5,1408614.0
1784222100,29089.220703125,29107.677734375,29087.5859375,29105.373046875,1880467.0
1784222160,29104.287109375,29104.287109375,29084.9609375,29089.662109375,2006271.0
1784222220,29090.876953125,29091.59765625,29078.6796875,29083.27734375,2709228.0
1784222280,29083.99609375,29090.822265625,29082.544921875,29089.208984375,957635.0
1784222340,29094.021484375,29099.2734375,29091.69140625,29097.53125,2576057.0
1784222400,29099.986328125,29103.15234375,29088.208984375,29088.986328125,1695985.0
1784222460,29087.388671875,29090.43359375,29084.244140625,29087.103515625,1013814.0
1784222520,29085.056640625,29085.501953125,29080.630859375,29082.08984375,3340912.0
1784222580,29083.013671875,29089.142578125,29081.7734375,29086.419921875,1216393.0
1784222640,29085.56640625,29090.771484375,29084.517578125,29086.888671875,1880193.0
1784222700,29079.232421875,29084.7421875,29076.33984375,29084.7421875,1867351.0
1784222760,29083.529296875,29105.76953125,29083.529296875,29104.4296875,1907770.0
1784222820,29103.87890625,29120.001953125,29103.87890625,29120.001953125,1748424.0
1784222880,29118.96875,29138.57421875,29118.96875,29135.68359375,1889333.0
1784222940,29134.619140625,29137.77734375,29128.810546875,29134.01953125,2922442.0
1784223000,29132.77734375,29142.478515625,29130.6640625,29130.6640625,925774.0
1784223060,29130.544921875,29130.544921875,29118.208984375,29118.208984375,2394780.0
1784223120,29118.716796875,29129.93359375,29118.716796875,29124.05859375,817428.0
1784223180,29123.576171875,29123.953125,29099.048828125,29099.048828125,1794159.0
1784223240,29100.78125,29101.265625,29088.365234375,29090.83984375,1582463.0
1784223300,29090.919921875,29091.259765625,29084.443359375,29085.69140625,1954177.0
1784223360,29085.498046875,29095.29296875,29085.498046875,29090.0,2836337.0
1784223420,29090.59375,29091.990234375,29079.177734375,29079.478515625,733255.0
1784223480,29077.28125,29086.373046875,29075.134765625,29083.40234375,2444876.0
1784223540,29080.875,29080.875,29069.220703125,29071.9453125,1254952.0
1784223600,29070.8515625,29070.8515625,29052.376953125,29053.552734375,2013445.0
1784223660,29052.931640625,29055.501953125,29038.521484375,29039.55859375,2456068.0
1784223720,29040.81640625,29052.4296875,29040.109375,29042.498046875,2736884.0
1784223780,29042.779296875,29042.779296875,29035.111328125,29036.31640625,1952373.0
1784223840,29037.31640625,29042.654296875,29034.763671875,29042.654296875,1983307.0
1784223900,29041.162109375,29041.162109375,29023.818359375,29025.28515625,2207333.0
1784223960,29027.359375,29039.47265625,29024.18359375,29039.138671875,4077701.0
1784224020,29041.888671875,29053.640625,29040.611328125,29048.837890625,1150980.0
1784224080,29046.55078125,29056.84765625,29043.947265625,29056.84765625,1683274.0
1784224140,29057.95703125,29065.619140625,29056.732421875,29057.08203125,2126908.0
1784224200,29058.791015625,29062.537109375,29053.208984375,29058.4765625,2367699.0
1784224260,29057.28125,29057.583984375,29049.669921875,29049.669921875,1941141.0
1784224320,29046.521484375,29046.521484375,29038.08203125,29043.833984375,1794949.0
1784224380,29043.109375,29065.744140625,29042.443359375,29059.861328125,3826670.0
1784224440,29063.5390625,29065.13671875,29053.10546875,29054.05859375,1013356.0
1784224500,29052.900390625,29052.900390625,29033.625,29035.583984375,2677715.0
1784224560,29034.98046875,29038.23046875,29026.7109375,29036.708984375,1019819.0
1784224620,29034.19921875,29036.13671875,29027.48828125,29027.48828125,1790615.0
1784224680,29027.98828125,29044.666015625,29027.2578125,29042.681640625,3048446.0
1784224740,29043.158203125,29048.94921875,29039.634765625,29045.51171875,1005713.0
1784224800,29043.048828125,29057.548828125,29035.68359375,29056.765625,2097409.0
1784224860,29055.7890625,29058.541015625,29051.197265625,29051.5078125,1839611.0
1784224920,29051.6796875,29051.6796875,29037.998046875,29040.19140625,2168810.0
1784224980,29041.0,29042.5625,29036.94140625,29038.681640625,1849343.0
1784225040,29047.08984375,29048.953125,29032.982421875,29034.83203125,1801553.0
1784225100,29034.3671875,29038.482421875,29032.0078125,29033.71484375,3272784.0
1784225160,29034.052734375,29041.376953125,29031.873046875,29036.908203125,773020.0
1784225220,29038.171875,29043.671875,29026.322265625,29036.400390625,3577877.0
1784225280,29026.390625,29036.529296875,29026.390625,29035.3203125,1550075.0
1784225340,29035.275390625,29044.673828125,29026.880859375,29035.119140625,3180913.0
1784225400,29033.66796875,29061.591796875,29033.66796875,29054.33203125,3079367.0
1784225460,29054.376953125,29076.525390625,29054.376953125,29063.580078125,2985093.0
1784225520,29062.296875,29073.6875,29054.1328125,29054.1328125,3478128.0
1784225580,29051.05859375,29060.986328125,29049.1484375,29060.986328125,1287040.0
1784225640,29062.666015625,29065.95703125,29035.974609375,29037.1171875,3249411.0
1784225700,29028.12109375,29031.15625,29023.17578125,29028.115234375,1486430.0
1784225760,29032.84375,29070.189453125,29032.84375,29070.189453125,2499667.0
1784225820,29071.62890625,29074.07421875,29066.8671875,29067.2265625,2261015.0
1784225880,29067.537109375,29073.19921875,29060.548828125,29069.171875,2212192.0
1784225940,29062.87109375,29073.60546875,29061.54296875,29070.494140625,1960991.0
1784226000,29071.14453125,29091.345703125,29071.14453125,29082.572265625,2243718.0
1784226060,29085.609375,29096.986328125,29081.748046875,29096.986328125,5856064.0
1784226120,29095.01953125,29104.37890625,29095.01953125,29096.712890625,934600.0
1784226180,29096.5390625,29096.5390625,29076.619140625,29088.0078125,3306296.0
1784226240,29088.34765625,29096.6640625,29088.34765625,29089.8046875,1431841.0
1784226300,29090.498046875,29097.05859375,29081.26953125,29081.26953125,2405006.0
1784226360,29077.0859375,29096.734375,29071.56640625,29096.734375,2580406.0
1784226420,29095.251953125,29100.3046875,29084.421875,29084.421875,2466979.0
1784226480,29084.99609375,29094.21875,29078.794921875,29080.326171875,2736668.0
1784226540,29080.958984375,29080.958984375,29067.244140625,29068.47265625,1571653.0
1784226600,29068.53125,29068.53125,29048.15234375,29050.578125,3485954.0
1784226660,29050.78515625,29054.5234375,29047.75390625,29049.759765625,1103799.0
1784226720,29049.662109375,29060.697265625,29049.662109375,29050.814453125,1985555.0
1784226780,29051.10546875,29058.015625,29045.484375,29048.109375,3178791.0
1784226840,29048.76171875,29053.38671875,29039.177734375,29042.646484375,1079819.0
1784226900,29042.59765625,29042.59765625,29032.216796875,29040.03515625,3422953.0
1784226960,29037.6328125,29037.6328125,29022.51171875,29025.134765625,1111330.0
1784227020,29025.38671875,29037.748046875,29025.38671875,29031.908203125,1833890.0
1784227080,29032.52734375,29039.533203125,29031.443359375,29038.4140625,1952817.0
1784227140,29037.3125,29038.30859375,29027.25390625,29027.25390625,2129506.0
1784227200,29027.810546875,29027.810546875,29004.09765625,29008.619140625,2536788.0
1784227260,29008.06640625,29017.232421875,29008.06640625,29011.87109375,2080759.0
1784227320,29013.015625,29025.6015625,29011.73828125,29025.197265625,1718814.0
1784227380,29031.20703125,29042.763671875,29031.20703125,29039.53515625,1907165.0
1784227440,29038.97265625,29048.20703125,29035.662109375,29038.888671875,2822095.0
1784227500,29031.65234375,29045.822265625,29027.9140625,29034.888671875,1239125.0
1784227560,29033.6015625,29038.884765625,29033.595703125,29033.595703125,3388250.0
1784227620,29032.220703125,29041.2109375,29031.07421875,29035.275390625,980258.0
1784227680,29035.294921875,29050.599609375,29035.294921875,29048.849609375,1788096.0
1784227740,29048.865234375,29050.1796875,29043.126953125,29044.087890625,1918164.0
1784227800,29043.865234375,29049.21484375,29040.40625,29046.373046875,1940328.0
1784227860,29047.544921875,29047.634765625,29039.478515625,29039.478515625,1982964.0
1784227920,29037.94140625,29038.21484375,29026.154296875,29026.2109375,1953802.0
1784227980,29027.98828125,29027.98828125,29019.41796875,29021.744140625,2852725.0
1784228040,29019.380859375,29019.380859375,29014.212890625,29017.01953125,856479.0
1784228100,29013.76953125,29013.76953125,29004.46875,29004.595703125,2970815.0
1784228160,29005.2109375,29016.525390625,29005.2109375,29012.888671875,1302417.0
1784228220,29016.935546875,29020.58203125,29004.46875,29004.46875,1935941.0
1784228280,29004.154296875,29016.919921875,29004.154296875,29016.919921875,1998565.0
1784228340,29017.328125,29017.740234375,29011.1796875,29014.453125,2099823.0
1784228400,29011.41796875,29027.068359375,29007.65625,29027.068359375,3203309.0
1784228460,29027.25390625,29027.25390625,29012.2421875,29016.587890625,1063771.0
1784228520,29017.591796875,29043.09375,29016.638671875,29039.66796875,3652934.0
1784228580,29034.57421875,29035.7890625,29022.3359375,29035.7890625,1607919.0
1784228640,29034.126953125,29041.177734375,29026.896484375,29027.412109375,2296632.0
1784228700,29029.775390625,29040.865234375,29021.689453125,29040.720703125,2400261.0
1784228760,29040.033203125,29040.033203125,29002.697265625,29002.697265625,2956526.0
1784228820,29004.888671875,29004.888671875,28984.755859375,28991.291015625,3611915.0
1784228880,28990.212890625,28993.498046875,28987.083984375,28987.083984375,3619487.0
1784228940,28986.322265625,28988.513671875,28983.23828125,28983.23828125,4178509.0
1784229000,28978.94921875,28994.380859375,28978.94921875,28987.7578125,1733043.0
1784229060,28988.185546875,28994.009765625,28984.267578125,28994.009765625,2711440.0
1784229120,28990.626953125,28990.626953125,28979.0859375,28982.7890625,4352444.0
1784229180,28982.26953125,28987.15234375,28977.4453125,28977.4453125,1524700.0
1784229240,28981.087890625,28981.525390625,28977.6171875,28981.48046875,2650238.0
1784229300,28984.203125,28984.203125,28968.751953125,28974.380859375,2744931.0
1784229360,28975.84765625,28983.595703125,28974.73046875,28974.88671875,3141815.0
1784229420,28972.498046875,28973.09375,28954.046875,28954.046875,2421323.0
1784229480,28950.818359375,28966.63671875,28950.818359375,28966.63671875,4758449.0
1784229540,28968.890625,28968.890625,28960.994140625,28964.158203125,1375540.0
1784229600,28964.853515625,28967.900390625,28963.076171875,28964.919921875,2615496.0
1784229660,28962.333984375,28983.162109375,28962.08203125,28983.162109375,3284350.0
1784229720,28982.6953125,28982.6953125,28962.123046875,28962.185546875,3015935.0
1784229780,28963.203125,28964.689453125,28952.97265625,28952.97265625,2643779.0
1784229840,28949.328125,28957.9453125,28949.328125,28954.068359375,2575488.0
1784229900,28958.080078125,28958.080078125,28942.8515625,28944.427734375,2899227.0
1784229960,28943.111328125,28943.111328125,28929.00390625,28929.00390625,3133803.0
1784230020,28925.728515625,28937.220703125,28921.673828125,28935.2890625,4738995.0
1784230080,28937.34765625,28948.693359375,28937.34765625,28948.201171875,1644006.0
1784230140,28952.283203125,28961.896484375,28948.775390625,28953.19921875,3023829.0
1784230200,28949.625,28969.416015625,28936.12109375,28952.560546875,4712023.0
1784230260,28952.736328125,28952.736328125,28929.125,28929.125,5054258.0
1784230320,28927.6640625,28939.62890625,28922.27734375,28939.27734375,3246644.0
1784230380,28938.57421875,28938.955078125,28934.296875,28937.0,3090291.0
1784230440,28940.310546875,28951.68359375,28940.310546875,28949.40234375,2922074.0
1784230500,28949.669921875,28951.404296875,28936.34375,28936.34375,3494298.0
1784230560,28936.060546875,28940.76953125,28923.9609375,28923.9609375,3115576.0
1784230620,28923.212890625,28936.251953125,28921.6640625,28936.134765625,5032127.0
1784230680,28936.251953125,28956.02734375,28936.251953125,28956.02734375,1592928.0
1784230740,28955.181640625,28963.427734375,28951.150390625,28951.150390625,4848328.0
1784230800,28947.01953125,28947.01953125,28933.974609375,28942.873046875,2033309.0
1784230860,28943.830078125,28959.36328125,28943.830078125,28956.59765625,3682832.0
1784230920,28957.35546875,28958.98046875,28948.14453125,28956.61328125,3009876.0
1784230980,28957.28125,28958.091796875,28934.94140625,28937.638671875,3216094.0
1784231040,28936.9140625,28936.9140625,28920.896484375,28920.896484375,4026945.0
1784231100,28916.716796875,28922.2421875,28909.216796875,28921.29296875,5622000.0
1784231160,28922.515625,28922.515625,28900.49609375,28901.66796875,5218000.0
1784231220,28901.697265625,28908.119140625,28897.55859375,28897.55859375,4377000.0
1784231280,28894.8671875,28894.8671875,28884.20703125,28884.625,5064000.0
1784231340,28887.201171875,28892.7734375,28881.228515625,28892.744140625,7384000.0
1784231400,28914.68359375,28941.056640625,28908.482421875,28935.94140625,3713000.0
1784231460,28934.421875,28958.126953125,28930.443359375,28957.015625,11310000.0
1784231520,28961.771484375,28968.30859375,28956.94140625,28968.30859375,3686000.0
1784231580,28961.77734375,28972.67578125,28957.77734375,28969.52734375,7286000.0
1784231640,28965.248046875,28975.931640625,28958.443359375,28975.931640625,6988000.0
1784231700,29003.578125,29013.779296875,28994.669921875,29005.162109375,7372000.0
1784231760,29004.814453125,29006.701171875,28992.01953125,29006.701171875,6736000.0
1784231820,29006.611328125,29007.484375,28998.908203125,29007.484375,7077000.0
1784231880,29004.0078125,29007.953125,28999.259765625,29005.55859375,9764000.0
1784231940,29009.80078125,29036.6953125,29009.80078125,29035.013671875,3443000.0
1784232000,29136.8,29138.3,29091.2,29094.1,271.0
1784232060,29093.6,29113.1,29093.0,29101.7,258.0
1784232120,29101.2,29103.3,29082.7,29088.6,260.0
1784232180,29087.5,29111.0,29086.7,29098.2,257.0
1784232240,29099.0,29118.7,29097.1,29112.5,250.0
1784232300,29112.1,29114.5,29090.2,29099.0,257.0
1784232360,29100.0,29100.2,29083.3,29098.6,251.0
1784232420,29098.5,29113.0,29095.5,29103.6,246.0
1784232480,29104.2,29128.7,29102.2,29124.0,246.0
1784232540,29124.7,29130.0,29115.6,29120.6,242.0
1784232600,29120.8,29130.2,29119.0,29121.3,261.0
1784232660,29121.3,29127.3,29104.3,29108.7,256.0
1784232720,29108.8,29110.1,29100.1,29104.1,247.0
1784232780,29104.7,29111.8,29091.6,29096.1,241.0
1784232840,29094.6,29094.6,29081.2,29084.3,252.0
1784232900,29085.0,29106.6,29080.7,29100.5,250.0
1784232960,29100.2,29100.2,29078.0,29089.6,262.0
1784233020,29090.2,29090.6,29074.7,29077.6,252.0
1784233080,29077.7,29089.3,29077.2,29088.5,247.0
1784233140,29088.8,29098.8,29086.5,29096.0,245.0
1784233200,29095.1,29102.0,29083.8,29086.5,262.0
1784233260,29086.0,29088.2,29079.2,29083.3,239.0
1784233320,29083.3,29084.2,29075.8,29078.6,231.0
1784233380,29078.7,29086.5,29076.1,29081.0,215.0
1784233440,29081.2,29089.1,29075.5,29076.0,238.0
1784233500,29076.6,29083.5,29071.7,29083.5,260.0
1784233560,29083.0,29105.3,29077.5,29098.3,262.0
1784233620,29098.2,29116.7,29093.6,29113.0,254.0
1784233680,29113.2,29138.8,29113.2,29131.5,261.0
1784233740,29132.0,29136.2,29120.7,29130.2,237.0
1784233800,29130.0,29140.6,29125.5,29125.7,265.0
1784233860,29126.1,29128.1,29112.7,29115.1,250.0
1784233920,29115.2,29127.0,29115.0,29116.2,249.0
1784233980,29116.6,29118.5,29090.5,29093.2,249.0
1784234040,29092.0,29093.5,29078.1,29084.5,263.0
1784234100,29085.6,29088.0,29078.0,29080.6,250.0
1784234160,29080.8,29093.3,29079.1,29085.0,266.0
1784234220,29085.0,29088.2,29070.0,29072.0,242.0
1784234280,29072.0,29085.0,29068.3,29076.1,255.0
1784234340,29076.1,29076.5,29063.5,29067.0,249.0
1784234400,29067.0,29068.0,29045.1,29048.8,257.0
1784234460,29048.2,29054.0,29035.5,29039.7,256.0
1784234520,29039.7,29049.5,29034.5,29039.3,253.0
1784234580,29039.2,29039.5,29027.7,29033.2,260.0
1784234640,29033.3,29040.6,29029.6,29040.6,250.0
1784234700,29041.7,29041.7,29016.6,29023.5,264.0
1784234760,29023.2,29036.2,29016.7,29035.5,254.0
1784234820,29035.7,29051.5,29035.2,29044.2,252.0
1784234880,29044.2,29055.5,29035.6,29055.0,244.0
1784234940,29055.2,29064.5,29050.5,29053.7,246.0
1784235000,29054.2,29060.0,29047.6,29053.0,243.0
1784235060,29053.0,29054.7,29044.1,29044.1,240.0
1784235120,29042.2,29042.5,29032.2,29040.5,246.0
1784235180,29040.6,29065.0,29038.5,29059.0,254.0
1784235240,29059.5,29064.8,29047.6,29048.0,244.0
1784235300,29048.3,29049.3,29029.7,29034.0,241.0
1784235360,29034.2,29035.5,29021.5,29033.5,234.0
1784235420,29033.5,29034.2,29023.0,29025.1,251.0
1784235480,29024.7,29041.3,29022.8,29039.0,243.0
1784235540,29039.3,29047.5,29034.0,29039.7,244.0
1784235600,29040.2,29055.2,29029.6,29053.2,251.0
1784235660,29053.1,29056.8,29047.0,29048.7,263.0
1784235720,29049.1,29049.8,29034.0,29040.3,258.0
1784235780,29038.5,29041.1,29031.3,29036.7,240.0
1784235840,29037.3,29047.8,29029.2,29031.3,234.0
1784235900,29031.6,29037.0,29027.2,29032.0,250.0
1784235960,29031.0,29039.7,29028.2,29035.8,239.0
1784236020,29035.7,29045.7,29023.7,29032.7,268.0
1784236080,29033.0,29036.5,29021.7,29031.7,263.0
1784236140,29031.8,29044.2,29021.5,29033.0,271.0
1784236200,29032.7,29058.2,29030.7,29046.5,271.0
1784236260,29047.8,29074.5,29046.3,29061.1,257.0
1784236320,29061.7,29073.1,29048.3,29049.2,265.0
1784236380,29048.7,29058.1,29044.1,29057.2,260.0
1784236440,29057.3,29062.2,29030.0,29030.5,262.0
1784236500,29029.7,29031.1,29015.6,29025.5,269.0
1784236560,29025.7,29066.2,29025.1,29066.1,266.0
1784236620,29066.1,29073.1,29063.0,29065.6,259.0
1784236680,29066.0,29070.0,29057.0,29057.8,256.0
1784236740,29057.6,29072.2,29055.1,29064.1,257.0
1784236800,29064.6,29087.6,29060.8,29077.8,273.0
1784236860,29078.2,29094.5,29077.2,29092.8,264.0
1784236920,29091.3,29100.5,29086.7,29089.8,263.0
1784236980,29089.8,29090.7,29071.1,29083.1,254.0
1784237040,29083.2,29090.8,29080.0,29086.5,267.0
1784237100,29086.3,29096.3,29069.7,29070.8,265.0
1784237160,29070.7,29095.1,29063.7,29090.6,260.0
1784237220,29091.1,29098.3,29078.2,29079.0,257.0
1784237280,29079.1,29091.2,29071.2,29072.8,269.0
1784237340,29073.0,29074.1,29059.3,29065.1,264.0
1784237400,29066.0,29066.0,29040.1,29046.3,273.0
1784237460,29048.0,29051.1,29040.8,29045.3,267.0
1784237520,29045.6,29057.3,29043.2,29044.0,260.0
1784237580,29044.2,29054.3,29040.8,29046.3,243.0
1784237640,29046.0,29051.1,29034.8,29042.2,252.0
1784237700,29041.2,29041.2,29028.2,29036.2,249.0
1784237760,29035.5,29035.5,29018.5,29024.2,263.0
1784237820,29024.0,29038.2,29020.2,29029.7,258.0
1784237880,29029.8,29036.5,29027.2,29035.6,239.0
1784237940,29034.8,29035.6,29022.0,29022.6,252.0
1784238000,29024.1,29026.1,28995.7,29002.2,272.0
1784238060,29002.0,29014.2,29000.7,29010.6,260.0
1784238120,29011.3,29023.0,29004.0,29023.0,256.0
1784238180,29022.6,29041.0,29022.6,29034.6,252.0
1784238240,29034.6,29045.7,29029.0,29034.7,260.0
1784238300,29033.2,29045.1,29019.8,29031.1,260.0
1784238360,29031.1,29038.7,29029.8,29032.2,241.0
1784238420,29032.1,29041.8,29027.8,29032.3,246.0
1784238480,29032.2,29048.8,29031.5,29047.3,241.0
1784238540,29047.2,29049.7,29037.6,29041.1,256.0
1784238600,29041.6,29048.0,29034.7,29045.5,248.0
1784238660,29046.0,29046.3,29034.6,29035.8,250.0
1784238720,29035.7,29036.1,29020.2,29022.0,243.0
1784238780,29022.0,29024.0,29010.6,29014.7,234.0
1784238840,29014.7,29016.8,29007.3,29009.2,232.0
1784238900,29010.0,29010.0,28998.6,29000.7,243.0
1784238960,29001.8,29012.7,29000.3,29011.0,247.0
1784239020,29010.7,29019.5,28999.0,29000.2,246.0
1784239080,29000.0,29013.7,28997.0,29013.5,240.0
1784239140,29013.0,29014.5,29003.8,29007.0,230.0
1784239200,29007.7,29025.1,28999.5,29024.7,262.0
1784239260,29024.3,29025.3,29004.7,29011.7,255.0
1784239320,29011.6,29038.7,29010.3,29031.1,257.0
1784239380,29031.3,29032.3,29016.8,29029.5,255.0
1784239440,29029.7,29037.2,29018.7,29024.0,253.0
1784239500,29023.6,29037.1,29013.7,29035.1,235.0
1784239560,29034.0,29035.2,28999.5,29002.7,260.0
1784239620,29002.2,29005.5,28982.1,28989.1,259.0
1784239680,28989.5,28992.3,28982.0,28985.8,254.0
1784239740,28986.5,28987.2,28979.3,28981.6,245.0
1784239800,28980.8,28991.7,28975.0,28984.7,259.0
1784239860,28985.3,28993.5,28980.7,28985.2,255.0
1784239920,28985.0,28985.7,28972.8,28979.8,245.0
1784239980,28980.0,28984.7,28973.2,28975.1,249.0
1784240040,28974.8,28981.2,28973.6,28980.0,237.0
1784240100,28979.7,28980.0,28963.7,28971.3,253.0
1784240160,28971.1,28981.8,28970.2,28971.6,258.0
1784240220,28971.7,28972.3,28947.2,28948.5,243.0
1784240280,28948.5,28962.1,28942.5,28962.0,250.0
1784240340,28961.3,28965.7,28954.0,28959.2,258.0
1784240400,28958.7,28966.0,28954.5,28958.0,257.0
1784240460,28957.7,28977.7,28954.0,28976.7,254.0
1784240520,28976.7,28976.7,28954.1,28957.2,258.0
1784240580,28957.2,28959.7,28946.0,28946.2,245.0
1784240640,28946.2,28952.5,28942.0,28945.7,244.0
1784240700,28945.8,28953.7,28938.0,28938.0,244.0
1784240760,28938.0,28938.5,28918.5,28918.5,252.0
1784240820,28918.5,28930.8,28916.7,28927.5,253.0
1784240880,28927.7,28942.2,28927.5,28940.5,250.0
1784240940,28940.2,28956.3,28940.0,28944.2,238.0
1784241000,28944.2,28966.3,28924.6,28945.0,275.0
1784241060,28944.6,28949.2,28921.7,28922.3,267.0
1784241120,28922.6,28938.3,28915.8,28937.2,273.0
1784241180,28935.3,28936.1,28928.0,28934.8,256.0
1784241240,28935.3,28950.2,28934.2,28946.5,272.0
1784241300,28946.0,28950.8,28928.8,28931.0,272.0
1784241360,28931.0,28937.7,28917.0,28918.7,259.0
1784241420,28919.0,28933.7,28915.6,28932.7,243.0
1784241480,28933.1,28953.8,28931.7,28952.2,268.0
1784241540,28952.0,28959.2,28946.5,28949.1,237.0
1784241600,28948.6,28948.6,28929.0,28940.1,260.0
1784241660,28940.1,28957.1,28940.1,28954.0,256.0
1784241720,28953.5,28957.0,28941.0,28953.1,254.0
1784241780,28951.8,28956.7,28931.0,28932.8,248.0
1784241840,28933.0,28934.7,28916.6,28918.7,247.0
1784241900,28918.5,28921.1,28906.6,28918.5,273.0
1784241960,28917.8,28919.7,28897.6,28900.6,252.0
1784242020,28901.3,28906.1,28891.8,28891.8,251.0
1784242080,28889.2,28889.2,28876.1,28882.3,263.0
1784242140,28882.0,28891.6,28876.2,28890.1,250.0
1784242200,28890.2,28939.1,28890.2,28931.1,260.0
1784242260,28930.7,28953.2,28924.1,28951.0,265.0
1784242320,28952.3,28964.0,28948.8,28958.0,277.0
1784242380,28958.1,28968.0,28948.5,28963.8,266.0
1784242440,28959.5,28972.1,28951.5,28970.5,262.0
1784242500,28989.1,29006.5,28985.1,28998.0,277.0
1784242560,28997.7,28999.6,28983.0,28999.6,269.0
1784242620,28998.2,29001.5,28988.7,28996.5,255.0
1784242680,28996.5,29000.0,28990.5,28996.3,249.0
1784242740,28995.5,29029.5,28995.5,29010.8,263.0
1784242800,29013.7,29022.3,28999.0,29017.3,256.0
1784242860,29002.6,29024.5,28995.2,28998.0,272.0
1784242920,28997.0,29021.6,28994.2,29004.3,251.0
1784242980,29004.3,29019.7,29002.1,29002.7,227.0
1784243040,29001.8,29002.8,28987.6,28995.1,254.0
1784243100,28993.6,28993.7,28977.2,28985.3,215.0
1784243160,28985.6,28989.2,28981.5,28985.2,207.0
1784243220,28987.1,28998.2,28983.6,28986.2,220.0
1784243280,28986.1,28991.1,28984.7,28988.3,205.0
1784243340,28988.6,28990.7,28972.8,28978.3,217.0
1784243400,28979.1,28981.7,28973.8,28978.7,205.0
1784243460,28978.2,28980.8,28973.6,28977.3,175.0
1784243520,28977.7,28981.1,28974.3,28977.3,160.0
1784243580,28976.7,28981.5,28968.1,28968.1,189.0
1784243640,28968.8,28970.3,28962.8,28964.3,225.0
1784243700,28964.2,28969.7,28958.5,28963.3,187.0
1784243760,28964.1,28972.6,28963.7,28971.6,183.0
1784243820,28971.5,28976.2,28969.5,28971.7,154.0
1784243880,28971.5,28988.0,28971.5,28984.6,191.0
1784243940,28984.8,28985.6,28979.7,28983.6,153.0
1784244000,28983.5,28995.8,28982.7,28987.0,175.0
1784244060,28986.8,28992.1,28982.6,28983.7,169.0
1784244120,28983.5,28986.1,28977.7,28985.8,166.0
1784244180,28985.8,28991.1,28984.0,28988.7,160.0
1784244240,28988.7,28989.3,28981.3,28987.3,140.0
1784244300,28987.8,28988.0,28983.1,28985.7,129.0
1784244360,28985.7,28986.5,28982.7,28984.3,121.0
1784244420,28984.6,28986.8,28982.1,28982.3,111.0
1784244480,28982.3,28982.6,28975.1,28976.5,138.0
1784244540,28976.3,28978.0,28975.6,28977.1,96.0
1784244600,28977.0,28977.6,28965.7,28967.6,130.0
1784244660,28967.6,28968.2,28962.1,28963.5,163.0
1784244720,28963.5,28969.0,28960.3,28968.8,160.0
1784244780,28968.8,28970.7,28962.7,28964.5,118.0
1784244840,28964.3,28970.7,28962.8,28969.3,134.0
1784244900,28969.0,28976.2,28968.8,28974.2,112.0
1784244960,28974.1,28974.6,28970.6,28971.5,126.0
1784245020,28971.5,28980.3,28971.5,28978.2,125.0
1784245080,28978.0,28983.6,28977.0,28981.1,118.0
1784245140,28981.1,28982.2,28978.2,28978.2,102.0
1784245200,28978.6,28986.0,28978.6,28980.6,111.0
1784245260,28980.5,28981.8,28978.5,28980.6,108.0
1784245320,28979.6,28979.6,28967.0,28969.6,143.0
1784245380,28969.6,28974.2,28969.6,28971.5,101.0
1784245440,28971.5,28971.5,28967.1,28970.2,125.0
1784245500,28970.2,28975.0,28967.7,28973.8,130.0
1784245560,28973.8,28976.2,28972.0,28972.7,131.0
1784245620,28973.8,28974.5,28967.0,28969.7,139.0
1784245680,28969.5,28970.2,28964.2,28968.5,103.0
1784245740,28968.3,28971.8,28966.5,28967.7,144.0
1784245800,28968.0,28970.3,28966.5,28969.2,82.0
1784245860,28969.3,28969.6,28964.7,28969.6,124.0
1784245920,28968.6,28970.6,28966.0,28969.3,113.0
1784245980,28969.3,28973.3,28969.0,28971.5,110.0
1784246040,28971.5,28974.2,28970.5,28971.8,132.0
1784246100,28971.6,28973.8,28966.6,28969.2,121.0
1784246160,28970.5,28971.6,28969.0,28970.1,78.0
1784246220,28970.1,28972.1,28968.2,28971.5,85.0
1784246280,28971.5,28975.2,28971.3,28971.3,58.0
1784250000,29006.2,29014.8,29000.9,29011.8,124.0
1784250060,29011.0,29011.4,28994.9,28997.0,128.0
1784250120,28997.0,29007.8,28991.2,29000.7,125.0
1784250180,29000.7,29015.0,28999.5,29014.5,101.0
1784250240,29015.4,29018.4,29011.9,29014.0,104.0
1784250300,29014.0,29015.7,29006.3,29008.0,92.0
1784250360,29007.7,29013.3,28999.8,29012.5,105.0
1784250420,29012.9,29013.4,29003.2,29005.7,70.0
1784250480,29005.7,29008.4,29001.0,29002.2,61.0
1784250540,29002.2,29004.0,29000.5,29002.9,53.0
1784250600,29002.9,29005.2,28996.8,29000.4,82.0
1784250660,29000.4,29002.2,28994.9,29001.8,61.0
1784250720,29001.8,29002.4,28998.2,28999.2,66.0
1784250780,28999.0,29001.4,28983.2,28988.9,73.0
1784250840,28988.9,28988.9,28980.0,28985.3,96.0
1784250900,28985.4,28987.0,28976.0,28977.9,99.0
1784250960,28977.9,28978.9,28971.2,28971.7,88.0
1784251020,28971.7,28974.3,28967.9,28974.3,87.0
1784251080,28974.3,28975.0,28966.8,28969.7,68.0
1784251140,28969.8,28970.8,28965.8,28965.8,86.0
1784251200,28965.8,28970.5,28965.4,28966.7,81.0
1784251260,28966.8,28968.0,28955.8,28957.8,101.0
1784251320,28957.8,28961.4,28954.8,28961.4,107.0
1784251380,28961.3,28967.0,28959.9,28967.0,68.0
1784251440,28967.0,28967.3,28959.9,28961.2,94.0
1784251500,28961.2,28962.8,28945.2,28951.0,105.0
1784251560,28951.0,28952.7,28945.2,28952.7,89.0
1784251620,28951.5,28955.8,28948.4,28948.9,93.0
1784251680,28948.9,28949.0,28945.3,28945.3,73.0
1784251740,28945.3,28945.3,28936.7,28939.3,82.0
1784251800,28939.3,28942.4,28935.9,28938.5,89.0
1784251860,28938.5,28939.4,28934.9,28937.0,82.0
1784251920,28936.7,28958.7,28935.0,28957.3,124.0
1784251980,28957.3,28958.9,28950.8,28952.0,90.0
1784252040,28951.9,28952.0,28942.3,28942.9,80.0
1784252100,28942.7,28946.0,28940.8,28941.3,60.0
1784252160,28941.3,28949.0,28938.5,28947.2,66.0
1784252220,28947.3,28956.3,28947.2,28952.9,77.0
1784252280,28952.9,28954.2,28951.7,28952.3,75.0
1784252340,28952.3,28953.4,28951.5,28952.7,31.0
1784252400,28953.0,28953.8,28947.0,28947.3,83.0
1784252460,28947.3,28947.8,28939.2,28940.2,88.0
1784252520,28940.0,28941.7,28932.9,28935.2,98.0
1784252580,28935.2,28939.0,28931.8,28936.5,87.0
1784252640,28936.8,28950.0,28934.8,28948.7,92.0
1784252700,28948.7,28951.0,28942.3,28943.8,108.0
1784252760,28944.0,28948.9,28943.0,28946.9,69.0
1784252820,28946.9,28947.0,28942.8,28944.0,88.0
1784252880,28944.3,28944.3,28933.2,28934.3,125.0
1784252940,28934.3,28936.2,28925.8,28927.9,130.0
1784253000,28928.2,28938.5,28927.2,28938.5,124.0
1784253060,28938.5,28938.5,28931.2,28932.7,101.0
1784253120,28932.7,28932.9,28926.9,28928.0,111.0
1784253180,28928.0,28931.4,28925.0,28925.0,124.0
1784253240,28925.0,28926.9,28922.7,28923.4,121.0
1784253300,28923.4,28928.7,28916.0,28922.8,125.0
1784253360,28922.8,28929.3,28920.5,28926.0,96.0
1784253420,28926.0,28931.3,28925.4,28927.9,98.0
1784253480,28927.9,28943.7,28927.9,28929.9,115.0
1784253540,28930.0,28936.0,28926.2,28935.7,95.0
1784253600,28935.8,28940.9,28919.0,28934.0,130.0
1784253660,28934.0,28934.7,28926.8,28928.5,85.0
1784253720,28928.5,28944.2,28928.5,28942.4,132.0
1784253780,28942.4,28942.5,28937.5,28940.7,88.0
1784253840,28940.7,28943.3,28931.5,28934.2,79.0
1784253900,28934.4,28935.7,28925.4,28927.9,114.0
1784253960,28927.9,28930.5,28924.7,28926.4,97.0
1784254020,28926.8,28930.7,28926.8,28928.0,79.0
1784254080,28928.5,28928.5,28915.0,28915.2,89.0
1784254140,28915.2,28918.3,28912.5,28913.8,124.0
1784254200,28913.9,28915.4,28911.3,28911.3,118.0
1784254260,28911.3,28912.0,28908.3,28911.5,118.0
1784254320,28911.5,28920.0,28911.5,28920.0,111.0
1784254380,28920.0,28935.5,28920.0,28934.5,115.0
1784254440,28934.5,28937.3,28928.7,28931.3,109.0
1784254500,28931.2,28932.9,28924.7,28927.3,100.0
1784254560,28926.5,28929.2,28924.4,28925.7,70.0
1784254620,28925.7,28925.9,28919.0,28920.0,83.0
1784254680,28920.2,28921.7,28909.9,28910.8,97.0
1784254740,28910.8,28913.3,28910.5,28911.0,100.0
1784254800,28911.0,28911.0,28907.0,28907.3,73.0
1784254860,28907.3,28907.9,28904.2,28905.2,67.0
1784254920,28905.2,28905.8,28899.4,28899.9,93.0
1784254980,28899.9,28900.4,28894.9,28897.9,138.0
1784255040,28897.9,28899.0,28891.5,28891.8,130.0
1784255100,28891.5,28892.9,28887.5,28887.9,157.0
1784255160,28886.7,28890.3,28876.3,28887.9,182.0
1784255220,28887.9,28900.9,28887.0,28898.5,155.0
1784255280,28898.5,28903.8,28898.0,28902.3,99.0
1784255340,28902.3,28902.4,28888.3,28892.4,123.0
1784255400,28891.8,28892.9,28883.3,28887.5,122.0
1784255460,28887.8,28896.2,28882.4,28883.2,118.0
1784255520,28883.2,28884.0,28867.5,28872.4,156.0
1784255580,28872.2,28876.0,28868.2,28870.0,129.0
1784255640,28869.8,28888.5,28869.7,28878.4,139.0
1784255700,28878.4,28880.4,28865.9,28866.2,115.0
1784255760,28866.2,28867.3,28862.7,28866.4,103.0
1784255820,28866.4,28867.0,28860.8,28866.2,132.0
1784255880,28866.2,28893.3,28865.7,28893.0,148.0
1784255940,28893.2,28904.3,28892.9,28904.3,111.0
1784256000,28904.2,28928.5,28903.3,28925.8,172.0
1784256060,28925.2,28925.2,28916.5,28920.0,131.0
1784256120,28920.0,28920.8,28915.7,28917.4,100.0
1784256180,28917.3,28917.3,28912.4,28914.8,125.0
1784256240,28914.5,28914.5,28906.7,28908.9,138.0
1784256300,28909.0,28910.7,28890.2,28898.3,220.0
1784256360,28897.5,28900.2,28890.0,28898.0,191.0
1784256420,28898.3,28912.8,28898.3,28911.3,164.0
1784256480,28911.8,28911.9,28890.9,28896.3,176.0
1784256540,28896.3,28899.9,28891.9,28899.0,149.0
1784256600,28898.8,28918.3,28895.9,28916.8,198.0
1784256660,28916.8,28916.8,28908.9,28909.7,150.0
1784256720,28909.8,28919.2,28905.0,28905.4,168.0
1784256780,28903.5,28909.7,28898.3,28903.8,142.0
1784256840,28903.8,28910.5,28894.7,28909.9,165.0
1784256900,28909.9,28910.3,28899.5,28901.2,189.0
1784256960,28901.0,28902.9,28893.3,28895.0,138.0
1784257020,28895.0,28896.8,28883.4,28893.4,179.0
1784257080,28893.4,28895.9,28890.3,28894.9,159.0
1784257140,28894.9,28896.8,28886.2,28896.5,192.0
1784257200,28895.3,28923.3,28895.3,28921.0,259.0
1784257260,28921.2,28924.3,28896.0,28897.0,240.0
1784257320,28896.0,28917.8,28893.2,28911.7,242.0
1784257380,28911.7,28918.2,28907.5,28913.8,235.0
1784257440,28913.8,28915.8,28893.8,28896.2,214.0
1784257500,28895.2,28897.8,28879.4,28886.8,238.0
1784257560,28887.0,28887.0,28870.2,28876.9,244.0
1784257620,28876.7,28877.9,28853.9,28860.7,226.0
1784257680,28861.3,28873.0,28855.8,28870.4,223.0
1784257740,28870.9,28872.4,28861.2,28864.9,211.0
1784257800,28864.7,28864.7,28836.3,28842.0,241.0
1784257860,28843.9,28851.2,28837.0,28845.3,234.0
1784257920,28847.0,28857.5,28838.5,28854.5,225.0
1784257980,28854.9,28855.9,28835.5,28837.3,234.0
1784258040,28837.3,28843.8,28832.2,28842.8,235.0
1784258100,28842.5,28863.9,28835.0,28862.4,241.0
1784258160,28862.4,28869.8,28843.7,28867.9,225.0
1784258220,28867.9,28876.5,28860.9,28873.7,219.0
1784258280,28872.2,28876.4,28846.9,28848.3,244.0
1784258340,28847.7,28849.7,28841.0,28849.2,254.0
1784258400,28847.8,28859.2,28844.3,28855.5,249.0
1784258460,28855.8,28861.7,28833.0,28841.3,232.0
1784258520,28841.0,28841.0,28830.7,28836.0,237.0
1784258580,28837.3,28861.0,28837.3,28851.3,233.0
1784258640,28851.4,28855.5,28835.0,28836.9,230.0
1784258700,28836.9,28841.3,28832.0,28838.3,229.0
1784258760,28838.3,28839.2,28827.5,28831.3,202.0
1784258820,28831.3,28832.3,28823.2,28825.3,217.0
1784258880,28825.8,28826.4,28817.7,28824.7,206.0
1784258940,28822.5,28826.3,28812.2,28818.5,231.0
1784259000,28818.2,28820.2,28807.3,28812.2,218.0
1784259060,28812.0,28819.7,28806.4,28817.9,228.0
1784259120,28818.2,28822.5,28812.0,28816.4,226.0
1784259180,28816.4,28829.9,28816.4,28823.2,233.0
1784259240,28823.0,28829.2,28817.7,28817.8,218.0
1784259300,28817.8,28820.8,28798.7,28801.5,215.0
1784259360,28801.5,28806.4,28798.8,28800.8,212.0
1784259420,28800.8,28807.7,28798.7,28804.3,204.0
1784259480,28805.2,28822.3,28804.0,28819.5,199.0
1784259540,28820.0,28820.9,28803.9,28806.8,218.0
1784259600,28807.2,28813.5,28803.3,28803.8,207.0
1784259660,28803.2,28807.0,28801.0,28805.3,184.0
1784259720,28805.7,28811.5,28795.7,28810.9,203.0
1784259780,28810.8,28816.3,28806.9,28809.5,193.0
1784259840,28810.4,28830.2,28809.2,28824.9,216.0
1784259900,28825.2,28829.5,28818.3,28822.7,241.0
1784259960,28822.5,28834.5,28822.5,28834.2,237.0
1784260020,28834.2,28834.2,28819.9,28826.8,215.0
1784260080,28826.9,28830.4,28823.5,28824.9,218.0
1784260140,28825.5,28836.5,28824.0,28835.3,198.0
1784260200,28834.7,28853.3,28830.3,28853.0,227.0
1784260260,28853.3,28867.3,28852.3,28863.3,206.0
1784260320,28863.0,28866.9,28859.2,28866.3,202.0
1784260380,28865.3,28867.8,28854.5,28867.5,204.0
1784260440,28866.8,28867.4,28859.3,28867.4,203.0
1784260500,28867.4,28882.3,28865.2,28873.2,236.0
1784260560,28871.5,28879.9,28862.8,28863.4,243.0
1784260620,28864.7,28874.7,28861.4,28872.7,226.0
1784260680,28873.0,28876.4,28862.0,28864.0,210.0
1784260740,28864.0,28866.2,28855.5,28857.2,210.0
1784260800,28858.4,28873.9,28854.0,28870.9,243.0
1784260860,28870.9,28882.0,28865.3,28881.8,223.0
1784260920,28882.3,28902.3,28882.3,28885.9,237.0
1784260980,28885.5,28905.8,28883.3,28904.7,215.0
1784261040,28904.0,28904.4,28890.8,28892.5,182.0
1784261100,28892.5,28892.5,28878.2,28888.4,230.0
1784261160,28888.5,28888.5,28856.4,28858.8,237.0
1784261220,28858.7,28858.8,28842.2,28853.4,249.0
1784261280,28853.3,28867.0,28849.4,28867.0,217.0
1784261340,28867.0,28867.0,28844.7,28854.7,203.0
1784261400,28854.8,28860.9,28840.7,28842.9,223.0
1784261460,28842.8,28855.7,28841.8,28851.9,204.0
1784261520,28850.9,28858.3,28844.8,28845.5,205.0
1784261580,28845.5,28849.7,28830.9,28836.0,221.0
1784261640,28836.0,28844.5,28825.0,28829.5,222.0
1784261700,28830.0,28845.8,28830.0,28841.9,214.0
1784261760,28841.9,28845.8,28836.4,28836.4,202.0
1784261820,28836.7,28839.7,28831.3,28832.8,199.0
1784261880,28832.9,28836.8,28823.0,28827.8,185.0
1784261940,28827.8,28829.7,28819.2,28823.0,184.0
1784262000,28823.0,28824.2,28814.9,28822.7,185.0
1784262060,28823.3,28832.9,28821.9,28832.8,203.0
1784262120,28832.8,28833.2,28814.0,28817.4,184.0
1784262180,28817.5,28821.0,28815.2,28819.3,176.0
1784262240,28818.3,28824.4,28814.5,28820.9,209.0
1784262300,28821.4,28825.9,28815.4,28816.8,201.0
1784262360,28818.4,28820.7,28813.0,28814.0,185.0
1784262420,28814.5,28821.2,28813.4,28813.7,203.0
1784262480,28813.7,28831.7,28811.4,28831.5,217.0
1784262540,28831.4,28841.0,28826.8,28840.2,204.0
1784262600,28840.2,28843.8,28818.8,28821.7,234.0
1784262660,28821.5,28821.8,28807.3,28812.9,220.0
1784262720,28812.7,28817.3,28804.8,28805.8,229.0
1784262780,28806.0,28809.2,28785.7,28799.2,238.0
1784262840,28799.2,28804.5,28787.4,28787.4,221.0
1784262900,28787.3,28803.3,28783.4,28803.0,222.0
1784262960,28802.8,28803.9,28793.4,28801.0,226.0
1784263020,28800.9,28811.4,28800.3,28805.7,223.0
1784263080,28806.3,28808.3,28799.9,28802.3,216.0
1784263140,28801.9,28802.2,28795.4,28795.7,195.0
1784263200,28795.7,28800.8,28793.5,28793.9,200.0
1784263260,28794.0,28795.4,28781.7,28783.2,212.0
1784263320,28784.0,28789.8,28780.9,28786.9,204.0
1784263380,28787.5,28793.0,28780.7,28781.9,205.0
1784263440,28781.9,28782.8,28764.8,28773.9,217.0
1784263500,28774.0,28776.3,28765.7,28767.7,232.0
1784263560,28767.9,28770.9,28760.4,28764.3,227.0
1784263620,28764.0,28777.9,28752.7,28773.8,241.0
1784263680,28773.7,28789.9,28771.9,28788.3,232.0
1784263740,28788.4,28788.7,28759.2,28761.2,216.0
1784263800,28762.3,28769.7,28760.2,28761.2,203.0
1784263860,28761.4,28763.8,28747.5,28747.7,231.0
1784263920,28747.4,28756.9,28747.4,28755.7,211.0
1784263980,28755.7,28764.5,28754.3,28756.8,206.0
1784264040,28757.5,28765.0,28754.9,28756.2,197.0
1784264100,28756.3,28762.0,28750.7,28758.0,221.0
1784264160,28758.2,28766.0,28755.3,28761.0,223.0
1784264220,28758.5,28778.9,28758.4,28776.3,210.0
1784264280,28776.3,28777.7,28770.7,28770.8,195.0
1784264340,28770.8,28772.7,28766.2,28771.7,187.0
1784264400,28771.7,28786.5,28769.9,28777.7,231.0
1784264460,28777.5,28782.4,28765.8,28766.7,220.0
1784264520,28766.8,28775.2,28763.9,28774.5,227.0
1784264580,28774.5,28779.5,28766.9,28778.4,213.0
1784264640,28778.0,28781.8,28774.8,28778.9,204.0
1784264700,28779.0,28780.4,28772.5,28775.2,211.0
1784264760,28775.5,28782.4,28764.0,28765.9,210.0
1784264820,28765.9,28767.4,28760.2,28764.3,177.0
1784264880,28764.0,28765.7,28756.5,28757.9,188.0
1784264940,28758.2,28761.7,28751.3,28751.8,177.0
1784265000,28751.7,28759.5,28749.7,28756.7,193.0
1784265060,28756.9,28766.0,28754.5,28764.3,187.0
1784265120,28763.4,28769.9,28761.8,28767.7,193.0
1784265180,28767.3,28768.7,28757.8,28760.7,198.0
1784265240,28760.7,28762.4,28755.0,28758.2,201.0
1784265300,28758.2,28758.2,28750.8,28755.0,200.0
1784265360,28755.5,28761.3,28754.9,28760.7,187.0
1784265420,28760.7,28761.3,28753.0,28756.2,169.0
1784265480,28756.0,28756.0,28742.4,28746.3,178.0
1784265540,28746.3,28748.3,28741.9,28748.3,185.0
1784265600,28748.3,28748.4,28729.5,28729.5,181.0
1784265660,28728.8,28732.9,28727.5,28731.8,197.0
1784265720,28732.0,28733.4,28728.8,28732.5,159.0
1784265780,28732.5,28734.8,28727.3,28729.5,169.0
1784265840,28729.5,28737.9,28725.8,28730.2,178.0
1784265900,28729.9,28732.8,28726.8,28732.2,135.0
1784265960,28731.7,28731.8,28720.8,28722.7,169.0
1784266020,28722.9,28725.5,28717.9,28722.9,178.0
1784266080,28723.2,28738.3,28722.5,28736.8,164.0
1784266140,28736.8,28736.8,28728.2,28728.8,167.0
1784266200,28728.9,28729.2,28716.0,28718.7,199.0
1784266260,28718.7,28727.4,28716.5,28718.8,197.0
1784266320,28719.0,28724.4,28715.8,28722.7,188.0
1784266380,28722.7,28724.0,28715.5,28715.5,170.0
1784266440,28715.5,28716.9,28708.9,28712.9,181.0
1784266500,28713.2,28716.0,28711.0,28714.9,178.0
1784266560,28714.9,28722.4,28711.7,28715.8,183.0
1784266620,28715.7,28716.0,28704.2,28706.8,176.0
1784266680,28706.9,28714.2,28704.5,28708.8,180.0
1784266740,28708.8,28714.0,28707.3,28713.9,153.0
1784266800,28714.2,28725.9,28710.9,28724.5,204.0
1784266860,28724.5,28724.7,28715.3,28716.7,177.0
1784266920,28716.5,28718.3,28708.7,28709.5,168.0
1784266980,28709.5,28738.4,28709.0,28737.0,191.0
1784267040,28735.9,28735.9,28729.3,28734.3,157.0
1784267100,28734.3,28738.2,28724.5,28727.9,193.0
1784267160,28727.9,28728.8,28717.4,28725.0,179.0
1784267220,28725.2,28731.7,28722.0,28725.7,179.0
1784267280,28725.8,28726.8,28711.4,28711.7,184.0
1784267340,28711.3,28715.4,28709.5,28714.2,173.0
1784267400,28714.2,28715.9,28708.7,28708.9,151.0
1784267460,28708.7,28719.7,28706.8,28718.5,172.0
1784267520,28718.5,28718.9,28709.0,28710.0,142.0
1784267580,28709.7,28712.4,28708.0,28711.2,142.0
1784267640,28711.3,28714.5,28705.8,28705.8,174.0
1784267700,28706.0,28710.3,28702.9,28708.3,195.0
1784267760,28708.3,28715.7,28706.4,28715.7,157.0
1784267820,28715.2,28725.0,28712.4,28723.8,187.0
1784267880,28723.5,28731.8,28723.4,28730.8,164.0
1784267940,28730.8,28733.9,28720.3,28725.0,171.0
1784268000,28725.3,28734.9,28725.3,28726.5,213.0
1784268060,28726.5,28729.2,28716.2,28717.7,188.0
1784268120,28717.8,28725.7,28717.7,28725.5,166.0
1784268180,28725.5,28736.5,28725.5,28734.0,173.0
1784268240,28733.7,28745.7,28733.7,28743.3,174.0
1784268300,28741.5,28749.8,28741.0,28749.2,197.0
1784268360,28748.9,28754.0,28746.9,28752.7,195.0
1784268420,28752.7,28754.3,28749.7,28752.9,189.0
1784268480,28752.8,28753.9,28748.0,28752.0,193.0
1784268540,28752.2,28756.5,28749.7,28751.4,162.0
1784268600,28751.4,28754.2,28747.8,28753.7,171.0
1784268660,28753.7,28753.7,28747.8,28751.9,173.0
1784268720,28751.7,28755.7,28748.8,28753.4,168.0
1784268780,28753.4,28760.3,28751.5,28754.7,160.0
1784268840,28754.8,28755.4,28751.8,28754.8,146.0
1784268900,28754.8,28762.9,28754.4,28762.9,152.0
1784268960,28763.4,28768.2,28762.5,28765.0,174.0
1784269020,28765.3,28772.8,28765.3,28771.9,162.0
1784269080,28772.5,28778.4,28769.8,28776.7,169.0
1784269140,28776.9,28782.4,28775.4,28781.9,170.0
1784269200,28781.8,28788.5,28780.0,28788.4,170.0
1784269260,28788.7,28790.9,28785.4,28790.4,177.0
1784269320,28791.2,28816.8,28788.3,28816.8,185.0
1784269380,28817.3,28817.3,28803.8,28805.4,202.0
1784269440,28806.3,28807.8,28799.2,28799.2,185.0
1784269500,28799.2,28804.7,28798.8,28801.3,171.0
1784269560,28801.7,28813.4,28800.3,28812.9,178.0
1784269620,28812.9,28825.8,28812.0,28821.8,201.0
1784269680,28821.9,28822.9,28815.2,28816.3,186.0
1784269740,28816.3,28818.7,28812.2,28814.8,152.0
1784269800,28815.2,28817.0,28794.4,28796.4,233.0
1784269860,28797.2,28799.3,28787.8,28790.0,199.0
1784269920,28790.0,28791.4,28785.5,28789.4,196.0
1784269980,28789.7,28793.4,28780.8,28780.9,198.0
1784270040,28780.7,28782.8,28770.7,28777.0,201.0
1784270100,28777.0,28791.7,28773.4,28791.7,230.0
1784270160,28791.7,28794.9,28784.3,28787.9,198.0
1784270220,28787.5,28788.8,28776.5,28778.0,188.0
1784270280,28778.0,28779.8,28775.5,28779.5,157.0
1784270340,28779.8,28780.3,28768.8,28768.9,174.0
1784270400,28768.9,28770.0,28752.7,28755.7,209.0
1784270460,28755.9,28757.0,28751.3,28754.2,192.0
1784270520,28755.2,28761.4,28752.8,28759.0,178.0
1784270580,28758.8,28759.0,28743.5,28749.4,199.0
1784270640,28749.4,28756.8,28748.5,28756.3,199.0
1784270700,28756.3,28759.9,28746.9,28751.0,182.0
1784270760,28751.3,28754.2,28745.2,28745.2,147.0
1784270820,28744.9,28747.5,28739.3,28740.0,188.0
1784270880,28739.9,28740.4,28735.5,28736.7,186.0
1784270940,28736.7,28741.4,28734.5,28739.3,184.0
1784271000,28739.2,28739.7,28726.8,28728.9,161.0
1784271060,28729.0,28734.9,28728.3,28732.4,198.0
1784271120,28732.7,28739.7,28728.5,28730.2,183.0
1784271180,28730.2,28731.8,28723.9,28724.0,156.0
1784271240,28723.9,28732.2,28720.3,28721.8,185.0
1784271300,28721.8,28726.0,28718.0,28719.5,182.0
1784271360,28719.5,28723.2,28715.0,28721.5,189.0
1784271420,28721.4,28723.4,28716.3,28722.9,179.0
1784271480,28722.8,28723.4,28718.7,28722.7,162.0
1784271540,28722.4,28723.5,28711.0,28711.5,157.0
1784271600,28711.5,28712.5,28683.9,28693.2,221.0
1784271660,28693.4,28699.4,28684.8,28687.4,215.0
1784271720,28687.4,28687.4,28674.0,28678.3,210.0
1784271780,28678.3,28682.4,28671.7,28679.4,186.0
1784271840,28679.4,28685.3,28663.8,28663.8,196.0
1784271900,28663.8,28673.7,28662.9,28671.7,212.0
1784271960,28672.2,28678.5,28666.7,28666.7,194.0
1784272020,28666.9,28675.0,28656.3,28673.8,209.0
1784272080,28673.8,28677.5,28668.9,28672.7,219.0
1784272140,28672.7,28679.2,28661.8,28661.8,199.0
1784272200,28661.8,28661.8,28648.3,28653.4,207.0
1784272260,28653.4,28670.3,28651.3,28663.5,193.0
1784272320,28663.7,28669.0,28657.2,28665.2,178.0
1784272380,28665.0,28666.4,28645.5,28649.4,197.0
1784272440,28649.0,28654.4,28644.2,28650.0,161.0
1784272500,28650.0,28652.0,28642.9,28649.4,176.0
1784272560,28649.4,28655.2,28645.9,28654.0,155.0
1784272620,28654.4,28657.5,28643.3,28646.2,158.0
1784272680,28646.4,28650.7,28642.9,28649.9,153.0
1784272740,28650.5,28650.5,28636.5,28642.0,193.0
1784272800,28641.8,28658.9,28641.5,28657.7,219.0
1784272860,28657.9,28659.3,28629.9,28632.5,169.0
1784272920,28633.0,28640.9,28631.8,28636.0,201.0
1784272980,28635.9,28641.3,28633.8,28634.4,190.0
1784273040,28635.0,28635.9,28626.4,28628.4,164.0
1784273100,28628.7,28629.3,28620.3,28625.4,197.0
1784273160,28624.3,28628.8,28619.4,28623.0,191.0
1784273220,28623.3,28624.4,28606.5,28609.9,201.0
1784273280,28610.8,28618.7,28605.7,28612.7,215.0
1784273340,28613.4,28613.4,28603.5,28608.7,199.0
1784273400,28608.2,28623.2,28599.0,28604.0,234.0
1784273460,28604.0,28608.8,28599.4,28606.9,208.0
1784273520,28607.0,28609.5,28599.5,28602.5,174.0
1784273580,28602.5,28603.7,28593.7,28595.5,185.0
1784273640,28595.2,28595.5,28585.0,28590.4,216.0
1784273700,28590.7,28598.2,28582.7,28595.9,215.0
1784273760,28594.8,28601.8,28588.9,28588.9,215.0
1784273820,28588.8,28595.4,28585.8,28589.9,217.0
1784273880,28589.9,28590.0,28575.3,28583.8,209.0
1784273940,28584.3,28598.7,28583.9,28597.8,203.0
1784274000,28598.2,28598.3,28586.8,28591.0,207.0
1784274060,28591.2,28603.2,28584.3,28592.2,213.0
1784274120,28592.2,28609.4,28590.9,28609.4,232.0
1784274180,28609.7,28617.3,28608.9,28614.8,204.0
1784274240,28613.5,28616.7,28605.9,28610.4,230.0
1784274300,28610.2,28619.0,28610.2,28617.2,226.0
1784274360,28616.9,28628.3,28616.4,28626.5,220.0
1784274420,28626.5,28626.5,28618.8,28624.2,219.0
1784274480,28624.2,28635.4,28619.8,28634.8,220.0
1784274540,28634.2,28635.4,28624.3,28624.3,193.0
1784274600,28624.3,28632.0,28622.0,28625.4,218.0
1784274660,28625.3,28631.7,28621.0,28622.8,204.0
1784274720,28622.9,28637.5,28622.9,28636.8,191.0
1784274780,28636.8,28638.0,28627.2,28629.5,200.0
1784274840,28629.5,28639.7,28629.5,28638.7,178.0
1784274900,28638.5,28640.8,28633.8,28638.2,189.0
1784274960,28638.3,28639.3,28631.8,28634.0,199.0
1784275020,28633.8,28635.0,28614.4,28614.9,195.0
1784275080,28614.0,28618.2,28607.4,28617.4,198.0
1784275140,28617.5,28617.5,28605.8,28605.8,176.0
1784275200,28606.9,28608.7,28596.5,28598.2,225.0
1784275260,28598.4,28608.0,28591.8,28591.8,225.0
1784275320,28591.5,28595.4,28587.7,28592.0,218.0
1784275380,28593.2,28607.5,28591.3,28607.3,226.0
1784275440,28606.2,28619.8,28605.7,28617.7,216.0
1784275500,28616.9,28618.5,28595.4,28596.4,227.0
1784275560,28596.3,28599.4,28589.7,28595.0,221.0
1784275620,28595.4,28598.4,28589.5,28595.4,196.0
1784275680,28595.3,28600.9,28591.0,28598.7,216.0
1784275740,28598.7,28608.3,28594.2,28605.9,223.0
1784275800,28606.2,28614.3,28603.0,28607.2,228.0
1784275860,28607.2,28608.3,28595.8,28596.5,218.0
1784275920,28596.5,28601.3,28589.8,28594.7,226.0
1784275980,28594.3,28609.3,28589.3,28607.4,204.0
1784276040,28607.9,28613.2,28601.3,28602.7,202.0
1784276100,28602.9,28607.0,28592.8,28594.7,215.0
1784276160,28594.7,28611.7,28588.4,28611.4,226.0
1784276220,28611.4,28621.5,28610.4,28618.4,230.0
1784276280,28618.8,28621.8,28607.3,28608.8,198.0
1784276340,28608.5,28617.8,28608.5,28610.5,203.0
1784276400,28610.5,28611.7,28593.7,28594.4,197.0
1784276460,28594.3,28600.7,28591.3,28596.8,204.0
1784276520,28596.7,28600.9,28589.4,28598.0,196.0
1784276580,28598.2,28603.7,28590.0,28601.5,184.0
1784276640,28600.4,28600.4,28589.7,28590.3,208.0
1784276700,28590.5,28595.7,28583.9,28593.5,228.0
1784276760,28593.8,28596.2,28587.9,28592.9,214.0
1784276820,28592.9,28593.7,28586.0,28588.3,190.0
1784276880,28588.5,28601.9,28587.5,28593.7,228.0
1784276940,28593.7,28599.5,28587.9,28590.9,212.0
1784277000,28591.0,28611.3,28590.9,28597.4,222.0
1784277060,28598.0,28603.9,28589.0,28595.8,225.0
1784277120,28595.5,28598.2,28588.2,28590.4,210.0
1784277180,28590.4,28594.5,28582.3,28584.2,225.0
1784277240,28584.2,28584.8,28563.3,28573.3,220.0
1784277300,28573.2,28583.8,28562.0,28562.0,220.0
1784277360,28562.0,28564.2,28554.5,28562.5,230.0
1784277420,28562.7,28565.0,28540.7,28545.8,234.0
1784277480,28545.5,28551.5,28540.5,28546.0,222.0
1784277540,28546.4,28547.3,28541.2,28544.0,194.0
1784277600,28544.0,28549.5,28536.2,28541.5,231.0
1784277660,28541.5,28544.9,28535.9,28541.4,226.0
1784277720,28541.8,28550.5,28537.0,28549.3,235.0
1784277780,28549.3,28554.2,28527.0,28531.3,216.0
1784277840,28531.5,28559.3,28531.4,28559.0,221.0
1784277900,28559.2,28561.5,28541.3,28542.9,223.0
1784277960,28543.0,28551.5,28540.5,28548.9,188.0
1784278020,28548.8,28556.5,28539.3,28543.8,207.0
1784278080,28543.8,28561.8,28542.3,28561.5,212.0
1784278140,28561.8,28573.5,28560.7,28564.4,213.0
1784278200,28564.7,28568.0,28560.9,28564.5,237.0
1784278260,28564.7,28568.0,28549.0,28549.5,219.0
1784278320,28549.5,28553.7,28540.5,28547.2,234.0
1784278380,28547.3,28555.2,28546.3,28551.0,215.0
1784278440,28551.0,28559.5,28546.5,28559.4,205.0
1784278500,28559.4,28563.7,28543.4,28551.7,219.0
1784278560,28551.9,28554.7,28538.0,28542.8,223.0
1784278620,28542.8,28545.7,28533.7,28541.5,214.0
1784278680,28541.5,28546.9,28536.7,28546.8,182.0
1784278740,28548.0,28557.8,28547.3,28555.8,189.0
1784278800,28555.8,28568.5,28552.9,28562.2,246.0
1784278860,28561.4,28565.7,28544.3,28546.9,204.0
1784278920,28546.9,28563.9,28546.9,28563.3,221.0
1784278980,28562.9,28573.2,28562.9,28569.5,209.0
1784279040,28569.8,28573.4,28560.7,28561.9,174.0
1784279100,28562.3,28573.4,28562.3,28569.4,223.0
1784279160,28569.5,28569.5,28547.9,28550.0,187.0
1784279220,28549.9,28550.6,28534.3,28535.5,218.0
1784279280,28535.6,28541.0,28524.1,28532.4,230.0
1784279340,28532.4,28537.8,28531.0,28532.5,224.0
1784279400,28532.4,28546.4,28527.6,28544.1,226.0
1784279460,28544.0,28559.4,28543.9,28554.4,213.0
1784279520,28554.4,28564.4,28554.1,28559.6,219.0
1784279580,28559.8,28564.4,28558.9,28562.4,199.0
1784279640,28562.4,28567.9,28557.1,28558.0,213.0
1784279700,28556.8,28565.9,28550.4,28565.1,215.0
1784279760,28565.0,28573.1,28561.9,28573.1,190.0
1784279820,28572.8,28573.9,28566.3,28573.3,177.0
1784279880,28573.0,28573.8,28566.9,28567.4,181.0
1784279940,28567.5,28573.6,28567.3,28572.8,163.0
1784280000,28572.8,28588.3,28572.3,28587.8,189.0
1784280060,28588.6,28598.6,28588.3,28595.6,194.0
1784280120,28595.4,28597.6,28587.3,28596.3,189.0
1784280180,28596.4,28608.5,28593.9,28598.8,216.0
1784280240,28599.8,28610.8,28597.9,28609.1,175.0
1784280300,28609.1,28624.0,28609.1,28612.6,219.0
1784280360,28612.6,28619.6,28608.8,28619.0,199.0
1784280420,28619.3,28624.0,28617.0,28621.1,199.0
1784280480,28621.1,28624.6,28614.0,28618.9,174.0
1784280540,28619.0,28622.8,28611.9,28615.6,204.0
1784280600,28615.5,28624.4,28605.9,28620.9,219.0
1784280660,28621.0,28624.6,28615.1,28623.5,211.0
1784280720,28623.6,28623.9,28609.8,28614.5,187.0
1784280780,28615.8,28621.4,28612.9,28619.4,170.0
1784280840,28619.4,28622.3,28615.0,28616.9,186.0
1784280900,28616.9,28616.9,28605.0,28605.6,197.0
1784280960,28605.6,28613.9,28605.6,28609.3,196.0
1784281020,28609.3,28609.9,28588.4,28588.4,189.0
1784281080,28588.9,28589.4,28579.6,28584.6,210.0
1784281140,28584.9,28591.0,28574.6,28574.9,197.0
1784281200,28575.0,28583.1,28572.6,28578.3,183.0
1784281260,28579.6,28579.6,28566.5,28573.0,197.0
1784281320,28573.0,28576.3,28569.8,28570.8,166.0
1784281380,28570.8,28573.1,28562.6,28564.0,164.0
1784281440,28564.0,28576.3,28563.8,28575.0,173.0
1784281500,28575.0,28575.0,28563.1,28567.0,195.0
1784281560,28567.0,28569.5,28543.9,28546.6,185.0
1784281620,28546.6,28550.6,28545.1,28547.1,172.0
1784281680,28547.0,28562.8,28541.8,28561.6,168.0
1784281740,28561.1,28561.6,28548.9,28551.5,165.0
1784281800,28551.8,28552.8,28540.5,28550.8,173.0
1784281860,28550.8,28551.6,28539.3,28545.8,180.0
1784281920,28545.6,28554.4,28542.5,28554.3,142.0
1784281980,28554.0,28554.8,28535.3,28537.1,171.0
1784282040,28537.0,28547.1,28537.0,28545.8,166.0
1784282100,28545.3,28551.1,28543.8,28549.1,146.0
1784282160,28550.1,28551.5,28538.5,28539.6,191.0
1784282220,28539.8,28540.9,28532.6,28537.5,177.0
1784282280,28537.6,28544.1,28535.8,28542.5,167.0
1784282340,28542.4,28545.9,28537.6,28543.6,160.0
1784282400,28543.8,28545.8,28529.3,28538.4,250.0
1784282460,28538.0,28547.3,28529.5,28546.8,245.0
1784282520,28546.6,28564.5,28545.9,28559.1,216.0
1784282580,28559.1,28559.1,28547.3,28553.1,240.0
1784282640,28553.0,28567.3,28553.0,28566.0,220.0
1784282700,28566.1,28566.1,28557.6,28562.6,223.0
1784282760,28562.8,28564.4,28544.1,28550.1,205.0
1784282820,28550.1,28559.1,28536.5,28540.8,213.0
1784282880,28540.8,28549.5,28536.9,28537.4,206.0
1784282940,28537.1,28539.6,28527.5,28534.4,218.0
1784283000,28533.9,28536.8,28523.8,28527.4,227.0
1784283060,28527.0,28535.4,28521.6,28534.4,199.0
1784283120,28534.5,28543.9,28529.9,28543.3,222.0
1784283180,28542.5,28546.5,28524.6,28532.3,216.0
1784283240,28532.3,28552.3,28532.3,28551.9,222.0
1784283300,28551.9,28564.5,28551.9,28553.5,217.0
1784283360,28553.0,28558.0,28543.0,28556.1,201.0
1784283420,28556.1,28558.9,28548.6,28553.9,200.0
1784283480,28553.9,28556.0,28544.9,28553.6,191.0
1784283540,28553.3,28559.0,28548.9,28557.4,181.0
1784283600,28557.6,28557.6,28545.5,28548.5,205.0
1784283660,28543.9,28543.9,28529.0,28531.3,201.0
1784283720,28531.3,28531.9,28521.6,28528.6,174.0
1784283780,28528.8,28535.8,28522.6,28524.1,200.0
1784283840,28525.8,28525.8,28517.9,28521.5,208.0
1784283900,28522.1,28529.4,28514.3,28521.0,217.0
1784283960,28521.0,28546.3,28521.0,28546.3,202.0
1784284020,28545.9,28552.8,28545.1,28547.8,204.0
1784284080,28547.6,28550.8,28542.9,28545.3,195.0
1784284140,28545.4,28551.1,28543.8,28547.3,194.0
1784284200,28547.5,28556.3,28543.3,28553.3,204.0
1784284260,28553.5,28558.6,28549.4,28554.0,211.0
1784284320,28554.1,28558.5,28550.0,28550.9,194.0
1784284380,28550.3,28551.0,28531.8,28535.0,205.0
1784284440,28535.4,28536.5,28525.8,28526.3,193.0
1784284500,28526.0,28526.0,28515.9,28517.9,192.0
1784284560,28517.3,28523.5,28511.1,28518.6,199.0
1784284620,28519.1,28525.0,28509.5,28517.5,205.0
1784284680,28517.6,28523.8,28515.5,28518.4,204.0
1784284740,28517.8,28520.5,28514.1,28520.5,166.0
1784284800,28520.5,28529.8,28511.8,28511.9,185.0
1784284860,28511.9,28515.0,28505.4,28507.5,175.0
1784284920,28507.6,28508.8,28503.5,28503.6,184.0
1784284980,28504.3,28519.8,28502.5,28516.9,178.0
1784285040,28516.9,28525.4,28511.6,28515.6,193.0
1784285100,28515.3,28516.1,28491.9,28498.5,189.0
1784285160,28497.6,28502.0,28489.4,28496.9,203.0
1784285220,28496.5,28505.3,28491.3,28504.9,200.0
1784285280,28504.6,28511.5,28494.8,28499.4,200.0
1784285340,28499.3,28511.8,28494.4,28507.8,190.0
1784285400,28508.5,28511.3,28503.6,28506.8,188.0
1784285460,28506.6,28513.3,28499.9,28501.5,195.0
1784285520,28502.3,28507.8,28497.9,28505.5,171.0
1784285580,28505.6,28514.4,28498.0,28501.9,193.0
1784285640,28501.9,28512.3,28500.9,28503.6,155.0
1784285700,28503.5,28512.1,28498.3,28512.1,185.0
1784285760,28512.1,28521.6,28500.9,28501.3,188.0
1784285820,28501.0,28505.9,28488.6,28488.6,189.0
1784285880,28488.6,28498.3,28486.1,28492.9,214.0
1784285940,28491.9,28492.9,28483.8,28486.9,188.0
1784286000,28496.5,28503.3,28480.0,28499.4,254.0
1784286060,28499.6,28513.4,28497.3,28510.3,256.0
1784286120,28510.3,28529.0,28509.8,28528.4,246.0
1784286180,28528.3,28530.9,28502.9,28504.6,227.0
1784286240,28503.8,28524.0,28493.8,28520.6,247.0
1784286300,28520.3,28534.3,28519.6,28526.0,234.0
1784286360,28525.6,28534.4,28519.4,28521.4,233.0
1784286420,28521.6,28522.9,28503.1,28505.8,237.0
1784286480,28506.0,28510.4,28498.1,28501.3,204.0
1784286540,28500.9,28514.5,28495.1,28509.9,219.0
1784286600,28509.8,28509.8,28472.1,28477.5,247.0
1784286660,28478.3,28480.4,28468.1,28472.0,240.0
1784286720,28472.0,28477.8,28469.0,28476.6,231.0
1784286780,28476.5,28481.3,28470.4,28478.9,228.0
1784286840,28479.5,28482.5,28472.9,28476.6,237.0
1784286900,28477.6,28479.4,28460.9,28460.9,253.0
1784286960,28461.0,28461.0,28412.5,28413.5,258.0
1784287020,28415.1,28419.5,28389.1,28391.6,250.0
1784287080,28391.1,28411.4,28386.5,28404.0,249.0
1784287140,28402.9,28404.6,28381.5,28391.0,236.0
1784287200,28390.6,28395.3,28380.4,28387.8,264.0
1784287260,28387.3,28400.0,28383.0,28394.1,250.0
1784287320,28394.1,28400.0,28384.5,28393.3,226.0
1784287380,28393.0,28414.3,28389.9,28414.1,234.0
1784287440,28414.0,28414.4,28390.3,28401.8,247.0
1784287500,28400.0,28407.5,28391.1,28391.1,231.0
1784287560,28391.1,28405.3,28379.1,28405.3,219.0
1784287620,28405.3,28423.8,28404.9,28413.8,235.0
1784287680,28414.1,28432.5,28414.0,28428.5,211.0
1784287740,28427.3,28428.4,28407.6,28408.9,216.0
1784287800,28409.6,28416.8,28404.4,28407.1,228.0
1784287860,28407.3,28409.5,28383.9,28383.9,228.0
1784287920,28384.8,28388.4,28381.3,28382.1,217.0
1784287980,28382.1,28387.1,28378.6,28381.6,216.0
1784288040,28381.6,28389.5,28377.5,28381.9,210.0
1784288100,28383.0,28390.3,28379.6,28384.4,212.0
1784288160,28383.9,28390.1,28382.6,28389.0,213.0
1784288220,28389.0,28389.3,28378.0,28384.3,199.0
1784288280,28384.3,28386.4,28364.8,28368.3,193.0
1784288340,28367.9,28372.5,28365.0,28370.0,214.0
1784288400,28371.8,28376.6,28366.5,28373.4,214.0
1784288460,28374.0,28379.0,28367.8,28373.8,221.0
1784288520,28373.8,28373.8,28357.0,28370.8,229.0
1784288580,28370.5,28379.1,28361.0,28375.1,215.0
1784288640,28375.1,28391.6,28375.1,28385.8,230.0
1784288700,28386.5,28403.5,28381.9,28401.0,227.0
1784288760,28400.4,28405.5,28399.3,28404.8,203.0
1784288820,28404.6,28412.0,28397.3,28409.0,219.0
1784288880,28409.0,28415.3,28405.1,28409.9,205.0
1784288940,28409.5,28409.6,28391.0,28394.3,210.0
1784289000,28394.3,28406.9,28393.0,28400.9,184.0
1784289060,28400.8,28407.1,28393.4,28404.1,214.0
1784289120,28405.1,28406.8,28393.4,28393.4,190.0
1784289180,28393.6,28415.5,28391.9,28415.4,201.0
1784289240,28415.5,28432.5,28415.5,28425.8,219.0
1784289300,28425.9,28441.0,28423.4,28438.0,198.0
1784289360,28438.1,28443.8,28436.0,28441.3,227.0
1784289420,28441.4,28447.5,28435.1,28447.5,206.0
1784289480,28447.4,28459.8,28433.0,28433.0,206.0
1784289540,28433.0,28436.0,28424.6,28429.3,205.0
1784289600,28429.8,28433.0,28419.3,28432.6,230.0
1784289660,28433.8,28440.5,28421.6,28430.9,230.0
1784289720,28430.9,28434.9,28423.6,28425.3,197.0
1784289780,28424.1,28439.5,28424.1,28436.6,210.0
1784289840,28436.1,28439.4,28429.6,28439.1,207.0
1784289900,28439.3,28439.6,28427.5,28429.9,193.0
1784289960,28429.6,28436.6,28428.1,28429.1,182.0
1784290020,28429.1,28445.1,28424.5,28436.3,215.0
1784290080,28436.5,28444.4,28431.3,28443.5,215.0
1784290140,28443.6,28450.4,28441.9,28449.9,200.0
1784290200,28450.0,28450.5,28443.1,28447.8,194.0
1784290260,28447.8,28451.8,28439.4,28442.3,211.0
1784290320,28442.3,28450.0,28440.0,28447.0,200.0
1784290380,28447.9,28465.3,28446.5,28459.0,210.0
1784290440,28459.9,28476.1,28459.4,28472.8,200.0
1784290500,28472.8,28472.8,28450.9,28454.1,210.0
1784290560,28454.1,28458.5,28451.1,28456.6,192.0
1784290620,28455.0,28455.0,28441.4,28442.9,197.0
1784290680,28442.9,28444.6,28432.8,28435.3,198.0
1784290740,28435.6,28442.9,28430.3,28439.4,187.0
1784290800,28439.5,28451.3,28438.6,28450.6,199.0
1784290860,28451.3,28456.3,28446.0,28448.1,193.0
1784290920,28448.1,28449.1,28436.4,28438.1,206.0
1784290980,28438.1,28458.8,28433.9,28458.8,168.0
1784291040,28459.0,28468.0,28459.0,28468.0,203.0
1784291100,28468.1,28477.4,28467.4,28473.5,183.0
1784291160,28473.6,28485.1,28473.6,28484.9,217.0
1784291220,28485.3,28488.3,28481.1,28484.9,204.0
1784291280,28485.4,28490.1,28481.3,28490.1,167.0
1784291340,28488.8,28490.1,28482.5,28490.1,181.0
1784291400,28490.3,28492.5,28476.9,28482.4,199.0
1784291460,28482.0,28494.4,28478.6,28478.6,208.0
1784291520,28478.6,28478.6,28468.1,28471.5,186.0
1784291580,28471.6,28472.1,28465.3,28465.3,189.0
1784291640,28465.3,28470.0,28462.5,28466.9,170.0
1784291700,28466.0,28486.5,28464.3,28482.3,203.0
1784291760,28482.5,28486.1,28477.1,28478.0,171.0
1784291820,28478.1,28480.5,28470.0,28474.4,205.0
1784291880,28474.3,28486.3,28473.4,28483.9,180.0
1784291940,28484.5,28515.6,28483.3,28507.1,195.0
1784292000,28507.1,28508.0,28494.9,28499.4,210.0
1784292060,28498.5,28500.8,28484.3,28485.3,185.0
1784292120,28485.1,28493.4,28482.4,28488.3,203.0
1784292180,28488.4,28496.1,28484.6,28491.8,182.0
1784292240,28491.8,28491.8,28481.0,28485.9,187.0
1784292300,28485.9,28499.6,28485.3,28486.9,196.0
1784292360,28487.1,28498.1,28484.9,28493.0,202.0
1784292420,28492.9,28507.6,28492.5,28503.3,186.0
1784292480,28503.6,28512.5,28499.8,28503.4,183.0
1784292540,28503.3,28504.8,28491.0,28491.1,194.0
1784292600,28491.1,28518.6,28491.1,28509.6,228.0
1784292660,28509.6,28518.5,28504.3,28511.0,217.0
1784292720,28510.0,28515.4,28506.0,28514.3,199.0
1784292780,28514.3,28527.4,28514.3,28516.1,207.0
1784292840,28515.8,28524.1,28514.3,28514.8,176.0
1784292900,28515.1,28515.1,28499.4,28499.4,207.0
1784292960,28500.0,28505.9,28496.6,28500.6,181.0
1784293020,28500.4,28507.6,28497.6,28506.8,167.0
1784293080,28507.0,28514.4,28502.6,28509.5,212.0
1784293140,28509.3,28512.8,28504.8,28511.0,194.0
1784293200,28513.6,28520.8,28504.1,28519.6,244.0
1784293260,28519.9,28528.3,28519.4,28524.4,212.0
1784293320,28525.0,28527.8,28507.0,28507.5,200.0
1784293380,28507.8,28508.5,28493.5,28503.3,203.0
1784293440,28503.3,28516.0,28498.0,28512.9,174.0
1784293500,28512.9,28531.5,28512.1,28528.3,189.0
1784293560,28528.3,28538.5,28527.4,28529.9,213.0
1784293620,28529.3,28538.8,28526.3,28529.3,202.0
1784293680,28530.5,28539.0,28529.3,28532.8,208.0
1784293740,28532.8,28542.5,28526.6,28541.0,228.0
1784293800,28540.6,28544.5,28526.4,28544.5,201.0
1784293860,28544.6,28556.9,28539.1,28546.3,214.0
1784293920,28541.9,28544.3,28527.6,28537.9,220.0
1784293980,28538.4,28548.0,28533.6,28546.4,195.0
1784294040,28546.4,28571.1,28545.0,28567.6,214.0
1784294100,28567.6,28584.5,28567.1,28575.0,215.0
1784294160,28575.0,28587.4,28574.6,28584.0,224.0
1784294220,28584.1,28586.4,28575.8,28580.8,223.0
1784294280,28580.8,28580.8,28565.6,28570.4,189.0
1784294340,28569.9,28569.9,28554.8,28560.0,204.0
1784294400,28559.9,28564.9,28552.9,28558.0,194.0
1784294460,28557.5,28559.4,28536.5,28539.6,210.0
1784294520,28539.6,28547.8,28524.9,28546.3,208.0
1784294580,28546.5,28552.1,28541.0,28552.0,197.0
1784294640,28550.8,28561.5,28544.6,28545.1,196.0
1784294700,28545.1,28552.0,28541.5,28542.6,182.0
1784294760,28542.6,28553.5,28534.8,28549.9,179.0
1784294820,28550.1,28562.9,28545.8,28558.1,192.0
1784294880,28557.5,28566.0,28554.0,28565.5,174.0
1784294940,28565.6,28576.3,28563.0,28574.3,200.0
1784295000,28461.943359375,28473.826171875,28454.41015625,28463.98046875,0.0
1784295060,28477.83984375,28498.96875,28477.83984375,28496.73828125,11627529.0
1784295120,28505.375,28505.375,28451.67578125,28453.0625,13026769.0
1784295180,28451.640625,28451.640625,28396.607421875,28396.607421875,13692487.0
1784295240,28391.572265625,28391.572265625,28358.953125,28380.916015625,8976435.0
1784295300,28371.36328125,28371.36328125,28353.7109375,28353.7109375,9753475.0
1784295360,28354.55859375,28382.25390625,28339.150390625,28344.876953125,10081438.0
1784295420,28347.40625,28347.40625,28317.62890625,28323.654296875,8010414.0
1784295480,28322.619140625,28325.005859375,28300.177734375,28300.177734375,9017595.0
1784295540,28301.33984375,28301.33984375,28280.44140625,28287.810546875,9152072.0
1784295600,28283.318359375,28317.4453125,28283.318359375,28303.78515625,8655856.0
1784295660,28317.275390625,28332.373046875,28293.4296875,28293.4296875,8039803.0
1784295720,28288.984375,28288.984375,28257.931640625,28264.60546875,8181721.0
1784295780,28245.8203125,28258.10546875,28237.59765625,28237.59765625,5813989.0
1784295840,28235.19140625,28266.736328125,28233.681640625,28239.873046875,6982899.0
1784295900,28257.90625,28274.9140625,28241.201171875,28261.533203125,6782676.0
1784295960,28278.177734375,28295.724609375,28267.3828125,28267.3828125,6470841.0
1784296020,28255.646484375,28302.814453125,28255.646484375,28302.236328125,5808870.0
1784296080,28304.783203125,28331.77734375,28304.412109375,28323.052734375,7244740.0
1784296140,28330.568359375,28330.568359375,28298.244140625,28319.98046875,7328239.0
1784296200,28311.03515625,28356.068359375,28308.94921875,28353.71484375,6184567.0
1784296260,28348.05859375,28364.17578125,28345.705078125,28352.89453125,6824790.0
1784296320,28346.791015625,28393.244140625,28346.791015625,28392.7109375,5914242.0
1784296380,28380.77734375,28417.447265625,28380.77734375,28415.38671875,6266883.0
1784296440,28421.8984375,28434.1328125,28417.62890625,28430.873046875,5628600.0
1784296500,28410.904296875,28453.353515625,28410.904296875,28449.146484375,5322453.0
1784296560,28439.7421875,28459.21484375,28437.673828125,28459.21484375,4633750.0
1784296620,28442.802734375,28477.435546875,28442.802734375,28474.515625,4535527.0
1784296680,28478.23046875,28499.537109375,28478.23046875,28499.537109375,5200612.0
1784296740,28500.94140625,28504.984375,28493.33203125,28502.033203125,5204649.0
1784296800,28520.654296875,28554.01953125,28505.06640625,28554.01953125,9713591.0
1784296860,28560.056640625,28571.455078125,28555.158203125,28555.158203125,6428162.0
1784296920,28552.859375,28592.673828125,28552.859375,28592.673828125,6369459.0
1784296980,28585.5859375,28606.134765625,28572.16796875,28572.16796875,5891166.0
1784297040,28582.140625,28582.140625,28539.39453125,28539.39453125,5377891.0
1784297100,28560.912109375,28601.0859375,28560.912109375,28599.943359375,6205243.0
1784297160,28603.990234375,28636.443359375,28603.990234375,28632.009765625,5615587.0
1784297220,28630.21484375,28633.482421875,28614.1875,28620.380859375,5790112.0
1784297280,28618.796875,28634.330078125,28613.33203125,28631.0625,4817386.0
1784297340,28628.51171875,28640.541015625,28620.705078125,28640.541015625,5063287.0
1784297400,28638.80078125,28687.470703125,28638.80078125,28687.470703125,5607580.0
1784297460,28688.126953125,28688.126953125,28666.8828125,28671.869140625,6977550.0
1784297520,28672.140625,28672.140625,28635.2734375,28639.4375,5503946.0
1784297580,28639.125,28661.05078125,28630.072265625,28636.640625,5425551.0
1784297640,28634.04296875,28635.529296875,28614.876953125,28635.529296875,4473469.0
1784297700,28631.84765625,28676.40234375,28608.14453125,28676.40234375,4609654.0
1784297760,28677.6015625,28677.6015625,28651.771484375,28674.626953125,4689807.0
1784297820,28700.599609375,28710.77734375,28690.275390625,28690.275390625,5373286.0
1784297880,28675.642578125,28680.640625,28666.087890625,28680.640625,5104352.0
1784297940,28676.826171875,28693.228515625,28676.826171875,28683.251953125,4326109.0
1784298000,28677.619140625,28682.1875,28664.65625,28664.65625,4575712.0
1784298060,28660.5703125,28683.322265625,28642.15234375,28683.322265625,4393415.0
1784298120,28691.220703125,28691.220703125,28655.515625,28668.998046875,3629133.0
1784298180,28669.47265625,28677.703125,28648.697265625,28668.220703125,3549909.0
1784298240,28672.201171875,28700.576171875,28672.201171875,28690.8359375,3395847.0
1784298300,28703.1484375,28708.12890625,28684.119140625,28690.408203125,3223871.0
1784298360,28683.072265625,28683.072265625,28668.720703125,28668.720703125,3126124.0
1784298420,28672.099609375,28693.287109375,28664.986328125,28684.26953125,2708312.0
1784298480,28665.830078125,28668.685546875,28661.400390625,28661.400390625,3296374.0
1784298540,28656.59765625,28656.59765625,28642.03515625,28643.626953125,3105176.0
1784298600,28652.87109375,28654.453125,28627.859375,28649.236328125,3486092.0
1784298660,28652.8203125,28659.224609375,28627.943359375,28627.943359375,4500557.0
1784298720,28622.712890625,28631.412109375,28598.560546875,28601.248046875,4171131.0
1784298780,28592.30859375,28607.76953125,28583.708984375,28597.40234375,4520948.0
1784298840,28604.802734375,28628.5703125,28604.802734375,28619.607421875,4324946.0
1784298900,28617.12890625,28663.25390625,28616.70703125,28663.25390625,3374855.0
1784298960,28680.66796875,28685.916015625,28669.359375,28673.1328125,3915193.0
1784299020,28655.5859375,28690.09765625,28655.5859375,28681.21484375,3142983.0
1784299080,28674.078125,28704.21875,28674.078125,28678.974609375,3720481.0
1784299140,28679.443359375,28708.048828125,28679.443359375,28708.048828125,2809886.0
1784299200,28700.671875,28708.65625,28694.634765625,28697.849609375,2868707.0
1784299260,28693.919921875,28694.994140625,28679.248046875,28679.248046875,3387771.0
1784299320,28683.875,28692.212890625,28657.53125,28657.53125,2698243.0
1784299380,28652.888671875,28655.046875,28630.59375,28638.171875,3157378.0
1784299440,28642.73828125,28652.251953125,28637.857421875,28652.251953125,3072439.0
1784299500,28645.302734375,28645.302734375,28624.798828125,28636.626953125,2655389.0
1784299560,28630.509765625,28630.509765625,28592.619140625,28610.41796875,3256887.0
1784299620,28616.138671875,28675.626953125,28616.138671875,28675.626953125,3561521.0
1784299680,28666.12109375,28666.12109375,28631.228515625,28634.4609375,3088009.0
1784299740,28636.345703125,28638.712890625,28614.716796875,28614.716796875,3171397.0
1784299800,28607.42578125,28627.451171875,28606.099609375,28625.359375,3561074.0
1784299860,28623.701171875,28623.701171875,28593.52734375,28593.52734375,2817880.0
1784299920,28589.994140625,28626.6171875,28589.994140625,28609.140625,3494539.0
1784299980,28603.22265625,28603.22265625,28592.3203125,28593.544921875,2659821.0
1784300040,28590.3671875,28591.07421875,28573.798828125,28582.8046875,2529486.0
1784300100,28580.744140625,28620.8671875,28580.744140625,28620.8671875,2812614.0
1784300160,28620.04296875,28620.04296875,28582.109375,28583.287109375,3347531.0
1784300220,28582.34765625,28597.888671875,28582.34765625,28591.931640625,2278368.0
1784300280,28587.21484375,28587.21484375,28544.609375,28546.033203125,2548686.0
1784300340,28551.546875,28557.53515625,28545.591796875,28546.30859375,3322419.0
1784300400,28553.162109375,28558.97265625,28530.1328125,28530.1328125,3025525.0
1784300460,28532.73828125,28533.064453125,28511.369140625,28522.62109375,3679418.0
1784300520,28526.708984375,28542.990234375,28526.708984375,28537.697265625,2976645.0
1784300580,28537.59375,28538.51953125,28518.70703125,28518.70703125,2678452.0
1784300640,28522.306640625,28525.50390625,28507.94140625,28512.96484375,3042179.0
1784300700,28509.345703125,28524.15625,28506.47265625,28520.689453125,3007759.0
1784300760,28514.09375,28519.79296875,28503.3828125,28519.79296875,2812804.0
1784300820,28519.244140625,28532.466796875,28502.1328125,28506.681640625,2747256.0
1784300880,28512.591796875,28538.076171875,28512.591796875,28536.80078125,2565826.0
1784300940,28548.00390625,28550.0859375,28535.005859375,28546.734375,2554958.0
1784301000,28557.283203125,28571.404296875,28527.66796875,28529.490234375,2379110.0
1784301060,28530.45703125,28535.373046875,28518.998046875,28519.701171875,2829023.0
1784301120,28518.40234375,28545.328125,28515.791015625,28530.380859375,2709200.0
1784301180,28532.005859375,28534.01953125,28517.37890625,28517.37890625,2341889.0
1784301240,28516.822265625,28530.328125,28514.974609375,28528.35546875,2437822.0
1784301300,28527.1875,28528.431640625,28510.537109375,28512.3359375,2573846.0
1784301360,28513.48046875,28530.85546875,28513.48046875,28522.318359375,2495590.0
1784301420,28517.203125,28526.328125,28515.912109375,28523.728515625,2480498.0
1784301480,28520.052734375,28540.017578125,28516.498046875,28540.017578125,2283236.0
1784301540,28541.9765625,28563.552734375,28540.8046875,28540.8046875,2759424.0
1784301600,28547.10546875,28547.10546875,28517.041015625,28535.3203125,2434257.0
1784301660,28542.076171875,28549.447265625,28538.951171875,28542.40234375,2468063.0
1784301720,28544.59765625,28562.05859375,28534.095703125,28558.658203125,2304332.0
1784301780,28556.853515625,28561.70703125,28516.001953125,28516.001953125,2489000.0
1784301840,28513.052734375,28513.052734375,28497.498046875,28505.306640625,2303603.0
1784301900,28511.86328125,28534.8828125,28511.86328125,28528.185546875,2239647.0
1784301960,28535.294921875,28545.744140625,28535.294921875,28545.744140625,2304791.0
1784302020,28552.841796875,28554.224609375,28541.28515625,28541.28515625,2208895.0
1784302080,28540.177734375,28560.271484375,28540.177734375,28552.0,2438806.0
1784302140,28557.359375,28582.2890625,28557.359375,28582.2890625,3714167.0
1784302200,28570.25390625,28598.31640625,28570.25390625,28597.056640625,2591321.0
1784302260,28592.9921875,28592.9921875,28579.001953125,28581.69921875,2378846.0
1784302320,28581.7109375,28590.40234375,28556.560546875,28590.40234375,3058739.0
1784302380,28600.38671875,28610.3359375,28600.18359375,28603.19921875,2518733.0
1784302440,28597.861328125,28598.595703125,28574.470703125,28576.697265625,2669567.0
1784302500,28575.828125,28575.828125,28553.392578125,28568.369140625,2755639.0
1784302560,28572.31640625,28603.498046875,28572.31640625,28597.873046875,2942887.0
1784302620,28599.63671875,28627.369140625,28599.63671875,28615.25,2543015.0
1784302680,28607.763671875,28644.166015625,28607.763671875,28644.166015625,3451127.0
1784302740,28646.46875,28648.005859375,28637.322265625,28645.193359375,2016338.0
1784302800,28649.181640625,28661.625,28649.181640625,28653.59765625,2207893.0
1784302860,28634.59375,28634.59375,28612.068359375,28619.59375,2194117.0
1784302920,28617.470703125,28621.611328125,28600.9921875,28608.12890625,2001337.0
1784302980,28610.326171875,28616.306640625,28593.60546875,28595.458984375,1856986.0
1784303040,28598.76953125,28623.359375,28597.828125,28619.50390625,2561889.0
1784303100,28616.677734375,28629.462890625,28610.529296875,28610.529296875,2057308.0
1784303160,28614.31640625,28629.80078125,28612.259765625,28629.80078125,2366801.0
1784303220,28638.64453125,28643.638671875,28637.103515625,28640.822265625,3215777.0
1784303280,28637.970703125,28652.078125,28632.34375,28632.34375,1968805.0
1784303340,28633.875,28646.494140625,28633.875,28646.494140625,1794166.0
1784303400,28647.390625,28652.904296875,28632.859375,28632.859375,1995998.0
1784303460,28630.216796875,28653.669921875,28630.216796875,28652.580078125,1999281.0
1784303520,28648.751953125,28654.498046875,28648.001953125,28654.126953125,1972067.0
1784303580,28657.451171875,28674.615234375,28657.451171875,28671.21875,2290539.0
1784303640,28673.177734375,28703.408203125,28673.177734375,28703.408203125,2227326.0
1784303700,28707.646484375,28723.515625,28707.646484375,28723.515625,2870966.0
1784303760,28732.025390625,28745.072265625,28732.025390625,28743.70703125,2423485.0
1784303820,28742.966796875,28744.828125,28732.427734375,28740.560546875,2944381.0
1784303880,28738.591796875,28749.400390625,28736.794921875,28749.400390625,2795093.0
1784303940,28755.552734375,28769.919921875,28754.384765625,28754.384765625,3144511.0
1784304000,28754.8828125,28779.3359375,28754.8828125,28776.71875,4245442.0
1784304060,28774.98828125,28776.03515625,28718.162109375,28718.162109375,7609550.0
1784304120,28719.078125,28729.65234375,28706.533203125,28709.33203125,1723095.0
1784304180,28711.802734375,28711.802734375,28688.962890625,28701.6015625,3870416.0
1784304240,28696.763671875,28701.900390625,28689.263671875,28701.900390625,1222988.0
1784304300,28706.802734375,28706.802734375,28689.814453125,28690.826171875,2830831.0
1784304360,28693.21875,28696.921875,28679.0859375,28685.251953125,2029964.0
1784304420,28689.3515625,28702.015625,28673.806640625,28684.15625,2268818.0
1784304480,28684.708984375,28695.392578125,28680.2421875,28694.22265625,3061206.0
1784304540,28695.552734375,28738.78515625,28693.728515625,28738.78515625,1418797.0
1784304600,28739.83203125,28765.732421875,28739.83203125,28760.396484375,2878146.0
1784304660,28759.396484375,28759.396484375,28730.62109375,28730.62109375,3218724.0
1784304720,28723.40625,28746.111328125,28723.40625,28743.8515625,1941165.0
1784304780,28744.24609375,28759.25390625,28742.859375,28753.623046875,4016980.0
1784304840,28753.822265625,28764.94140625,28753.822265625,28764.86328125,1241099.0
1784304900,28765.419921875,28769.76953125,28755.505859375,28767.517578125,3389618.0
1784304960,28770.607421875,28775.158203125,28759.0703125,28759.0703125,1213394.0
1784305020,28755.33984375,28776.869140625,28755.33984375,28766.880859375,2906893.0
1784305080,28766.873046875,28775.97265625,28760.07421875,28763.892578125,2967049.0
1784305140,28765.728515625,28771.798828125,28764.30078125,28771.529296875,2434951.0
1784305200,28769.38671875,28773.396484375,28755.216796875,28755.216796875,2158027.0
1784305260,28756.56640625,28756.56640625,28724.759765625,28724.759765625,3176196.0
1784305320,28718.2578125,28722.130859375,28700.275390625,28703.455078125,4957275.0
1784305380,28699.298828125,28699.298828125,28691.705078125,28696.7890625,1038117.0
1784305440,28696.66796875,28706.013671875,28690.515625,28693.259765625,4000483.0
1784305500,28686.806640625,28711.814453125,28686.806640625,28711.80078125,916435.0
1784305560,28709.626953125,28715.365234375,28698.693359375,28715.365234375,2577350.0
1784305620,28717.181640625,28761.216796875,28717.181640625,28753.66796875,2510110.0
1784305680,28754.119140625,28761.216796875,28751.30078125,28751.611328125,2006138.0
1784305740,28749.396484375,28752.18359375,28741.060546875,28741.060546875,3203925.0
1784305800,28743.462890625,28750.626953125,28717.31640625,28718.78125,1386223.0
1784305860,28718.734375,28722.322265625,28714.73046875,28721.484375,3463412.0
1784305920,28721.826171875,28730.521484375,28715.62109375,28730.521484375,1117359.0
1784305980,28734.908203125,28738.16796875,28726.970703125,28738.16796875,1872157.0
1784306040,28740.974609375,28741.26953125,28729.61328125,28733.759765625,1622077.0
1784306100,28733.818359375,28747.556640625,28733.818359375,28744.880859375,1807228.0
1784306160,28744.0703125,28754.736328125,28735.443359375,28754.537109375,2166807.0
1784306220,28755.580078125,28755.796875,28740.0625,28740.68359375,2193070.0
1784306280,28737.400390625,28748.720703125,28736.15234375,28747.873046875,2939809.0
1784306340,28748.7578125,28759.044921875,28744.32421875,28746.98828125,949477.0
1784306400,28746.978515625,28750.8046875,28727.75,28730.603515625,2548019.0
1784306460,28736.580078125,28743.005859375,28733.05078125,28740.234375,707828.0
1784306520,28745.806640625,28757.5,28745.806640625,28757.375,1558542.0
1784306580,28756.712890625,28782.751953125,28756.712890625,28775.35546875,1693228.0
1784306640,28772.681640625,28786.873046875,28767.189453125,28786.873046875,1942141.0
1784306700,28789.841796875,28793.33203125,28788.1171875,28790.044921875,3108718.0
1784306760,28789.1796875,28797.798828125,28788.330078125,28794.87109375,1060810.0
1784306820,28795.35546875,28814.615234375,28795.140625,28811.6953125,2412098.0
1784306880,28811.875,28820.8828125,28810.921875,28818.697265625,2407535.0
1784306940,28819.248046875,28820.90625,28815.791015625,28819.853515625,3014615.0
1784307000,28821.18359375,28823.638671875,28809.853515625,28813.52734375,1047837.0
1784307060,28813.3515625,28843.53125,28813.3515625,28842.73828125,4383042.0
1784307120,28848.84375,28851.693359375,28830.736328125,28840.26171875,1458179.0
1784307180,28839.685546875,28841.26171875,28827.53125,28827.53125,2203653.0
1784307240,28827.361328125,28836.21875,28824.03515625,28836.21875,2448699.0
1784307300,28834.173828125,28842.576171875,28815.236328125,28815.236328125,2019784.0
1784307360,28816.185546875,28816.185546875,28797.310546875,28806.615234375,2167238.0
1784307420,28807.728515625,28807.728515625,28791.896484375,28798.11328125,1744733.0
1784307480,28796.990234375,28803.6171875,28786.76953125,28803.6171875,2213432.0
1784307540,28800.8203125,28807.634765625,28796.541015625,28796.541015625,2817992.0
1784307600,28797.23828125,28833.9921875,28794.8359375,28833.390625,2093529.0
1784307660,28834.5078125,28851.978515625,28834.1640625,28846.67578125,2386836.0
1784307720,28845.17578125,28845.17578125,28822.11328125,28826.8125,2548374.0
1784307780,28827.671875,28835.74609375,28826.8359375,28833.646484375,1769780.0
1784307840,28835.966796875,28838.640625,28831.5859375,28836.568359375,2040465.0
1784307900,28831.880859375,28839.46484375,28828.265625,28833.568359375,2522371.0
1784307960,28833.359375,28849.76953125,28832.173828125,28848.171875,3720036.0
1784308020,28853.19921875,28860.68359375,28852.779296875,28854.669921875,1388308.0
1784308080,28854.193359375,28862.658203125,28852.771484375,28852.771484375,4691407.0
1784308140,28853.26953125,28862.259765625,28844.462890625,28859.8984375,1168312.0
1784308200,28858.2890625,28864.02734375,28854.3671875,28860.373046875,3837533.0
1784308260,28860.548828125,28865.0625,28852.361328125,28852.361328125,1433995.0
1784308320,28850.4921875,28857.53515625,28847.912109375,28850.361328125,3488368.0
1784308380,28850.4375,28850.83984375,28834.759765625,28834.759765625,1163483.0
1784308440,28833.201171875,28835.654296875,28822.419921875,28822.419921875,2415853.0
1784308500,28819.646484375,28838.630859375,28812.77734375,28837.75390625,2115656.0
1784308560,28838.552734375,28859.626953125,28838.552734375,28856.0078125,2455411.0
1784308620,28857.791015625,28863.263671875,28856.814453125,28857.150390625,2849894.0
1784308680,28857.923828125,28859.94921875,28843.576171875,28843.591796875,2244334.0
1784308740,28843.40234375,28843.40234375,28828.244140625,28830.794921875,2162275.0
1784308800,28827.93359375,28827.93359375,28809.734375,28817.9140625,2819326.0
1784308860,28818.876953125,28819.955078125,28807.826171875,28809.15234375,2125029.0
1784308920,28813.20703125,28820.123046875,28809.37109375,28819.916015625,3330495.0
1784308980,28821.9921875,28826.984375,28812.771484375,28817.91796875,2093485.0
1784309040,28818.244140625,28820.79296875,28812.068359375,28814.32421875,2712987.0
1784309100,28815.484375,28831.951171875,28815.484375,28831.951171875,2737177.0
1784309160,28838.037109375,28855.439453125,28838.037109375,28854.0859375,2054984.0
1784309220,28856.18359375,28858.140625,28851.513671875,28856.30078125,2645181.0
1784309280,28859.41015625,28864.025390625,28853.78125,28853.78125,987950.0
1784309340,28853.544921875,28863.015625,28853.544921875,28859.31640625,2603441.0
1784309400,28860.5078125,28866.046875,28857.060546875,28860.90234375,2425602.0
1784309460,28864.109375,28864.3671875,28848.814453125,28854.830078125,2487921.0
1784309520,28852.25,28852.623046875,28843.8203125,28845.115234375,1767404.0
1784309580,28845.966796875,28857.8203125,28845.966796875,28850.693359375,1948915.0
1784309640,28851.333984375,28853.40625,28840.05859375,28841.619140625,3046866.0
1784309700,28843.80859375,28843.80859375,28806.134765625,28806.134765625,1275461.0
1784309760,28809.03515625,28809.03515625,28800.396484375,28801.572265625,3544141.0
1784309820,28805.26953125,28814.75390625,28803.986328125,28809.7265625,1177613.0
1784309880,28808.5546875,28808.5546875,28797.171875,28797.53125,1796582.0
1784309940,28798.328125,28804.341796875,28798.328125,28804.341796875,2848600.0
1784310000,28803.236328125,28803.236328125,28782.841796875,28783.802734375,1881595.0
1784310060,28784.703125,28784.703125,28771.798828125,28781.80859375,3800760.0
1784310120,28789.115234375,28789.115234375,28771.640625,28771.927734375,998931.0
1784310180,28770.66015625,28777.234375,28768.080078125,28777.234375,3135780.0
1784310240,28774.318359375,28776.482421875,28768.822265625,28774.796875,765043.0
1784310300,28774.259765625,28787.38671875,28766.86328125,28785.591796875,1632223.0
1784310360,28785.87109375,28785.87109375,28768.017578125,28768.017578125,1724776.0
1784310420,28767.533203125,28776.41796875,28767.533203125,28776.41796875,1482129.0
1784310480,28776.875,28785.7578125,28776.875,28779.701171875,2217019.0
1784310540,28779.98828125,28779.98828125,28775.23828125,28779.681640625,2589460.0
1784310600,28783.384765625,28786.1875,28758.54296875,28760.427734375,3184967.0
1784310660,28759.46875,28759.99609375,28751.4140625,28757.279296875,834436.0
1784310720,28757.123046875,28765.619140625,28750.02734375,28752.40625,2935666.0
1784310780,28753.083984375,28753.087890625,28742.908203125,28745.69921875,799656.0
1784310840,28747.677734375,28758.380859375,28747.677734375,28749.73828125,1867501.0
1784310900,28746.521484375,28746.521484375,28732.408203125,28733.830078125,1766381.0
1784310960,28735.54296875,28736.294921875,28722.3515625,28722.3515625,2081057.0
1784311020,28722.41015625,28726.759765625,28714.912109375,28726.37890625,1910000.0
1784311080,28724.541015625,28724.541015625,28705.576171875,28717.234375,1620000.0
1784311140,28717.134765625,28722.685546875,28717.134765625,28719.625,1812000.0
1784311200,28719.138671875,28730.4765625,28703.822265625,28705.4453125,2303000.0
1784311260,28707.658203125,28724.373046875,28707.658203125,28711.423828125,2384000.0
1784311320,28712.83203125,28731.43359375,28712.83203125,28731.43359375,2976000.0
1784311380,28731.91796875,28747.595703125,28731.91796875,28747.5859375,1083000.0
1784311440,28751.6640625,28753.4765625,28729.9453125,28729.9453125,2551000.0
1784311500,28720.044921875,28720.044921875,28709.51953125,28717.21484375,969000.0
1784311560,28716.83203125,28718.876953125,28695.228515625,28701.70703125,2042000.0
1784311620,28701.27734375,28704.447265625,28692.966796875,28702.888671875,2149000.0
1784311680,28707.302734375,28709.5859375,28695.6015625,28698.017578125,2799000.0
1784311740,28699.38671875,28705.501953125,28689.787109375,28690.361328125,2728000.0
1784311800,28692.4375,28697.85546875,28686.501953125,28686.501953125,1200000.0
1784311860,28686.82421875,28686.82421875,28678.302734375,28684.30859375,2992000.0
1784311920,28683.447265625,28689.88671875,28681.109375,28685.91796875,1299000.0
1784311980,28686.173828125,28691.7265625,28676.439453125,28687.744140625,1846000.0
1784312040,28688.498046875,28691.490234375,28678.90625,28681.4609375,1429000.0
1784312100,28681.41015625,28686.220703125,28665.021484375,28669.0703125,2081000.0
1784312160,28666.494140625,28667.095703125,28662.001953125,28663.76953125,2207000.0
1784312220,28666.185546875,28666.185546875,28653.19921875,28656.73046875,2098000.0
1784312280,28660.927734375,28663.0703125,28653.30078125,28656.791015625,2940000.0
1784312340,28657.177734375,28663.3359375,28652.455078125,28663.3359375,1118000.0
1784312400,28664.62890625,28664.62890625,28647.03125,28648.279296875,2953000.0
1784312460,28648.71484375,28653.296875,28645.08984375,28648.375,968000.0
1784312520,28656.314453125,28660.390625,28654.904296875,28659.87890625,1637000.0
1784312580,28662.599609375,28679.900390625,28660.0,28676.951171875,1677000.0
1784312640,28675.74609375,28675.74609375,28654.171875,28660.70703125,1773000.0
1784312700,28658.388671875,28658.388671875,28645.814453125,28649.169921875,2431000.0
1784312760,28649.478515625,28654.484375,28648.4375,28650.78125,731000.0
1784312820,28649.9453125,28651.8125,28643.22265625,28644.607421875,2996000.0
1784312880,28645.8359375,28659.416015625,28644.53515625,28657.017578125,834000.0
1784312940,28661.693359375,28672.328125,28661.693359375,28670.703125,1637000.0
1784313000,28671.125,28707.953125,28671.125,28694.048828125,2218000.0
1784313060,28697.291015625,28705.556640625,28692.298828125,28692.5390625,1797000.0
1784313120,28684.21484375,28685.833984375,28665.603515625,28665.603515625,2105000.0
1784313180,28670.1796875,28673.88671875,28652.306640625,28652.306640625,1999000.0
1784313240,28651.388671875,28659.41015625,28646.654296875,28659.41015625,1653000.0
1784313300,28659.5234375,28666.150390625,28654.279296875,28657.185546875,1496000.0
1784313360,28657.91796875,28669.841796875,28657.91796875,28666.14453125,1503000.0
1784313420,28665.5859375,28667.521484375,28652.076171875,28653.693359375,2547000.0
1784313480,28652.0859375,28661.798828125,28650.8359375,28660.876953125,1022000.0
1784313540,28660.548828125,28660.798828125,28650.06640625,28653.7421875,2522000.0
1784313600,28657.232421875,28657.232421875,28635.619140625,28636.75,885000.0
1784313660,28635.935546875,28637.89453125,28626.474609375,28632.322265625,1619000.0
1784313720,28632.333984375,28642.310546875,28623.822265625,28624.794921875,2244000.0
1784313780,28624.85546875,28627.783203125,28618.083984375,28618.66796875,1717000.0
1784313840,28618.302734375,28628.33203125,28616.216796875,28626.361328125,1720000.0
1784313900,28625.396484375,28635.376953125,28618.03125,28632.23828125,1849000.0
1784313960,28631.5078125,28645.962890625,28623.77734375,28645.962890625,2626000.0
1784314020,28644.89453125,28660.755859375,28642.900390625,28659.8359375,838000.0
1784314080,28665.51953125,28677.296875,28665.51953125,28670.123046875,2877000.0
1784314140,28673.212890625,28682.24609375,28663.39453125,28664.3125,868000.0
1784314200,28657.99609375,28665.642578125,28652.427734375,28657.853515625,1904000.0
1784314260,28658.5546875,28672.216796875,28658.5546875,28667.30859375,1569000.0
1784314320,28665.798828125,28672.1796875,28664.4296875,28669.408203125,1410000.0
1784314380,28668.171875,28685.896484375,28668.171875,28684.6640625,2771000.0
1784314440,28684.13671875,28698.05859375,28678.60546875,28698.05859375,655000.0
1784314500,28697.34765625,28702.267578125,28694.3671875,28694.427734375,2935000.0
1784314560,28692.23828125,28692.23828125,28683.193359375,28683.193359375,1125000.0
1784314620,28685.94921875,28692.28515625,28673.2421875,28692.28515625,2804000.0
1784314680,28691.453125,28694.078125,28690.728515625,28693.646484375,1535000.0
1784314740,28693.392578125,28695.130859375,28686.1796875,28686.1796875,1516000.0
1784314800,28682.05078125,28684.0546875,28671.64453125,28671.64453125,1527000.0
1784314860,28672.73046875,28672.73046875,28660.625,28668.5625,1937000.0
1784314920,28666.1328125,28669.64453125,28654.982421875,28654.982421875,3867000.0
1784314980,28651.609375,28661.90234375,28651.01171875,28661.90234375,2046000.0
1784315040,28668.357421875,28679.0,28667.50390625,28668.537109375,5248000.0
1784315100,28671.4296875,28671.4296875,28662.751953125,28669.4765625,2104000.0
1784315160,28673.07421875,28673.07421875,28642.775390625,28642.775390625,2885000.0
1784315220,28642.6953125,28642.6953125,28633.3515625,28638.396484375,3089000.0
1784315280,28634.97265625,28640.31640625,28628.455078125,28629.779296875,2561000.0
1784315340,28629.580078125,28635.138671875,28629.064453125,28632.625,3954000.0
1784315400,28634.376953125,28634.376953125,28619.841796875,28624.03125,1234000.0
1784315460,28622.978515625,28622.978515625,28604.650390625,28607.939453125,2414000.0
1784315520,28609.525390625,28610.919921875,28598.767578125,28600.04296875,2767000.0
1784315580,28600.017578125,28602.7265625,28592.185546875,28592.185546875,2587000.0
1784315640,28589.84375,28590.36328125,28578.44140625,28578.5,4185000.0
1784315700,28580.35546875,28583.015625,28567.380859375,28568.578125,1474000.0
1784315760,28570.84375,28574.140625,28555.431640625,28555.431640625,4350000.0
1784315820,28557.0625,28566.83984375,28552.20703125,28566.83984375,1529000.0
1784315880,28565.96484375,28582.0625,28565.96484375,28570.07421875,2892000.0
1784315940,28568.8359375,28589.013671875,28568.8359375,28587.140625,3704000.0
1784316000,28576.767578125,28577.98828125,28571.603515625,28577.98828125,1260000.0
1784316060,28577.90625,28579.34375,28570.177734375,28570.177734375,3629000.0
1784316120,28569.935546875,28571.40625,28561.4609375,28564.005859375,1233000.0
1784316180,28564.8125,28571.19140625,28563.37890625,28564.64453125,2262000.0
1784316240,28564.697265625,28571.29296875,28556.078125,28556.078125,2055000.0
1784316300,28553.724609375,28553.724609375,28537.244140625,28541.7109375,2735000.0
1784316360,28542.07421875,28559.609375,28541.29296875,28559.181640625,4400000.0
1784316420,28558.0078125,28584.775390625,28558.0078125,28584.693359375,1420000.0
1784316480,28585.865234375,28614.134765625,28585.865234375,28608.953125,4282000.0
1784316540,28615.478515625,28624.44140625,28609.62890625,28613.568359375,1735000.0
1784316600,28628.826171875,28657.515625,28619.85546875,28630.73046875,4342000.0
1784316660,28627.94140625,28639.40625,28616.25,28639.40625,3701000.0
1784316720,28635.560546875,28635.560546875,28615.7734375,28627.109375,3003000.0
1784316780,28625.146484375,28631.873046875,28619.720703125,28630.2578125,2664000.0
1784316840,28635.9296875,28642.111328125,28623.1640625,28623.498046875,2731000.0
1784316900,28618.271484375,28626.109375,28613.041015625,28613.041015625,4441000.0
1784316960,28610.41015625,28619.861328125,28604.537109375,28619.3125,1611000.0
1784317020,28618.74609375,28643.603515625,28616.990234375,28632.8203125,4247000.0
1784317080,28632.681640625,28632.681640625,28612.576171875,28613.212890625,1230000.0
1784317140,28609.828125,28609.828125,28590.84375,28590.84375,3893000.0
1784317200,28586.990234375,28598.376953125,28574.810546875,28580.1875,4730000.0
1784317260,28586.416015625,28609.41796875,28586.416015625,28609.41796875,3289000.0
1784317320,28607.478515625,28613.28515625,28590.556640625,28609.388671875,4805000.0
1784317380,28612.33984375,28618.935546875,28610.638671875,28614.2109375,1543000.0
1784317440,28615.822265625,28626.30859375,28614.623046875,28615.017578125,4742000.0
1784317500,28614.517578125,28632.970703125,28614.517578125,28625.138671875,2201000.0
1784317560,28623.42578125,28623.42578125,28607.79296875,28616.341796875,3392000.0
1784317620,28615.185546875,28635.830078125,28615.185546875,28635.791015625,5836000.0
1784317680,28637.58984375,28643.193359375,28635.603515625,28642.09765625,1650000.0
1784317740,28641.486328125,28646.447265625,28628.994140625,28644.98046875,5365000.0
1784317800,28661.265625,28661.265625,28638.91015625,28638.91015625,2993000.0
1784317860,28638.640625,28670.54296875,28638.640625,28668.173828125,6408000.0
1784317920,28663.908203125,28664.623046875,28641.673828125,28643.392578125,5632000.0
1784317980,28642.744140625,28649.60546875,28639.515625,28644.529296875,5526000.0
1784318040,28643.931640625,28655.7421875,28630.703125,28655.556640625,9146000.0
1784318100,28637.38671875,28649.134765625,28636.759765625,28649.134765625,3792000.0
1784318160,28650.958984375,28665.732421875,28650.958984375,28656.982421875,11451000.0
1784318220,28651.6328125,28653.203125,28633.109375,28633.109375,3515000.0
1784318280,28631.9453125,28638.921875,28631.6640625,28635.9609375,6788000.0
1784318340,28634.052734375,28634.052734375,28580.568359375,28590.236328125,6848000.0
1784318400,28776.4,28816.0,28767.2,28815.5,259.0
1784318460,28815.2,28833.4,28812.4,28818.9,268.0
1784318520,28818.9,28820.0,28794.5,28804.8,260.0
1784318580,28805.2,28814.9,28799.3,28811.4,259.0
1784318640,28812.0,28817.7,28804.8,28810.8,257.0
1784318700,28810.4,28814.9,28802.2,28810.4,259.0
1784318760,28808.5,28827.2,28804.9,28823.0,259.0
1784318820,28823.7,28835.5,28823.7,28828.2,260.0
1784318880,28827.5,28839.3,28825.7,28825.8,261.0
1784318940,28826.7,28837.2,28817.5,28834.7,248.0
1784319000,28834.7,28842.8,28826.4,28838.9,256.0
1784319060,28838.9,28845.9,28824.5,28825.0,256.0
1784319120,28825.4,28834.9,28819.9,28823.5,254.0
1784319180,28823.8,28826.4,28810.5,28813.0,263.0
1784319240,28813.7,28814.3,28795.2,28795.2,251.0
1784319300,28795.7,28817.7,28787.7,28817.7,261.0
1784319360,28817.0,28835.9,28814.5,28834.2,257.0
1784319420,28834.2,28842.8,28829.0,28832.7,255.0
1784319480,28832.7,28834.9,28816.5,28817.8,251.0
1784319540,28817.7,28819.5,28800.7,28803.4,261.0
1784319600,28800.9,28800.9,28779.9,28792.3,273.0
1784319660,28794.0,28798.3,28781.3,28784.5,253.0
1784319720,28785.9,28801.4,28782.0,28800.9,254.0
1784319780,28800.9,28805.2,28785.3,28795.5,255.0
1784319840,28796.3,28796.8,28783.2,28790.7,253.0
1784319900,28790.2,28808.2,28788.8,28807.7,261.0
1784319960,28810.8,28834.5,28810.3,28832.4,255.0
1784320020,28832.8,28835.2,28824.9,28831.9,238.0
1784320080,28831.4,28841.7,28826.3,28827.9,239.0
1784320140,28827.9,28841.0,28827.8,28835.5,253.0
1784320200,28835.7,28842.0,28830.3,28839.3,255.0
1784320260,28839.2,28840.4,28821.9,28825.9,258.0
1784320320,28826.3,28830.2,28818.9,28823.4,259.0
1784320380,28824.0,28835.9,28821.4,28828.2,255.0
1784320440,28827.9,28831.7,28814.7,28818.4,254.0
1784320500,28818.8,28823.7,28781.4,28784.7,259.0
1784320560,28784.9,28788.9,28776.7,28782.0,260.0
1784320620,28782.0,28792.9,28779.7,28789.3,267.0
1784320680,28789.2,28789.2,28773.8,28776.0,268.0
1784320740,28775.4,28784.9,28772.4,28781.0,254.0
1784320800,28781.5,28783.4,28757.4,28762.5,259.0
1784320860,28762.7,28763.8,28748.8,28763.8,265.0
1784320920,28763.5,28770.9,28748.8,28751.2,261.0
1784320980,28750.9,28757.7,28744.5,28754.2,255.0
1784321040,28754.4,28755.3,28744.3,28749.9,254.0
1784321100,28750.4,28768.4,28741.3,28764.3,263.0
1784321160,28765.7,28765.9,28742.4,28744.8,258.0
1784321220,28744.9,28756.5,28742.5,28754.4,255.0
1784321280,28754.7,28766.4,28753.5,28757.3,273.0
1784321340,28756.9,28760.9,28751.7,28760.9,256.0
1784321400,28761.4,28765.7,28733.5,28738.3,266.0
1784321460,28738.0,28741.4,28726.4,28734.0,247.0
1784321520,28734.2,28744.7,28725.8,28732.7,252.0
1784321580,28732.7,28732.7,28719.0,28722.4,260.0
1784321640,28723.0,28740.3,28720.2,28720.4,258.0
1784321700,28720.4,28725.2,28707.5,28712.2,260.0
1784321760,28712.2,28714.3,28697.8,28699.3,258.0
1784321820,28699.3,28706.5,28691.4,28700.7,247.0
1784321880,28700.8,28703.7,28684.4,28696.4,246.0
1784321940,28696.3,28704.9,28695.7,28696.4,256.0
1784322000,28696.4,28712.0,28684.2,28688.2,266.0
1784322060,28688.2,28709.4,28687.0,28691.7,273.0
1784322120,28692.2,28714.5,28690.8,28713.5,254.0
1784322180,28713.5,28731.8,28711.7,28731.8,258.0
1784322240,28733.3,28735.5,28705.9,28706.9,255.0
1784322300,28706.7,28706.7,28687.0,28698.0,261.0
1784322360,28695.9,28700.4,28672.4,28683.4,253.0
1784322420,28683.2,28689.2,28671.9,28686.9,252.0
1784322480,28687.3,28695.7,28672.9,28679.5,256.0
1784322540,28681.2,28687.2,28671.4,28672.4,269.0
1784322600,28673.7,28681.4,28666.0,28668.3,275.0
1784322660,28668.8,28670.2,28659.3,28666.2,260.0
1784322720,28666.8,28673.4,28660.3,28665.9,251.0
1784322780,28665.8,28673.2,28657.0,28670.4,242.0
1784322840,28670.2,28675.3,28659.2,28663.4,243.0
1784322900,28663.8,28670.0,28642.8,28646.5,260.0
1784322960,28646.4,28650.0,28640.4,28644.9,263.0
1784323020,28644.5,28652.4,28634.5,28639.8,265.0
1784323080,28640.4,28647.5,28632.5,28636.0,253.0
1784323140,28635.4,28648.8,28632.3,28647.7,252.0
1784323200,28647.7,28649.9,28626.9,28630.9,257.0
1784323260,28631.0,28639.7,28625.9,28632.9,263.0
1784323320,28634.7,28647.0,28634.7,28647.0,251.0
1784323380,28647.3,28662.2,28639.3,28656.5,266.0
1784323440,28656.5,28657.7,28632.7,28638.2,262.0
1784323500,28637.5,28640.0,28625.2,28627.8,247.0
1784323560,28627.7,28639.3,28627.7,28629.9,253.0
1784323620,28629.5,28632.4,28622.8,28625.7,258.0
1784323680,28626.5,28642.3,28623.8,28637.7,269.0
1784323740,28638.0,28655.9,28638.0,28652.5,258.0
1784323800,28652.5,28691.0,28646.9,28677.8,265.0
1784323860,28677.8,28685.7,28665.0,28665.0,263.0
1784323920,28663.7,28670.8,28643.8,28648.9,268.0
1784323980,28648.2,28657.8,28631.4,28632.5,267.0
1784324040,28631.9,28644.7,28625.5,28641.9,260.0
1784324100,28642.0,28650.3,28634.0,28640.2,270.0
1784324160,28640.0,28655.0,28637.2,28646.8,264.0
1784324220,28646.5,28651.2,28632.8,28638.7,248.0
1784324280,28637.8,28646.8,28632.2,28643.2,245.0
1784324340,28643.5,28643.9,28631.4,28638.3,245.0
1784324400,28638.7,28643.2,28615.9,28618.4,253.0
1784324460,28618.4,28622.5,28608.5,28613.5,266.0
1784324520,28614.0,28625.9,28604.4,28608.7,265.0
1784324580,28608.2,28612.2,28598.5,28599.8,262.0
1784324640,28599.4,28611.7,28597.2,28608.8,245.0
1784324700,28607.9,28621.3,28598.7,28613.0,261.0
1784324760,28612.7,28629.7,28604.0,28628.0,257.0
1784324820,28628.8,28646.7,28622.0,28646.4,267.0
1784324880,28646.3,28662.7,28643.3,28659.7,270.0
1784324940,28659.3,28665.3,28644.3,28647.3,265.0
1784325000,28647.7,28650.8,28632.9,28642.4,258.0
1784325060,28641.8,28657.5,28640.5,28650.3,257.0
1784325120,28650.3,28658.5,28644.3,28651.0,251.0
1784325180,28651.3,28671.9,28650.3,28666.5,262.0
1784325240,28667.7,28681.3,28658.2,28680.9,268.0
1784325300,28680.8,28685.7,28672.8,28673.5,262.0
1784325360,28673.4,28675.2,28664.2,28666.7,264.0
1784325420,28668.0,28676.8,28653.3,28673.5,249.0
1784325480,28673.7,28677.0,28668.9,28673.3,256.0
1784325540,28673.2,28679.2,28661.9,28661.9,257.0
1784325600,28663.9,28668.8,28651.2,28653.4,269.0
1784325660,28653.9,28655.2,28638.9,28646.0,270.0
1784325720,28643.7,28653.3,28635.8,28636.2,270.0
1784325780,28636.3,28649.2,28631.5,28648.3,261.0
1784325840,28647.9,28661.4,28643.7,28650.5,265.0
1784325900,28651.7,28656.2,28640.9,28652.0,264.0
1784325960,28649.9,28657.2,28625.7,28627.3,251.0
1784326020,28627.5,28628.3,28615.8,28617.8,244.0
1784326080,28617.2,28624.9,28611.4,28613.9,253.0
1784326140,28614.0,28621.0,28610.5,28616.4,250.0
1784326200,28615.9,28620.2,28602.3,28605.5,254.0
1784326260,28605.7,28605.7,28587.4,28594.9,250.0
1784326320,28595.4,28598.9,28580.2,28581.0,259.0
1784326380,28581.4,28586.9,28572.9,28573.2,255.0
1784326440,28573.3,28575.4,28558.8,28560.9,251.0
1784326500,28557.9,28567.4,28547.7,28550.5,257.0
1784326560,28551.5,28562.4,28538.3,28540.2,279.0
1784326620,28539.9,28553.0,28535.3,28548.5,261.0
1784326680,28548.7,28564.8,28547.2,28550.7,278.0
1784326740,28550.7,28574.9,28548.2,28568.0,264.0
1784326800,28567.3,28567.3,28551.2,28563.4,260.0
1784326860,28562.5,28563.2,28552.5,28554.5,263.0
1784326920,28554.7,28556.0,28543.7,28547.8,245.0
1784326980,28547.9,28553.7,28543.7,28547.2,253.0
1784327040,28546.9,28553.3,28535.2,28535.2,259.0
1784327100,28534.9,28538.0,28519.4,28524.0,260.0
1784327160,28523.9,28544.3,28522.0,28542.0,271.0
1784327220,28543.2,28568.9,28538.2,28567.2,266.0
1784327280,28567.5,28597.7,28567.5,28590.7,274.0
1784327340,28591.4,28603.9,28586.8,28594.4,269.0
1784327400,28597.5,28643.4,28597.5,28608.2,275.0
1784327460,28607.0,28626.0,28592.7,28621.2,275.0
1784327520,28621.0,28621.0,28595.3,28607.0,269.0
1784327580,28605.3,28615.4,28600.2,28613.7,267.0
1784327640,28614.3,28626.0,28597.8,28601.5,264.0
1784327700,28601.9,28610.2,28590.8,28595.9,268.0
1784327760,28595.2,28603.7,28585.2,28602.0,259.0
1784327820,28601.8,28624.5,28596.3,28614.7,264.0
1784327880,28615.3,28616.8,28592.5,28593.3,271.0
1784327940,28590.8,28593.7,28567.3,28568.5,276.0
1784328000,28568.3,28584.2,28555.2,28565.9,269.0
1784328060,28565.9,28595.0,28565.9,28591.8,275.0
1784328120,28591.2,28598.0,28570.0,28591.3,269.0
1784328180,28592.3,28599.0,28589.3,28596.3,251.0
1784328240,28596.0,28607.9,28595.2,28595.3,271.0
1784328300,28596.4,28618.8,28589.8,28606.3,275.0
1784328360,28605.3,28606.8,28588.8,28598.5,263.0
1784328420,28599.7,28619.9,28599.7,28617.4,269.0
1784328480,28618.5,28627.7,28616.5,28622.3,256.0
1784328540,28622.8,28629.2,28607.5,28626.7,259.0
1784328600,28633.3,28647.3,28619.7,28620.0,265.0
1784328660,28621.0,28653.7,28619.7,28646.3,270.0
1784328720,28646.0,28648.9,28619.5,28626.3,271.0
1784328780,28627.4,28633.5,28620.5,28626.7,260.0
1784328840,28625.8,28644.0,28611.4,28637.9,265.0
1784328900,28644.0,28644.0,28617.5,28631.7,273.0
1784328960,28632.0,28648.3,28630.9,28637.5,265.0
1784329020,28638.4,28640.3,28614.4,28616.9,268.0
1784329080,28616.4,28620.4,28610.4,28617.9,251.0
1784329140,28611.7,28611.7,28557.0,28563.0,272.0
1784329200,28564.7,28565.2,28539.3,28543.9,280.0
1784329260,28541.7,28561.9,28537.7,28546.2,269.0
1784329320,28546.4,28553.8,28526.3,28540.5,265.0
1784329380,28539.8,28541.3,28516.8,28518.2,267.0
1784329440,28516.2,28528.2,28512.9,28528.2,245.0
1784329500,28526.7,28539.7,28521.9,28533.2,230.0
1784329560,28533.0,28539.5,28523.8,28526.7,241.0
1784329620,28526.7,28529.3,28519.2,28524.2,224.0
1784329680,28524.4,28531.7,28523.7,28529.0,194.0
1784329740,28529.3,28535.8,28527.3,28535.8,218.0
1784329800,28536.0,28536.8,28517.4,28522.4,229.0
1784329860,28523.3,28534.7,28521.0,28532.9,199.0
1784329920,28532.5,28536.5,28523.8,28533.3,205.0
1784329980,28533.0,28548.4,28532.5,28543.9,189.0
1784330040,28543.3,28545.4,28537.8,28538.4,223.0
1784330100,28540.3,28544.3,28533.4,28542.4,190.0
1784330160,28542.5,28546.2,28542.4,28543.4,148.0
1784330220,28542.9,28546.4,28538.7,28543.7,191.0
1784330280,28543.4,28546.9,28541.2,28542.9,155.0
1784330340,28542.9,28545.2,28538.9,28545.2,175.0
1784330400,28545.2,28549.8,28542.9,28549.8,169.0
1784330460,28549.8,28552.7,28544.2,28548.4,184.0
1784330520,28548.4,28550.9,28546.8,28546.9,158.0
1784330580,28546.8,28551.0,28542.9,28548.2,141.0
1784330640,28548.8,28550.8,28545.3,28549.2,130.0
1784330700,28550.5,28551.5,28548.7,28551.2,103.0
1784330760,28551.7,28554.2,28548.7,28551.7,128.0
1784330820,28551.7,28552.4,28548.2,28548.7,109.0
1784330880,28548.8,28550.9,28547.3,28550.7,117.0
1784330940,28550.7,28552.4,28547.9,28549.3,128.0
1784331000,28549.9,28557.8,28549.7,28557.2,148.0
1784331060,28557.3,28563.2,28557.3,28558.9,166.0
1784331120,28558.7,28559.7,28550.7,28551.7,144.0
1784331180,28552.7,28568.4,28552.7,28564.7,158.0
1784331240,28564.2,28565.9,28561.7,28561.7,138.0
1784331300,28561.7,28561.7,28550.4,28554.2,154.0
1784331360,28554.2,28555.2,28551.9,28554.5,124.0
1784331420,28554.7,28559.3,28554.7,28555.9,142.0
1784331480,28555.9,28560.2,28555.7,28560.2,119.0
1784331540,28560.3,28561.4,28554.2,28556.2,128.0
1784331600,28556.4,28561.0,28555.2,28561.0,128.0
1784331660,28560.9,28562.0,28558.5,28559.7,117.0
1784331720,28559.7,28560.5,28555.4,28559.2,119.0
1784331780,28559.2,28559.8,28557.5,28557.7,88.0
1784331840,28557.7,28568.4,28556.8,28567.2,108.0
1784331900,28567.0,28569.9,28564.9,28565.8,134.0
1784331960,28565.4,28565.9,28560.7,28561.9,126.0
1784332020,28561.9,28562.9,28560.3,28560.3,86.0
1784332080,28560.3,28560.5,28559.2,28559.7,73.0
1784332140,28559.7,28560.4,28557.4,28558.8,98.0
1784332200,28558.4,28558.7,28554.4,28558.2,115.0
1784332260,28558.4,28561.8,28558.4,28561.8,117.0
1784332320,28561.4,28565.9,28560.4,28560.5,120.0
1784332380,28560.5,28562.9,28558.9,28560.4,110.0
1784332440,28560.4,28567.4,28560.2,28565.7,119.0
1784509200,28602.3,28620.4,28582.6,28619.9,195.0
1784509260,28619.9,28623.5,28603.4,28620.4,211.0
1784509320,28619.0,28619.3,28563.4,28579.8,228.0
1784509380,28579.3,28597.6,28549.5,28551.5,218.0
1784509440,28551.8,28560.4,28544.6,28555.0,213.0
1784509500,28552.4,28559.9,28542.6,28548.1,164.0
1784509560,28550.4,28559.1,28538.3,28541.8,191.0
1784509620,28541.0,28548.4,28535.9,28541.6,174.0
1784509680,28541.6,28548.8,28532.6,28547.9,194.0
1784509740,28547.9,28560.3,28539.4,28547.1,192.0
1784509800,28547.4,28548.1,28529.3,28531.3,130.0
1784509860,28531.9,28543.6,28528.8,28534.5,152.0
1784509920,28534.5,28534.8,28528.6,28532.4,120.0
1784509980,28533.4,28534.4,28524.4,28525.4,119.0
1784510040,28525.4,28530.5,28521.9,28527.0,107.0
1784510100,28527.1,28565.1,28527.1,28555.9,179.0
1784510160,28555.9,28567.3,28553.4,28564.8,139.0
1784510220,28564.8,28577.1,28561.8,28574.1,135.0
1784510280,28574.1,28582.8,28571.1,28578.3,138.0
1784510340,28578.8,28599.1,28575.6,28593.5,166.0
1784510400,28593.5,28619.6,28592.0,28618.9,182.0
1784510460,28618.9,28623.5,28616.1,28620.3,151.0
1784510520,28620.3,28623.5,28600.0,28611.9,144.0
1784510580,28611.9,28618.5,28606.6,28614.3,122.0
1784510640,28614.1,28615.5,28593.1,28593.4,155.0
1784510700,28593.6,28594.5,28578.0,28579.6,158.0
1784510760,28579.4,28584.8,28574.3,28574.9,115.0
1784510820,28575.1,28598.6,28573.8,28576.9,156.0
1784510880,28576.9,28591.9,28576.1,28579.1,129.0
1784510940,28579.1,28581.0,28573.3,28576.5,120.0
1784511000,28574.9,28591.1,28570.9,28581.1,143.0
1784511060,28581.5,28591.4,28577.6,28579.0,116.0
1784511120,28577.9,28601.8,28569.9,28601.3,168.0
1784511180,28600.9,28630.9,28600.9,28629.9,182.0
1784511240,28629.8,28640.0,28629.8,28638.5,153.0
1784511300,28637.4,28647.9,28632.4,28633.9,180.0
1784511360,28634.1,28635.1,28623.9,28628.5,144.0
1784511420,28628.1,28630.3,28617.0,28619.3,132.0
1784511480,28619.5,28630.3,28616.6,28622.6,92.0
1784511540,28622.6,28629.8,28622.6,28623.6,89.0
1784511600,28623.6,28641.5,28623.6,28640.1,123.0
1784511660,28640.1,28649.4,28638.4,28648.6,150.0
1784511720,28648.6,28650.6,28639.0,28639.0,126.0
1784511780,28638.8,28659.8,28637.1,28658.6,128.0
1784511840,28659.3,28661.0,28649.8,28649.8,125.0
1784511900,28650.6,28653.1,28637.1,28645.1,125.0
1784511960,28646.3,28659.3,28639.8,28646.5,145.0
1784512020,28646.5,28646.5,28633.9,28633.9,107.0
1784512080,28633.9,28644.8,28631.0,28640.3,119.0
1784512140,28640.3,28648.6,28638.9,28641.0,90.0
1784512200,28641.0,28645.0,28630.8,28636.4,110.0
1784512260,28636.4,28645.4,28636.3,28642.9,122.0
1784512320,28642.9,28643.4,28632.9,28632.9,105.0
1784512380,28633.0,28636.3,28628.3,28630.8,134.0
1784512440,28630.8,28635.3,28625.3,28630.0,103.0
1784512500,28630.0,28634.4,28626.8,28632.0,87.0
1784512560,28632.0,28632.0,28623.6,28629.9,90.0
1784512620,28629.4,28629.6,28626.0,28626.8,83.0
1784512680,28627.1,28628.0,28623.3,28624.1,68.0
1784512740,28624.1,28627.6,28622.1,28625.9,93.0
1784512800,28627.8,28635.5,28614.8,28618.3,165.0
1784512860,28618.5,28624.3,28614.6,28614.9,144.0
1784512920,28615.0,28628.0,28613.6,28624.4,114.0
1784512980,28624.4,28624.5,28597.5,28602.8,129.0
1784513040,28602.5,28609.3,28600.3,28605.3,147.0
1784513100,28605.6,28620.0,28603.4,28616.3,141.0
1784513160,28617.3,28630.5,28598.6,28602.3,156.0
1784513220,28602.9,28610.5,28602.5,28610.1,124.0
1784513280,28610.1,28629.1,28610.1,28623.1,149.0
1784513340,28623.0,28634.9,28622.4,28634.9,104.0
1784513400,28634.9,28640.4,28632.0,28635.6,124.0
1784513460,28635.6,28638.0,28629.9,28635.3,110.0
1784513520,28635.9,28638.8,28632.4,28633.4,100.0
1784513580,28634.9,28647.6,28627.0,28627.0,146.0
1784513640,28626.5,28632.6,28619.5,28623.9,141.0
1784513700,28623.8,28628.5,28621.5,28623.5,106.0
1784513760,28623.4,28623.5,28615.0,28615.6,126.0
1784513820,28616.8,28617.5,28602.8,28604.9,138.0
1784513880,28605.3,28616.3,28604.4,28615.8,114.0
1784513940,28615.8,28616.3,28606.8,28611.8,113.0
1784514000,28611.5,28613.1,28600.1,28604.6,122.0
1784514060,28606.6,28607.4,28594.3,28595.0,118.0
1784514120,28595.9,28605.9,28594.8,28605.3,128.0
1784514180,28605.6,28624.8,28603.0,28620.0,139.0
1784514240,28620.1,28627.0,28619.9,28625.5,96.0
1784514300,28625.5,28635.5,28624.1,28628.3,118.0
1784514360,28628.1,28628.1,28604.1,28604.1,137.0
1784514420,28604.1,28612.6,28603.5,28608.8,145.0
1784514480,28608.6,28612.8,28603.5,28603.8,103.0
1784514540,28603.8,28623.1,28603.6,28615.4,130.0
1784514600,28615.4,28619.3,28604.4,28613.9,140.0
1784514660,28613.9,28625.1,28611.0,28625.0,139.0
1784514720,28625.0,28626.4,28618.9,28626.4,102.0
1784514780,28626.6,28629.9,28620.9,28627.8,106.0
1784514840,28628.0,28629.8,28612.3,28629.8,117.0
1784514900,28629.8,28647.3,28629.6,28641.4,166.0
1784514960,28641.4,28641.4,28631.6,28634.1,138.0
1784515020,28634.0,28635.3,28622.1,28634.0,166.0
1784515080,28634.1,28647.6,28633.8,28646.9,140.0
1784515140,28646.9,28648.9,28641.4,28644.3,109.0
1784515200,28644.3,28647.5,28636.4,28645.3,106.0
1784515260,28645.3,28649.4,28639.4,28640.8,111.0
1784515320,28640.4,28663.8,28639.8,28663.1,130.0
1784515380,28663.4,28675.6,28663.3,28667.4,162.0
1784515440,28667.5,28677.5,28667.1,28676.1,142.0
1784515500,28676.9,28678.0,28627.8,28642.6,232.0
1784515560,28642.6,28650.8,28634.1,28637.0,246.0
1784515620,28637.1,28647.8,28637.1,28638.6,192.0
1784515680,28638.5,28663.5,28635.9,28650.0,204.0
1784515740,28650.3,28652.1,28637.1,28638.1,201.0
1784515800,28638.5,28654.0,28637.1,28648.4,201.0
1784515860,28648.4,28667.3,28645.8,28663.9,215.0
1784515920,28663.9,28672.6,28655.0,28656.0,198.0
1784515980,28655.4,28663.3,28654.5,28661.6,200.0
1784516040,28661.8,28662.0,28647.0,28654.5,210.0
1784516100,28655.1,28664.3,28652.3,28661.4,187.0
1784516160,28661.1,28669.6,28660.5,28666.5,183.0
1784516220,28666.4,28673.8,28666.4,28672.5,187.0
1784516280,28672.3,28687.6,28668.1,28682.5,189.0
1784516340,28680.4,28684.9,28672.1,28680.4,197.0
1784516400,28683.5,28683.5,28638.5,28646.9,273.0
1784516460,28647.4,28647.6,28620.8,28622.5,257.0
1784516520,28621.6,28656.6,28617.9,28650.1,254.0
1784516580,28648.8,28663.6,28648.1,28660.9,249.0
1784516640,28661.6,28683.9,28661.6,28681.3,253.0
1784516700,28681.0,28711.4,28678.1,28710.4,241.0
1784516760,28710.0,28721.0,28700.5,28703.5,246.0
1784516820,28703.4,28728.5,28702.4,28713.0,247.0
1784516880,28711.5,28740.3,28709.0,28739.5,234.0
1784516940,28738.9,28748.3,28732.6,28736.8,211.0
1784517000,28735.4,28742.5,28729.1,28735.8,241.0
1784517060,28735.6,28759.6,28733.6,28755.3,237.0
1784517120,28754.6,28755.5,28739.6,28746.3,246.0
1784517180,28746.6,28757.6,28746.4,28754.8,214.0
1784517240,28753.9,28765.8,28748.0,28750.4,221.0
1784517300,28750.4,28765.8,28748.0,28761.4,248.0
1784517360,28761.1,28774.3,28759.1,28763.4,227.0
1784517420,28762.1,28769.5,28754.0,28760.4,232.0
1784517480,28760.4,28764.8,28753.5,28764.1,223.0
1784517540,28764.1,28771.6,28762.8,28768.8,216.0
1784517600,28769.6,28769.8,28760.9,28762.1,210.0
1784517660,28762.3,28773.6,28750.8,28751.3,232.0
1784517720,28750.8,28760.4,28748.8,28754.5,233.0
1784517780,28754.0,28761.6,28749.5,28760.1,233.0
1784517840,28757.6,28761.6,28750.4,28759.1,235.0
1784517900,28759.3,28759.3,28742.8,28744.5,234.0
1784517960,28744.5,28759.3,28743.8,28746.0,237.0
1784518020,28745.4,28749.4,28740.4,28747.8,235.0
1784518080,28747.9,28756.8,28745.3,28755.1,228.0
1784518140,28754.4,28755.1,28739.4,28745.8,230.0
1784518200,28745.5,28748.9,28720.5,28723.6,245.0
1784518260,28724.1,28729.1,28712.1,28718.1,244.0
1784518320,28717.6,28719.4,28705.3,28708.0,240.0
1784518380,28708.0,28710.1,28693.4,28697.1,235.0
1784518440,28696.6,28708.3,28687.9,28687.9,234.0
1784518500,28688.4,28708.4,28686.4,28707.6,241.0
1784518560,28707.5,28725.9,28700.8,28721.9,254.0
1784518620,28720.9,28733.4,28716.6,28732.4,232.0
1784518680,28732.5,28734.5,28723.9,28733.0,220.0
1784518740,28732.0,28735.5,28709.0,28709.0,226.0
1784518800,28709.3,28711.9,28697.4,28705.3,244.0
1784518860,28706.0,28737.3,28701.5,28735.9,252.0
1784518920,28736.4,28746.0,28730.9,28731.1,230.0
1784518980,28729.0,28734.4,28710.5,28711.6,224.0
1784519040,28711.4,28712.1,28697.3,28698.0,202.0
1784519100,28697.9,28700.0,28670.4,28678.8,246.0
1784519160,28679.8,28700.1,28674.0,28699.8,247.0
1784519220,28701.0,28712.4,28688.4,28690.1,240.0
1784519280,28689.5,28694.0,28685.8,28693.0,215.0
1784519340,28693.0,28703.6,28685.0,28694.1,243.0
1784519400,28694.9,28698.3,28685.1,28686.0,208.0
1784519460,28686.0,28698.0,28683.9,28696.8,200.0
1784519520,28697.5,28697.5,28675.0,28675.8,221.0
1784519580,28675.8,28684.4,28675.0,28676.3,220.0
1784519640,28675.5,28683.0,28673.0,28676.9,213.0
1784519700,28676.8,28696.0,28675.8,28691.9,233.0
1784519760,28692.3,28700.4,28676.0,28676.0,221.0
1784519820,28676.1,28677.3,28665.3,28675.3,239.0
1784519880,28674.3,28675.3,28663.3,28671.9,227.0
1784519940,28671.6,28677.6,28667.4,28669.9,249.0
1784520000,28673.6,28693.6,28670.0,28688.5,271.0
1784520060,28688.0,28699.3,28679.8,28690.9,266.0
1784520120,28690.1,28692.4,28664.4,28670.0,265.0
1784520180,28669.4,28678.8,28664.9,28665.5,258.0
1784520240,28665.5,28675.9,28660.0,28673.5,256.0
1784520300,28673.1,28696.3,28667.9,28695.8,255.0
1784520360,28696.3,28711.5,28692.0,28710.3,254.0
1784520420,28710.0,28718.0,28699.6,28702.0,239.0
1784520480,28704.3,28712.3,28701.5,28704.8,243.0
1784520540,28705.6,28717.9,28704.3,28715.6,245.0
1784520600,28714.9,28729.1,28711.6,28718.8,256.0
1784520660,28718.0,28720.0,28682.1,28685.1,238.0
1784520720,28685.1,28690.1,28673.6,28680.9,256.0
1784520780,28679.6,28679.6,28668.3,28672.5,247.0
1784520840,28672.9,28676.1,28659.1,28663.1,237.0
1784520900,28664.6,28674.5,28660.0,28663.0,254.0
1784520960,28663.4,28675.4,28657.3,28671.9,250.0
1784521020,28671.9,28680.5,28668.8,28670.4,259.0
1784521080,28670.1,28672.6,28653.6,28656.5,253.0
1784521140,28656.5,28666.8,28642.0,28646.8,245.0
1784521200,28644.9,28657.3,28633.5,28655.5,259.0
1784521260,28655.0,28662.1,28642.5,28654.1,261.0
1784521320,28654.6,28675.3,28654.6,28663.9,243.0
1784521380,28663.6,28683.8,28663.6,28677.0,233.0
1784521440,28677.3,28689.6,28672.1,28674.9,249.0
1784521500,28675.0,28688.9,28670.4,28688.5,256.0
1784521560,28688.3,28695.5,28675.3,28690.3,262.0
1784521620,28689.6,28690.0,28665.8,28666.1,240.0
1784521680,28666.1,28666.9,28640.0,28640.5,241.0
1784521740,28640.4,28643.9,28623.5,28627.0,245.0
1784521800,28627.0,28632.9,28620.1,28628.1,259.0
1784521860,28628.1,28635.9,28625.0,28632.0,256.0
1784521920,28630.0,28640.0,28622.5,28637.5,263.0
1784521980,28638.5,28640.0,28626.5,28626.6,264.0
1784522040,28625.6,28627.0,28616.4,28621.4,262.0
1784522100,28621.4,28625.6,28613.6,28619.1,253.0
1784522160,28617.9,28631.1,28616.9,28622.8,247.0
1784522220,28623.8,28638.1,28623.8,28632.0,240.0
1784522280,28630.9,28645.5,28628.6,28631.0,239.0
1784522340,28630.4,28638.1,28626.9,28636.0,259.0
1784522400,28636.4,28641.4,28630.3,28633.0,241.0
1784522460,28633.1,28645.1,28629.0,28629.0,244.0
1784522520,28629.3,28629.3,28600.1,28603.1,254.0
1784522580,28602.8,28602.8,28588.1,28595.4,256.0
1784522640,28595.6,28613.1,28589.1,28608.4,248.0
1784522700,28608.6,28619.9,28597.6,28605.9,254.0
1784522760,28606.0,28618.8,28601.8,28603.3,262.0
1784522820,28603.1,28608.5,28601.1,28606.8,244.0
1784522880,28606.6,28622.3,28605.0,28616.8,233.0
1784522940,28616.6,28631.6,28615.8,28624.1,236.0
1784523000,28624.0,28627.9,28608.9,28613.4,240.0
1784523060,28613.8,28614.9,28595.3,28595.6,236.0
1784523120,28595.8,28600.5,28589.1,28596.5,223.0
1784523180,28595.4,28597.1,28583.5,28584.1,217.0
1784523240,28582.6,28587.5,28578.6,28580.8,238.0
1784523300,28580.8,28588.6,28576.0,28577.5,243.0
1784523360,28577.5,28595.4,28574.8,28593.5,221.0
1784523420,28593.4,28611.0,28587.6,28608.8,223.0
1784523480,28608.8,28612.9,28603.1,28608.0,221.0
1784523540,28608.1,28617.6,28601.5,28607.3,254.0
1784523600,28607.6,28648.5,28607.3,28640.6,246.0
1784523660,28640.5,28675.3,28640.5,28664.9,258.0
1784523720,28664.8,28690.0,28662.4,28686.1,256.0
1784523780,28684.9,28684.9,28662.6,28663.3,247.0
1784523840,28663.5,28686.5,28661.9,28684.6,265.0
1784523900,28684.5,28693.5,28680.0,28687.0,255.0
1784523960,28687.3,28699.3,28686.1,28689.3,250.0
1784524020,28688.6,28694.1,28677.9,28686.4,246.0
1784524080,28687.1,28697.6,28683.1,28688.3,235.0
1784524140,28688.3,28691.9,28679.9,28679.9,229.0
1784524200,28680.1,28680.6,28668.4,28668.6,207.0
1784524260,28668.6,28675.1,28659.1,28664.1,236.0
1784524320,28664.3,28677.3,28662.8,28668.4,239.0
1784524380,28668.9,28668.9,28653.3,28654.0,232.0
1784524440,28653.4,28653.4,28645.1,28650.0,230.0
1784524500,28650.6,28653.0,28632.5,28635.4,209.0
1784524560,28635.3,28645.8,28630.9,28645.8,242.0
1784524620,28646.1,28658.5,28636.4,28638.6,235.0
1784524680,28639.1,28641.3,28625.0,28625.5,217.0
1784524740,28625.5,28627.9,28620.0,28622.1,206.0
1784524800,28623.3,28626.4,28612.9,28614.0,235.0
1784524860,28614.4,28619.6,28604.3,28617.8,260.0
1784524920,28616.8,28622.1,28608.8,28610.3,231.0
1784524980,28610.4,28618.5,28606.8,28609.0,234.0
1784525040,28610.0,28617.8,28606.6,28613.1,235.0
1784525100,28613.1,28624.4,28606.1,28613.6,230.0
1784525160,28613.6,28618.4,28604.9,28618.3,235.0
1784525220,28618.1,28627.6,28610.4,28626.4,241.0
1784525280,28626.5,28632.9,28622.1,28628.5,253.0
1784525340,28628.5,28634.3,28621.1,28622.8,230.0
1784525400,28621.4,28655.0,28619.9,28653.4,256.0
1784525460,28653.9,28665.8,28653.9,28659.1,229.0
1784525520,28658.8,28678.0,28657.3,28675.9,224.0
1784525580,28675.8,28687.5,28671.4,28671.4,237.0
1784525640,28670.3,28683.6,28664.3,28673.8,225.0
1784525700,28673.8,28681.0,28667.4,28679.1,248.0
1784525760,28679.0,28699.5,28676.6,28689.6,247.0
1784525820,28689.4,28696.0,28679.1,28682.6,238.0
1784525880,28682.6,28686.5,28676.0,28682.6,231.0
1784525940,28682.4,28683.3,28671.3,28672.3,225.0
1784526000,28672.0,28685.5,28668.9,28685.0,219.0
1784526060,28684.8,28699.4,28679.6,28694.4,252.0
1784526120,28694.8,28719.8,28693.0,28712.3,237.0
1784526180,28712.5,28727.0,28709.9,28725.4,234.0
1784526240,28725.6,28725.6,28709.4,28710.5,205.0
1784526300,28710.8,28722.6,28707.0,28720.4,232.0
1784526360,28720.4,28726.0,28714.8,28714.8,226.0
1784526420,28714.0,28718.1,28705.9,28713.5,232.0
1784526480,28713.5,28733.5,28710.8,28730.0,241.0
1784526540,28730.0,28744.0,28717.9,28744.0,245.0
1784526600,28744.6,28749.5,28733.1,28735.0,213.0
1784526660,28735.0,28735.0,28718.9,28720.1,213.0
1784526720,28720.1,28725.5,28714.8,28724.3,213.0
1784526780,28724.4,28727.8,28721.3,28723.8,209.0
1784526840,28723.3,28726.3,28714.4,28717.1,214.0
1784526900,28717.3,28721.4,28704.3,28704.3,227.0
1784526960,28704.1,28720.8,28700.5,28714.1,228.0
1784527020,28714.6,28714.6,28695.4,28697.6,206.0
1784527080,28697.4,28701.4,28696.6,28698.9,210.0
1784527140,28699.4,28704.0,28696.4,28697.6,199.0
1784527200,28699.8,28718.0,28697.5,28718.0,240.0
1784527260,28717.4,28724.5,28711.4,28713.0,207.0
1784527320,28713.6,28714.5,28700.4,28706.9,209.0
1784527380,28706.5,28711.8,28696.3,28705.1,231.0
1784527440,28705.1,28705.5,28692.9,28696.8,195.0
1784527500,28696.5,28698.8,28678.9,28680.9,218.0
1784527560,28681.3,28681.9,28673.1,28673.8,208.0
1784527620,28674.0,28677.1,28668.6,28674.1,217.0
1784527680,28674.3,28677.1,28667.5,28675.1,227.0
1784527740,28675.1,28689.1,28673.3,28684.1,223.0
1784527800,28684.5,28693.6,28683.3,28691.5,208.0
1784527860,28691.5,28695.8,28683.3,28686.5,238.0
1784527920,28687.4,28688.3,28677.9,28683.4,210.0
1784527980,28684.4,28691.8,28684.4,28688.3,222.0
1784528040,28688.4,28702.1,28679.8,28696.1,212.0
1784528100,28696.3,28718.8,28685.9,28717.1,242.0
1784528160,28716.9,28722.8,28710.8,28722.6,229.0
1784528220,28723.3,28724.3,28710.1,28719.3,218.0
1784528280,28719.3,28720.6,28710.1,28719.3,206.0
1784528340,28719.9,28720.9,28700.6,28700.6,182.0
1784528400,28699.3,28705.3,28693.9,28697.9,203.0
1784528460,28697.8,28707.8,28695.9,28698.0,227.0
1784528520,28698.4,28702.3,28689.0,28697.4,205.0
1784528580,28697.9,28697.9,28675.0,28683.8,204.0
1784528640,28683.5,28708.5,28682.6,28704.6,212.0
1784528700,28704.3,28705.4,28693.9,28704.3,218.0
1784528760,28703.6,28707.3,28693.8,28693.8,213.0
1784528820,28693.3,28693.9,28681.6,28693.4,194.0
1784528880,28695.3,28702.1,28687.0,28696.3,213.0
1784528940,28696.3,28699.3,28686.5,28688.8,208.0
1784529000,28688.8,28704.0,28679.5,28703.1,220.0
1784529060,28704.1,28715.0,28691.3,28694.1,245.0
1784529120,28694.3,28701.9,28683.8,28684.6,217.0
1784529180,28684.6,28696.6,28682.6,28682.8,209.0
1784529240,28682.6,28683.4,28675.5,28679.3,210.0
1784529300,28679.3,28680.8,28662.1,28664.6,191.0
1784529360,28664.6,28680.6,28662.6,28680.6,210.0
1784529420,28681.9,28699.4,28678.6,28696.0,212.0
1784529480,28696.1,28701.5,28685.8,28687.4,210.0
1784529540,28687.4,28701.6,28686.4,28699.0,203.0
1784529600,28698.0,28704.8,28687.1,28688.1,210.0
1784529660,28687.6,28702.3,28679.6,28692.9,236.0
1784529720,28692.9,28712.9,28690.8,28710.6,199.0
1784529780,28710.4,28713.5,28705.6,28710.0,224.0
1784529840,28710.5,28713.4,28699.0,28710.5,230.0
1784529900,28710.3,28713.6,28702.0,28706.0,186.0
1784529960,28706.1,28713.6,28701.1,28705.1,210.0
1784530020,28705.3,28711.5,28696.0,28710.0,203.0
1784530080,28710.0,28715.9,28709.3,28714.5,199.0
1784530140,28714.4,28717.5,28706.9,28713.1,202.0
1784530200,28713.1,28732.1,28710.6,28732.1,208.0
1784530260,28732.3,28735.0,28724.6,28733.0,191.0
1784530320,28733.0,28743.9,28731.3,28742.3,181.0
1784530380,28742.3,28747.8,28740.5,28745.0,198.0
1784530440,28745.0,28748.8,28740.9,28743.1,174.0
1784530500,28743.5,28746.5,28725.4,28726.3,208.0
1784530560,28726.8,28727.6,28714.0,28715.4,219.0
1784530620,28715.4,28717.5,28708.3,28708.3,202.0
1784530680,28706.9,28706.9,28692.9,28705.1,209.0
1784530740,28704.9,28709.4,28698.9,28708.6,212.0
1784530800,28710.9,28719.4,28706.1,28717.0,216.0
1784530860,28716.8,28729.8,28703.6,28708.5,205.0
1784530920,28708.5,28710.4,28703.1,28709.1,177.0
1784530980,28709.4,28712.0,28703.1,28709.9,198.0
1784531040,28709.9,28711.5,28704.6,28706.4,190.0
1784531100,28706.4,28708.4,28697.3,28700.6,206.0
1784531160,28700.3,28700.3,28691.9,28691.9,202.0
1784531220,28691.1,28693.0,28682.5,28690.8,210.0
1784531280,28690.6,28697.0,28687.4,28692.8,198.0
1784531340,28693.1,28694.1,28687.3,28693.3,192.0
1784531400,28693.3,28697.1,28685.5,28690.3,184.0
1784531460,28690.3,28698.0,28686.0,28694.1,203.0
1784531520,28693.9,28696.0,28688.9,28688.9,160.0
1784531580,28689.5,28697.3,28682.0,28689.3,180.0
1784531640,28689.4,28689.5,28675.1,28678.5,177.0
1784531700,28678.6,28678.8,28670.4,28674.0,206.0
1784531760,28674.3,28676.4,28669.0,28671.3,186.0
1784531820,28671.3,28673.5,28656.3,28662.5,203.0
1784531880,28663.4,28671.5,28658.1,28660.3,222.0
1784531940,28660.3,28666.1,28656.6,28663.5,199.0
1784532000,28663.5,28672.6,28656.4,28672.4,225.0
1784532060,28671.9,28674.8,28659.5,28661.4,205.0
1784532120,28660.6,28664.6,28655.8,28659.8,203.0
1784532180,28659.9,28675.8,28659.4,28669.4,223.0
1784532240,28669.4,28677.8,28669.0,28674.8,210.0
1784532300,28674.9,28685.5,28671.9,28683.5,197.0
1784532360,28683.3,28699.3,28681.0,28698.0,191.0
1784532420,28697.6,28708.4,28695.1,28707.9,217.0
1784532480,28707.8,28712.3,28705.6,28708.3,184.0
1784532540,28708.4,28714.1,28701.6,28710.9,205.0
1784532600,28710.6,28713.9,28699.8,28704.0,205.0
1784532660,28704.0,28716.6,28702.0,28711.3,191.0
1784532720,28711.6,28732.6,28709.9,28732.5,211.0
1784532780,28733.0,28746.0,28714.6,28714.8,225.0
1784532840,28714.6,28723.4,28714.4,28717.0,218.0
1784532900,28717.1,28731.6,28714.9,28731.0,190.0
1784532960,28731.0,28731.0,28710.0,28711.1,211.0
1784533020,28710.9,28729.9,28710.9,28728.1,213.0
1784533080,28727.9,28737.3,28725.9,28737.3,186.0
1784533140,28737.1,28745.9,28735.0,28735.0,198.0
1784533200,28735.1,28740.5,28726.6,28727.3,193.0
1784533260,28727.3,28733.5,28718.4,28726.3,184.0
1784533320,28726.3,28745.3,28723.5,28740.4,204.0
1784533380,28740.4,28740.6,28729.4,28730.1,188.0
1784533440,28730.5,28751.5,28730.5,28745.0,197.0
1784533500,28745.4,28748.8,28736.8,28743.4,189.0
1784533560,28743.9,28747.8,28740.3,28747.3,197.0
1784533620,28747.9,28751.3,28745.1,28748.6,197.0
1784533680,28749.3,28752.6,28746.3,28746.4,160.0
1784533740,28747.4,28752.5,28746.8,28748.9,166.0
1784533800,28748.9,28752.1,28739.4,28741.9,204.0
1784533860,28742.0,28753.3,28739.5,28750.9,189.0
1784533920,28751.1,28751.1,28742.4,28742.5,164.0
1784533980,28742.5,28745.8,28728.9,28729.9,167.0
1784534040,28729.1,28730.1,28725.3,28726.3,187.0
1784534100,28726.1,28732.3,28717.4,28717.8,202.0
1784534160,28718.0,28720.1,28711.3,28712.5,186.0
1784534220,28712.9,28715.8,28710.6,28712.9,177.0
1784534280,28712.8,28714.3,28705.3,28707.0,205.0
1784534340,28706.8,28710.5,28704.5,28708.0,165.0
1784534400,28708.5,28713.5,28698.6,28707.9,225.0
1784534460,28707.8,28711.4,28698.1,28700.1,194.0
1784534520,28700.1,28701.5,28695.8,28696.9,208.0
1784534580,28696.9,28698.5,28684.9,28693.8,198.0
1784534640,28693.9,28697.6,28685.1,28688.4,204.0
1784534700,28689.1,28689.4,28675.5,28675.5,181.0
1784534760,28675.5,28681.3,28669.8,28677.3,202.0
1784534820,28677.1,28679.0,28671.0,28677.8,192.0
1784534880,28676.8,28676.8,28668.5,28669.9,217.0
1784534940,28669.8,28672.8,28656.8,28661.4,214.0
1784535000,28661.3,28664.4,28644.4,28644.6,201.0
1784535060,28645.3,28646.8,28632.3,28635.1,225.0
1784535120,28635.1,28638.9,28623.4,28625.4,232.0
1784535180,28624.8,28669.1,28624.8,28667.0,229.0
1784535240,28667.9,28680.0,28661.1,28673.4,246.0
1784535300,28673.4,28673.8,28655.1,28664.0,229.0
1784535360,28662.6,28668.3,28659.1,28662.6,222.0
1784535420,28661.0,28664.5,28651.8,28651.8,229.0
1784535480,28651.9,28658.3,28650.1,28657.8,216.0
1784535540,28657.5,28666.3,28656.9,28663.4,231.0
1784535600,28663.8,28667.8,28649.5,28650.5,189.0
1784535660,28650.1,28662.9,28649.3,28650.6,216.0
1784535720,28651.4,28655.8,28649.3,28654.1,231.0
1784535780,28654.0,28656.8,28638.5,28646.3,216.0
1784535840,28646.1,28653.3,28644.1,28651.9,235.0
1784535900,28652.0,28656.9,28640.3,28656.9,219.0
1784535960,28656.9,28660.6,28649.3,28652.9,232.0
1784536020,28652.8,28661.4,28646.4,28657.1,185.0
1784536080,28657.1,28659.4,28642.8,28642.9,207.0
1784536140,28642.9,28652.6,28640.4,28643.8,207.0
1784536200,28643.5,28644.8,28632.6,28640.4,231.0
1784536260,28640.0,28648.5,28631.9,28643.4,208.0
1784536320,28642.8,28646.8,28638.3,28640.1,221.0
1784536380,28640.3,28647.9,28632.9,28634.5,195.0
1784536440,28634.5,28639.1,28629.3,28637.8,226.0
1784536500,28637.9,28645.5,28634.5,28638.4,216.0
1784536560,28638.4,28645.1,28633.9,28636.6,203.0
1784536620,28636.6,28644.6,28634.5,28634.5,203.0
1784536680,28634.5,28644.0,28632.4,28641.8,217.0
1784536740,28641.4,28641.4,28625.9,28628.8,213.0
1784536800,28627.9,28639.9,28627.1,28633.8,230.0
1784536860,28633.9,28642.9,28625.0,28626.9,205.0
1784536920,28626.9,28632.3,28620.6,28628.4,218.0
1784536980,28628.4,28636.9,28623.8,28626.6,203.0
1784537040,28626.6,28630.1,28622.9,28623.9,193.0
1784537100,28623.9,28630.4,28622.3,28624.1,215.0
1784537160,28624.1,28626.4,28617.1,28622.9,198.0
1784537220,28622.9,28640.3,28620.9,28640.0,218.0
1784537280,28640.1,28642.6,28626.1,28628.8,206.0
1784537340,28628.3,28634.4,28622.8,28631.4,205.0
1784537400,28631.6,28633.6,28618.5,28623.9,205.0
1784537460,28623.9,28625.6,28619.0,28620.3,203.0
1784537520,28619.6,28624.8,28611.8,28620.3,194.0
1784537580,28620.1,28622.0,28614.0,28614.5,180.0
1784537640,28614.3,28617.6,28602.3,28605.3,194.0
1784537700,28605.1,28618.5,28600.6,28615.9,192.0
1784537760,28616.0,28626.5,28611.6,28623.6,224.0
1784537820,28623.8,28632.9,28622.1,28632.9,168.0
1784537880,28633.6,28634.1,28617.8,28617.8,166.0
1784537940,28616.9,28618.4,28607.0,28618.3,213.0
1784538000,28619.3,28629.4,28612.9,28625.0,240.0
1784538060,28624.6,28634.3,28620.4,28632.6,209.0
1784538120,28632.1,28634.1,28611.1,28620.1,216.0
1784538180,28619.9,28624.8,28613.0,28617.0,197.0
1784538240,28617.1,28633.1,28616.0,28629.9,198.0
1784538300,28630.2,28633.0,28607.2,28613.7,229.0
1784538360,28614.1,28621.4,28612.7,28619.4,213.0
1784538420,28618.9,28620.7,28615.0,28616.1,195.0
1784538480,28616.1,28627.0,28614.9,28624.7,206.0
1784538540,28624.5,28630.7,28612.7,28614.2,204.0
1784538600,28614.2,28614.2,28596.9,28600.4,202.0
1784538660,28600.4,28607.2,28594.9,28596.4,226.0
1784538720,28596.4,28606.5,28594.5,28606.0,191.0
1784538780,28606.0,28608.4,28595.7,28597.7,186.0
1784538840,28598.0,28600.0,28593.6,28596.1,198.0
1784538900,28596.1,28596.6,28590.1,28596.1,197.0
1784538960,28595.9,28619.0,28595.9,28608.2,227.0
1784539020,28608.7,28611.7,28601.9,28603.5,196.0
1784539080,28603.2,28608.5,28591.4,28592.7,207.0
1784539140,28593.1,28614.2,28589.2,28612.0,203.0
1784539200,28611.6,28626.4,28611.6,28622.9,205.0
1784539260,28621.0,28621.7,28600.2,28600.4,186.0
1784539320,28599.7,28604.0,28599.0,28602.5,174.0
1784539380,28602.5,28609.6,28598.0,28599.5,186.0
1784539440,28599.5,28600.7,28582.1,28583.0,207.0
1784539500,28583.1,28594.5,28580.2,28593.0,211.0
1784539560,28593.0,28602.0,28590.7,28598.1,199.0
1784539620,28599.1,28600.5,28591.4,28595.5,200.0
1784539680,28595.5,28600.0,28592.1,28593.2,186.0
1784539740,28593.4,28606.4,28592.2,28597.6,195.0
1784539800,28597.0,28607.7,28592.4,28606.5,229.0
1784539860,28606.5,28607.7,28604.0,28604.2,208.0
1784539920,28604.2,28604.2,28589.2,28596.2,190.0
1784539980,28596.2,28598.5,28591.5,28594.7,166.0
1784540040,28594.6,28597.7,28586.7,28590.2,194.0
1784540100,28590.2,28590.9,28578.0,28582.6,192.0
1784540160,28582.4,28592.1,28580.9,28586.7,204.0
1784540220,28588.1,28589.1,28577.0,28587.6,199.0
1784540280,28587.4,28598.1,28587.4,28588.5,166.0
1784540340,28588.5,28591.4,28580.2,28585.2,180.0
1784540400,28585.4,28599.6,28583.2,28596.6,159.0
1784540460,28596.6,28624.6,28596.1,28623.2,216.0
1784540520,28623.4,28624.6,28597.5,28597.5,172.0
1784540580,28597.7,28610.7,28597.4,28610.4,169.0
1784540640,28610.2,28618.4,28609.4,28615.4,158.0
1784540700,28615.4,28616.2,28603.7,28607.1,186.0
1784540760,28607.1,28612.2,28604.4,28610.6,162.0
1784540820,28611.0,28615.2,28594.1,28595.0,146.0
1784540880,28593.1,28598.6,28590.1,28593.9,172.0
1784540940,28594.1,28602.4,28594.1,28599.7,162.0
1784541000,28599.4,28610.1,28599.0,28605.1,173.0
1784541060,28605.1,28616.9,28605.1,28616.1,161.0
1784541120,28616.0,28619.1,28611.7,28611.7,155.0
1784541180,28611.7,28616.4,28606.6,28610.0,169.0
1784541240,28610.5,28615.0,28608.1,28610.6,142.0
1784541300,28610.6,28616.2,28602.9,28615.9,185.0
1784541360,28615.9,28619.6,28610.7,28618.0,137.0
1784541420,28619.0,28621.5,28606.2,28606.6,126.0
1784541480,28606.6,28607.0,28594.5,28594.6,161.0
1784541540,28594.2,28616.1,28592.2,28616.1,172.0
1784541600,28618.5,28634.9,28617.7,28626.0,242.0
1784541660,28626.0,28643.7,28625.7,28639.7,241.0
1784541720,28639.5,28640.6,28625.4,28627.7,207.0
1784541780,28627.1,28632.5,28622.2,28628.2,214.0
1784541840,28628.7,28645.6,28628.4,28632.9,219.0
1784541900,28631.6,28639.9,28626.7,28628.2,201.0
1784541960,28628.6,28636.2,28620.1,28622.9,228.0
1784542020,28622.9,28629.6,28622.9,28628.7,187.0
1784542080,28628.7,28628.7,28618.6,28622.2,196.0
1784542140,28622.6,28630.4,28620.5,28630.4,169.0
1784542200,28631.5,28636.2,28623.1,28629.2,208.0
1784542260,28628.6,28633.4,28624.7,28629.7,180.0
1784542320,28629.7,28632.5,28621.2,28623.1,178.0
1784542380,28622.9,28636.5,28621.7,28629.9,193.0
1784542440,28630.5,28639.6,28628.5,28632.7,185.0
1784542500,28632.5,28636.2,28628.9,28633.1,176.0
1784542560,28632.5,28633.2,28626.1,28630.1,194.0
1784542620,28630.1,28630.6,28610.7,28611.4,199.0
1784542680,28611.4,28618.5,28611.0,28612.1,164.0
1784542740,28612.2,28622.5,28609.9,28621.7,171.0
1784542800,28621.6,28630.6,28611.9,28625.7,183.0
1784542860,28625.4,28627.6,28616.5,28620.5,161.0
1784542920,28620.9,28662.1,28618.9,28660.2,225.0
1784542980,28659.1,28661.4,28645.6,28652.2,229.0
1784543040,28652.2,28659.5,28648.4,28654.7,217.0
1784543100,28654.0,28661.6,28651.2,28659.4,227.0
1784543160,28659.5,28678.6,28657.9,28678.6,202.0
1784543220,28678.6,28688.4,28675.4,28676.6,218.0
1784543280,28676.7,28682.5,28672.9,28678.4,200.0
1784543340,28678.7,28696.9,28678.5,28690.9,214.0
1784543400,28691.7,28718.6,28688.7,28699.7,239.0
1784543460,28698.4,28709.4,28694.7,28699.7,219.0
1784543520,28699.7,28709.4,28698.9,28700.6,210.0
1784543580,28700.7,28716.4,28698.0,28711.5,213.0
1784543640,28712.0,28732.2,28707.5,28723.1,220.0
1784543700,28722.5,28725.1,28714.1,28715.0,211.0
1784543760,28715.0,28731.5,28710.7,28714.0,226.0
1784543820,28712.7,28721.9,28708.9,28721.9,204.0
1784543880,28722.2,28730.5,28710.7,28721.7,220.0
1784543940,28722.0,28728.1,28719.6,28724.1,219.0
1784544000,28724.1,28724.7,28715.4,28722.7,219.0
1784544060,28723.0,28736.7,28709.0,28709.0,229.0
1784544120,28707.4,28719.5,28702.1,28707.1,230.0
1784544180,28707.9,28715.6,28705.1,28709.7,212.0
1784544240,28710.0,28718.5,28709.5,28716.9,208.0
1784544300,28717.0,28727.2,28708.0,28727.0,214.0
1784544360,28727.7,28729.4,28715.7,28717.7,198.0
1784544420,28717.9,28718.1,28696.5,28699.4,211.0
1784544480,28699.4,28702.5,28694.7,28696.9,178.0
1784544540,28697.4,28699.9,28694.5,28699.4,169.0
1784544600,28699.5,28699.5,28692.0,28692.1,183.0
1784544660,28692.1,28703.7,28690.9,28703.1,186.0
1784544720,28703.2,28709.1,28702.4,28707.1,160.0
1784544780,28707.0,28710.2,28701.7,28701.9,179.0
1784544840,28701.9,28704.9,28697.0,28703.7,169.0
1784544900,28703.9,28712.5,28702.7,28710.0,185.0
1784544960,28710.0,28730.9,28709.9,28730.9,205.0
1784545020,28730.9,28733.9,28715.4,28720.7,193.0
1784545080,28720.7,28731.5,28720.4,28727.4,155.0
1784545140,28727.1,28728.2,28718.4,28720.9,196.0
1784545200,28720.4,28742.5,28717.6,28734.5,249.0
1784545260,28733.6,28736.0,28726.6,28728.5,242.0
1784545320,28728.6,28742.7,28725.9,28734.6,231.0
1784545380,28734.6,28743.1,28731.7,28743.1,187.0
1784545440,28744.1,28745.5,28729.4,28733.7,214.0
1784545500,28732.9,28739.5,28719.4,28725.4,206.0
1784545560,28726.6,28732.0,28722.2,28723.5,211.0
1784545620,28723.7,28724.4,28708.0,28709.6,197.0
1784545680,28709.5,28710.4,28701.0,28705.0,193.0
1784545740,28705.2,28711.4,28704.7,28711.1,157.0
1784545800,28711.5,28714.4,28705.1,28714.2,173.0
1784545860,28714.6,28724.6,28712.5,28720.7,176.0
1784545920,28720.4,28739.0,28715.9,28737.0,210.0
1784545980,28736.9,28738.0,28733.2,28736.4,200.0
1784546040,28736.6,28739.9,28736.1,28738.2,183.0
1784546100,28738.2,28748.0,28738.2,28746.9,207.0
1784546160,28746.4,28750.7,28743.6,28746.7,191.0
1784546220,28746.5,28747.2,28726.5,28727.1,197.0
1784546280,28727.5,28734.9,28725.2,28734.0,165.0
1784546340,28733.9,28736.0,28725.5,28727.0,178.0
1784546400,28727.1,28729.9,28712.5,28715.9,191.0
1784546460,28715.6,28721.6,28714.4,28718.7,183.0
1784546520,28718.9,28723.9,28717.7,28718.5,151.0
1784546580,28718.6,28721.2,28713.0,28713.1,157.0
1784546640,28713.1,28723.4,28713.1,28721.1,178.0
1784546700,28721.1,28722.6,28712.5,28713.4,179.0
1784546760,28713.1,28718.5,28708.4,28713.5,181.0
1784546820,28713.5,28714.9,28707.5,28713.6,184.0
1784546880,28713.6,28720.4,28713.5,28716.5,168.0
1784546940,28716.5,28720.4,28711.9,28713.1,192.0
1784547000,28713.5,28717.7,28691.4,28692.1,224.0
1784547060,28692.0,28700.7,28689.9,28697.9,175.0
1784547120,28697.9,28702.7,28690.2,28691.7,186.0
1784547180,28691.0,28693.5,28682.5,28693.5,172.0
1784547240,28693.5,28696.2,28689.2,28694.4,146.0
1784547300,28693.9,28695.0,28684.7,28685.5,166.0
1784547360,28685.1,28688.6,28681.1,28684.1,192.0
1784547420,28684.1,28689.1,28672.7,28678.2,202.0
1784547480,28678.2,28689.9,28678.2,28683.7,151.0
1784547540,28683.7,28688.2,28681.1,28686.9,156.0
1784547600,28686.9,28687.9,28682.4,28686.6,156.0
1784547660,28686.7,28695.5,28686.7,28693.6,182.0
1784547720,28693.5,28697.4,28682.0,28687.6,173.0
1784547780,28688.6,28688.6,28673.6,28675.6,181.0
1784547840,28675.7,28677.2,28672.1,28674.7,192.0
1784547900,28675.5,28681.2,28672.4,28678.7,180.0
1784547960,28678.9,28683.7,28676.9,28682.9,161.0
1784548020,28682.6,28683.9,28676.4,28683.1,152.0
1784548080,28683.1,28688.1,28680.9,28688.1,160.0
1784548140,28688.1,28697.9,28687.0,28697.4,164.0
1784548200,28697.5,28698.7,28692.5,28693.9,162.0
1784548260,28693.7,28700.9,28690.7,28696.4,169.0
1784548320,28696.4,28698.0,28684.9,28686.6,157.0
1784548380,28686.5,28694.0,28685.1,28690.5,145.0
1784548440,28690.5,28690.7,28675.0,28678.2,143.0
1784548500,28678.2,28680.9,28676.4,28677.2,155.0
1784548560,28677.4,28689.7,28676.5,28689.7,165.0
1784548620,28689.5,28696.6,28686.5,28692.0,169.0
1784548680,28691.2,28696.4,28689.7,28691.7,137.0
1784548740,28691.7,28692.9,28688.7,28692.4,164.0
1784548800,28692.2,28700.4,28688.7,28693.5,197.0
1784548860,28693.5,28699.6,28690.6,28697.0,156.0
1784548920,28697.0,28698.2,28685.2,28685.4,180.0
1784548980,28685.4,28691.4,28680.0,28689.4,175.0
1784549040,28689.1,28696.1,28687.9,28688.2,182.0
1784549100,28688.1,28689.6,28674.1,28677.5,168.0
1784549160,28677.5,28685.6,28674.7,28679.5,195.0
1784549220,28679.5,28680.2,28666.9,28672.6,188.0
1784549280,28672.6,28695.6,28672.2,28684.2,162.0
1784549340,28684.2,28689.7,28679.6,28684.6,165.0
1784549400,28684.6,28693.6,28680.6,28691.5,189.0
1784549460,28691.2,28693.9,28688.4,28688.9,151.0
1784549520,28689.1,28692.6,28684.6,28689.1,152.0
1784549580,28689.0,28690.1,28686.7,28689.1,125.0
1784549640,28689.1,28692.0,28681.4,28688.5,148.0
1784549700,28688.5,28704.1,28688.5,28701.5,169.0
1784549760,28701.5,28709.1,28699.2,28708.1,162.0
1784549820,28708.1,28713.5,28705.9,28710.9,175.0
1784549880,28710.7,28712.0,28696.5,28698.6,163.0
1784549940,28698.6,28701.2,28692.4,28693.4,170.0
1784550000,28692.6,28710.5,28692.4,28704.9,164.0
1784550060,28704.7,28718.1,28704.6,28717.4,161.0
1784550120,28717.5,28721.1,28716.2,28719.1,163.0
1784550180,28719.1,28727.4,28718.1,28723.6,145.0
1784550240,28723.5,28726.7,28715.5,28717.5,164.0
1784550300,28717.7,28723.1,28715.6,28721.4,133.0
1784550360,28720.9,28724.4,28716.4,28716.6,141.0
1784550420,28716.9,28720.9,28715.6,28716.7,156.0
1784550480,28716.6,28719.1,28713.1,28716.4,135.0
1784550540,28716.5,28720.7,28716.2,28717.7,142.0
1784550600,28716.4,28719.5,28709.9,28717.5,179.0
1784550660,28717.1,28730.4,28717.1,28722.7,173.0
1784550720,28722.7,28726.1,28719.0,28722.6,150.0
1784550780,28722.6,28730.0,28719.4,28724.4,141.0
1784550840,28724.0,28724.5,28716.9,28719.0,136.0
1784550900,28719.0,28728.2,28718.0,28727.1,177.0
1784550960,28725.9,28731.0,28721.9,28724.4,169.0
1784551020,28724.5,28727.2,28722.1,28722.9,150.0
1784551080,28723.1,28731.7,28722.7,28729.0,146.0
1784551140,28728.7,28734.9,28726.7,28734.9,143.0
1784551200,28735.9,28740.5,28732.2,28738.2,161.0
1784551260,28737.4,28747.7,28736.5,28744.6,181.0
1784551320,28744.6,28749.9,28742.4,28746.6,171.0
1784551380,28746.6,28751.4,28744.5,28746.2,171.0
1784551440,28746.2,28752.9,28746.0,28752.9,161.0
1784551500,28752.9,28765.2,28751.4,28759.7,192.0
1784551560,28759.7,28766.9,28757.5,28765.9,141.0
1784551620,28766.4,28769.6,28766.4,28767.4,147.0
1784551680,28767.4,28776.2,28766.6,28774.4,158.0
1784551740,28777.2,28778.0,28772.9,28777.9,137.0
1784551800,28777.9,28779.5,28774.9,28779.2,148.0
1784551860,28779.9,28786.0,28779.5,28785.5,170.0
1784551920,28785.6,28808.9,28783.2,28808.9,172.0
1784551980,28808.7,28809.4,28786.9,28786.9,189.0
1784552040,28786.9,28788.0,28780.6,28781.7,166.0
1784552100,28781.7,28781.7,28764.2,28765.1,193.0
1784552160,28767.2,28769.2,28765.4,28765.7,171.0
1784552220,28765.7,28770.7,28759.6,28767.5,161.0
1784552280,28767.5,28778.4,28767.2,28770.2,167.0
1784552340,28769.9,28770.9,28763.0,28763.6,142.0
1784552400,28764.2,28767.2,28752.7,28753.0,184.0
1784552460,28753.0,28756.4,28750.1,28751.5,171.0
1784552520,28752.1,28755.1,28749.9,28750.6,142.0
1784552580,28750.6,28755.5,28749.0,28750.2,150.0
1784552640,28751.7,28757.9,28751.1,28754.5,136.0
1784552700,28754.9,28754.9,28749.2,28751.7,156.0
1784552760,28751.7,28754.9,28740.2,28743.6,159.0
1784552820,28743.6,28743.6,28738.9,28743.0,161.0
1784552880,28743.0,28748.1,28741.4,28744.0,156.0
1784552940,28744.0,28748.6,28744.0,28745.9,117.0
1784553000,28745.9,28754.4,28742.1,28753.5,151.0
1784553060,28754.6,28755.2,28746.2,28748.7,155.0
1784553120,28749.1,28750.1,28742.1,28745.2,178.0
1784553180,28745.2,28745.5,28739.6,28744.0,159.0
1784553240,28744.0,28745.5,28740.7,28744.0,138.0
1784553300,28744.0,28744.2,28732.7,28742.4,177.0
1784553360,28742.4,28748.4,28741.2,28746.0,132.0
1784553420,28746.0,28746.7,28740.5,28742.0,142.0
1784553480,28741.9,28749.2,28738.9,28749.2,150.0
1784553540,28749.4,28749.4,28738.6,28746.0,152.0
1784553600,28745.9,28761.7,28742.2,28761.7,177.0
1784553660,28761.4,28762.5,28752.7,28755.2,142.0
1784553720,28755.2,28762.6,28751.9,28761.4,157.0
1784553780,28762.0,28764.7,28758.9,28759.1,140.0
1784553840,28759.0,28760.1,28752.0,28756.7,139.0
1784553900,28756.5,28758.9,28744.7,28745.1,186.0
1784553960,28744.9,28761.0,28744.7,28760.4,138.0
1784554020,28760.6,28765.5,28756.7,28764.5,139.0
1784554080,28764.5,28769.6,28759.5,28769.4,144.0
1784554140,28769.1,28773.4,28767.0,28768.0,145.0
1784554200,28884.171875,28891.17578125,28881.142578125,28887.86328125,0.0
1784554260,28907.392578125,28907.392578125,28877.1640625,28880.3359375,7941358.0
1784554320,28880.630859375,28935.603515625,28880.630859375,28935.59375,9301346.0
1784554380,28934.861328125,28945.9375,28928.451171875,28945.9375,5425233.0
1784554440,28950.23828125,28959.29296875,28943.23828125,28959.29296875,5134268.0
1784554500,28961.24609375,28976.60546875,28954.001953125,28954.001953125,5676442.0
1784554560,28958.69921875,28974.751953125,28958.69921875,28972.12890625,5657597.0
1784554620,28976.451171875,28992.828125,28975.6953125,28992.828125,4660520.0
1784554680,28978.435546875,28989.818359375,28975.8125,28975.8125,4651868.0
1784554740,28978.794921875,28978.794921875,28945.6640625,28955.658203125,4925233.0
1784554800,28949.548828125,28968.115234375,28949.548828125,28959.3671875,4386590.0
1784554860,28956.421875,28978.884765625,28956.421875,28968.26171875,3981883.0
1784554920,28971.125,28984.41796875,28971.125,28984.3203125,4229205.0
1784554980,28989.58203125,29005.150390625,28989.58203125,29003.271484375,3819792.0
1784555040,28998.1796875,29005.57421875,28993.828125,29005.57421875,3924041.0
1784555100,29009.654296875,29015.439453125,29008.431640625,29010.75,4845456.0
1784555160,28999.466796875,29001.58203125,28980.376953125,28984.712890625,4405974.0
1784555220,28988.904296875,28988.904296875,28968.697265625,28972.759765625,3687227.0
1784555280,28969.44140625,28974.66015625,28959.673828125,28959.673828125,3484389.0
1784555340,28970.40234375,28970.40234375,28944.744140625,28944.744140625,3482568.0
1784555400,28945.763671875,28952.634765625,28929.103515625,28929.103515625,4506447.0
1784555460,28930.45703125,28930.45703125,28895.033203125,28895.033203125,4631917.0
1784555520,28898.4140625,28902.27734375,28865.9765625,28876.544921875,4864868.0
1784555580,28877.73828125,28877.798828125,28858.322265625,28874.76953125,3924260.0
1784555640,28877.544921875,28894.689453125,28876.392578125,28894.689453125,3089349.0
1784555700,28881.853515625,28887.892578125,28871.72265625,28871.72265625,3236925.0
1784555760,28865.765625,28865.765625,28848.810546875,28857.244140625,3353418.0
1784555820,28854.82421875,28854.82421875,28819.8046875,28819.8046875,3612100.0
1784555880,28830.77734375,28835.373046875,28810.126953125,28810.126953125,3837739.0
1784555940,28808.28515625,28822.775390625,28808.28515625,28819.748046875,3367065.0
1784556000,28815.720703125,28824.935546875,28807.591796875,28820.935546875,3851575.0
1784556060,28820.689453125,28820.689453125,28789.345703125,28803.642578125,3295209.0
1784556120,28815.8671875,28840.494140625,28815.8671875,28832.576171875,3397840.0
1784556180,28846.052734375,28856.15625,28843.759765625,28853.72265625,3625271.0
1784556240,28861.8984375,28869.884765625,28846.837890625,28849.810546875,3212185.0
1784556300,28846.3046875,28852.2265625,28841.025390625,28841.025390625,2914689.0
1784556360,28836.435546875,28841.087890625,28826.158203125,28829.287109375,2353686.0
1784556420,28830.537109375,28841.484375,28812.25,28841.484375,2400936.0
1784556480,28840.263671875,28841.560546875,28822.25390625,28823.375,2376043.0
1784556540,28819.09375,28836.943359375,28819.09375,28830.41015625,2466441.0
1784556600,28831.912109375,28831.912109375,28785.859375,28788.310546875,3112730.0
1784556660,28781.216796875,28796.625,28774.619140625,28779.796875,3608678.0
1784556720,28767.421875,28772.146484375,28761.416015625,28765.1875,3234324.0
1784556780,28767.04296875,28782.408203125,28765.47265625,28782.408203125,2871549.0
1784556840,28792.216796875,28811.173828125,28789.630859375,28790.728515625,2967145.0
1784556900,28793.41015625,28819.314453125,28785.732421875,28818.23046875,2625727.0
1784556960,28818.263671875,28820.408203125,28789.55859375,28789.55859375,3364357.0
1784557020,28792.26953125,28792.26953125,28776.31640625,28778.56640625,2611806.0
1784557080,28774.07421875,28779.94140625,28762.0390625,28778.310546875,2606485.0
1784557140,28784.19921875,28790.3125,28766.1484375,28780.05078125,2346337.0
1784557200,28779.453125,28781.55078125,28750.95703125,28759.16796875,2609356.0
1784557260,28753.7265625,28753.7265625,28736.314453125,28747.048828125,3224889.0
1784557320,28749.185546875,28760.1640625,28733.578125,28758.765625,2806578.0
1784557380,28767.044921875,28796.66015625,28765.806640625,28796.66015625,2571922.0
1784557440,28797.060546875,28808.267578125,28795.892578125,28795.892578125,2899933.0
1784557500,28793.796875,28820.810546875,28793.796875,28820.810546875,2745421.0
1784557560,28818.5390625,28829.087890625,28806.103515625,28829.087890625,2894156.0
1784557620,28833.61328125,28833.61328125,28820.7578125,28820.7578125,2453859.0
1784557680,28815.962890625,28825.10546875,28808.056640625,28819.01953125,2162034.0
1784557740,28827.763671875,28851.52734375,28826.572265625,28851.52734375,2191543.0
1784557800,28850.1171875,28870.171875,28850.1171875,28869.0,2956044.0
1784557860,28860.537109375,28860.537109375,28844.75390625,28851.7734375,2826857.0
1784557920,28854.978515625,28854.978515625,28821.08203125,28840.33984375,2480117.0
1784557980,28832.1796875,28832.1796875,28824.25,28824.533203125,2443108.0
1784558040,28817.703125,28832.7109375,28812.203125,28828.13671875,2256964.0
1784558100,28822.634765625,28845.291015625,28819.939453125,28845.291015625,2387980.0
1784558160,28841.888671875,28841.888671875,28819.599609375,28819.599609375,2383136.0
1784558220,28816.1953125,28820.263671875,28814.458984375,28815.599609375,2847474.0
1784558280,28806.234375,28808.974609375,28801.2890625,28807.91015625,1790458.0
1784558340,28815.287109375,28824.025390625,28813.126953125,28814.90625,1865159.0
1784558400,28815.43359375,28837.97265625,28815.43359375,28835.685546875,1767413.0
1784558460,28837.73046875,28837.73046875,28808.7265625,28809.1328125,2114516.0
1784558520,28818.912109375,28818.912109375,28808.3671875,28809.384765625,2179000.0
1784558580,28803.34765625,28809.087890625,28785.986328125,28788.654296875,1887676.0
1784558640,28785.82421875,28797.623046875,28785.181640625,28796.6484375,2093032.0
1784558700,28781.462890625,28798.130859375,28767.390625,28798.130859375,2048727.0
1784558760,28800.478515625,28819.923828125,28800.478515625,28819.923828125,2235546.0
1784558820,28820.15234375,28820.15234375,28787.212890625,28787.212890625,1878743.0
1784558880,28783.533203125,28783.533203125,28759.11328125,28767.59375,2094385.0
1784558940,28769.349609375,28775.423828125,28754.71875,28754.71875,1835471.0
1784559000,28751.384765625,28766.447265625,28749.587890625,28760.25390625,1762488.0
1784559060,28756.546875,28762.603515625,28750.201171875,28755.673828125,1552803.0
1784559120,28752.248046875,28765.474609375,28740.193359375,28740.376953125,1586773.0
1784559180,28732.822265625,28738.201171875,28724.185546875,28724.185546875,1931550.0
1784559240,28730.2421875,28742.056640625,28730.2421875,28741.228515625,2098585.0
1784559300,28734.216796875,28738.89453125,28730.451171875,28738.341796875,1665249.0
1784559360,28747.236328125,28747.236328125,28712.013671875,28712.013671875,1901319.0
1784559420,28713.1796875,28715.6484375,28708.068359375,28715.6484375,2036662.0
1784559480,28727.87890625,28727.87890625,28704.994140625,28708.548828125,1971455.0
1784559540,28704.03515625,28719.052734375,28701.677734375,28714.447265625,1827231.0
1784559600,28704.36328125,28733.552734375,28697.58203125,28733.552734375,2330839.0
1784559660,28735.63671875,28741.609375,28732.091796875,28740.37890625,2455279.0
1784559720,28750.685546875,28758.22265625,28744.021484375,28758.22265625,2372897.0
1784559780,28771.04296875,28775.884765625,28753.7734375,28753.7734375,2470321.0
1784559840,28753.794921875,28758.095703125,28740.67578125,28753.046875,2029066.0
1784559900,28753.98828125,28753.98828125,28711.9140625,28711.9140625,2467573.0
1784559960,28726.44921875,28736.916015625,28724.505859375,28736.5078125,2374648.0
1784560020,28738.0859375,28767.0859375,28738.0859375,28767.0859375,1731835.0
1784560080,28763.970703125,28790.68359375,28763.970703125,28790.68359375,2427166.0
1784560140,28791.041015625,28805.830078125,28784.853515625,28805.830078125,2486695.0
1784560200,28805.208984375,28805.208984375,28778.55078125,28778.55078125,2387213.0
1784560260,28778.837890625,28778.837890625,28766.85546875,28769.935546875,2027111.0
1784560320,28776.98828125,28782.951171875,28770.41796875,28770.41796875,1938444.0
1784560380,28781.41796875,28784.693359375,28775.48046875,28784.693359375,1796313.0
1784560440,28783.345703125,28783.345703125,28764.923828125,28768.537109375,2366780.0
1784560500,28773.833984375,28785.671875,28759.66796875,28785.671875,2737764.0
1784560560,28785.58984375,28798.5625,28785.171875,28798.5625,1764305.0
1784560620,28805.072265625,28813.505859375,28803.49609375,28810.994140625,2543841.0
1784560680,28812.96484375,28817.685546875,28810.048828125,28811.513671875,1895409.0
1784560740,28812.66796875,28812.66796875,28792.865234375,28802.05859375,1963314.0
1784560800,28794.6640625,28803.431640625,28786.140625,28803.431640625,2002817.0
1784560860,28808.775390625,28822.208984375,28808.775390625,28821.44140625,2191095.0
1784560920,28819.76171875,28826.69921875,28819.76171875,28822.31640625,1982388.0
1784560980,28826.158203125,28842.349609375,28826.158203125,28834.412109375,2207837.0
1784561040,28827.53125,28832.580078125,28822.875,28827.708984375,2280130.0
1784561100,28825.673828125,28833.400390625,28819.927734375,28833.400390625,3097123.0
1784561160,28828.32421875,28840.796875,28828.32421875,28831.119140625,1822333.0
1784561220,28824.6328125,28832.08203125,28823.005859375,28824.771484375,3282787.0
1784561280,28819.072265625,28822.001953125,28800.640625,28800.880859375,1968521.0
1784561340,28800.4609375,28839.435546875,28800.4609375,28839.435546875,2196161.0
1784561400,28841.486328125,28845.525390625,28839.6796875,28845.525390625,2222174.0
1784561460,28849.443359375,28854.35546875,28849.443359375,28854.35546875,2225395.0
1784561520,28852.84765625,28852.84765625,28847.337890625,28848.08984375,1668178.0
1784561580,28846.064453125,28848.20703125,28841.302734375,28848.20703125,1770133.0
1784561640,28847.185546875,28849.453125,28837.373046875,28849.453125,1789183.0
1784561700,28847.466796875,28850.814453125,28838.7421875,28845.177734375,2065295.0
1784561760,28846.451171875,28848.630859375,28842.458984375,28848.630859375,2143160.0
1784561820,28846.15625,28847.98828125,28834.513671875,28834.513671875,1653949.0
1784561880,28831.48046875,28833.71484375,28828.005859375,28828.005859375,1687416.0
1784561940,28834.662109375,28838.310546875,28824.232421875,28826.69921875,2080060.0
1784562000,28824.888671875,28824.888671875,28813.986328125,28816.376953125,1869802.0
1784562060,28817.15625,28833.716796875,28817.15625,28831.9296875,1873402.0
1784562120,28832.642578125,28847.763671875,28832.453125,28840.333984375,1760524.0
1784562180,28843.869140625,28851.04296875,28836.16015625,28836.16015625,1455240.0
1784562240,28837.5703125,28847.83984375,28831.974609375,28847.1953125,1657658.0
1784562300,28850.681640625,28851.15625,28834.994140625,28836.58203125,1793692.0
1784562360,28840.912109375,28842.005859375,28836.357421875,28839.787109375,1631031.0
1784562420,28840.916015625,28840.916015625,28821.291015625,28824.435546875,1669617.0
1784562480,28821.736328125,28821.736328125,28807.00390625,28808.90234375,1870368.0
1784562540,28807.28515625,28814.048828125,28805.66015625,28807.54296875,1606711.0
1784562600,28808.451171875,28811.650390625,28800.203125,28811.650390625,1934344.0
1784562660,28816.583984375,28840.333984375,28816.583984375,28838.46484375,2032308.0
1784562720,28840.259765625,28846.8515625,28837.46484375,28846.8515625,1614403.0
1784562780,28846.12890625,28859.814453125,28845.17578125,28859.814453125,1651242.0
1784562840,28860.1875,28875.494140625,28860.1875,28868.48828125,1944803.0
1784562900,28868.912109375,28881.697265625,28868.912109375,28881.697265625,1552520.0
1784562960,28881.837890625,28886.826171875,28878.228515625,28886.826171875,2070458.0
1784563020,28887.71875,28887.71875,28873.4453125,28875.390625,1889432.0
1784563080,28876.86328125,28885.546875,28873.5390625,28882.697265625,1727764.0
1784563140,28881.658203125,28882.845703125,28874.640625,28874.640625,1838444.0
1784563200,28876.51953125,28888.333984375,28876.435546875,28884.5625,1694447.0
1784563260,28883.66015625,28889.248046875,28878.447265625,28878.447265625,1847439.0
1784563320,28873.189453125,28873.189453125,28854.83203125,28856.171875,2021293.0
1784563380,28856.810546875,28880.126953125,28856.068359375,28879.2109375,1510303.0
1784563440,28881.859375,28890.333984375,28881.798828125,28889.787109375,1691974.0
1784563500,28889.744140625,28917.685546875,28889.744140625,28917.623046875,2060202.0
1784563560,28916.51171875,28919.830078125,28909.505859375,28919.830078125,2685237.0
1784563620,28923.064453125,28926.0859375,28920.384765625,28923.50390625,1946084.0
1784563680,28926.462890625,28928.78125,28925.63671875,28926.896484375,2204553.0
1784563740,28928.26171875,28929.0703125,28923.791015625,28928.95703125,1869418.0
1784563800,28929.177734375,28937.86328125,28927.47265625,28933.974609375,2022079.0
1784563860,28935.123046875,28935.76171875,28928.833984375,28932.908203125,1747396.0
1784563920,28932.505859375,28942.716796875,28932.498046875,28936.107421875,1630496.0
1784563980,28934.85546875,28939.544921875,28923.205078125,28927.431640625,1906104.0
1784564040,28926.025390625,28933.755859375,28922.546875,28931.794921875,1607780.0
1784564100,28933.607421875,28933.607421875,28917.85546875,28918.314453125,1697642.0
1784564160,28917.97265625,28918.66796875,28912.810546875,28914.0234375,1834373.0
1784564220,28914.47265625,28922.76171875,28914.47265625,28922.76171875,1555139.0
1784564280,28926.05078125,28929.943359375,28919.90625,28929.943359375,2301604.0
1784564340,28928.658203125,28928.923828125,28923.85546875,28928.341796875,963952.0
1784564400,28928.845703125,28933.44921875,28926.318359375,28933.44921875,2218742.0
1784564460,28933.96484375,28934.615234375,28926.791015625,28926.791015625,858418.0
1784564520,28927.1328125,28931.203125,28926.474609375,28930.30859375,2517943.0
1784564580,28928.146484375,28930.181640625,28926.619140625,28929.134765625,730755.0
1784564640,28929.013671875,28931.353515625,28918.63671875,28921.822265625,2595991.0
1784564700,28922.8984375,28927.302734375,28901.275390625,28901.275390625,763931.0
1784564760,28903.27734375,28903.27734375,28894.25390625,28902.421875,2552953.0
1784564820,28901.38671875,28906.611328125,28900.544921875,28903.12890625,895231.0
1784564880,28902.49609375,28903.3203125,28897.888671875,28897.927734375,1772573.0
1784564940,28899.115234375,28908.029296875,28899.115234375,28907.654296875,693179.0
1784565000,28909.912109375,28922.494140625,28907.435546875,28907.951171875,2346081.0
1784565060,28908.791015625,28908.791015625,28900.921875,28901.630859375,756981.0
1784565120,28902.380859375,28902.380859375,28888.8203125,28888.8203125,2445260.0
1784565180,28888.958984375,28890.97265625,28873.8359375,28873.8359375,955973.0
1784565240,28873.11328125,28880.625,28870.681640625,28872.900390625,2134094.0
1784565300,28871.390625,28880.8046875,28871.279296875,28880.8046875,1492608.0
1784565360,28880.26171875,28882.3046875,28874.998046875,28878.03515625,1428114.0
1784565420,28877.712890625,28885.919921875,28870.8203125,28885.919921875,1465361.0
1784565480,28889.1015625,28889.1015625,28877.93359375,28881.32421875,1914780.0
1784565540,28882.0703125,28898.685546875,28880.13671875,28898.685546875,1232193.0
1784565600,28898.361328125,28905.1796875,28891.8125,28897.6640625,1956010.0
1784565660,28897.060546875,28899.19921875,28806.171875,28838.2421875,2242233.0
1784565720,28845.740234375,28847.728515625,28831.724609375,28841.396484375,6202549.0
1784565780,28841.44140625,28847.068359375,28839.09765625,28846.978515625,1558051.0
1784565840,28845.7734375,28845.923828125,28826.53125,28830.0859375,1273914.0
1784565900,28830.71484375,28832.3203125,28825.517578125,28828.72265625,1839308.0
1784565960,28828.203125,28846.986328125,28824.662109375,28846.986328125,1413016.0
1784566020,28847.462890625,28864.2265625,28847.462890625,28862.947265625,1576516.0
1784566080,28862.39453125,28864.013671875,28858.025390625,28862.337890625,1346209.0
1784566140,28860.158203125,28873.380859375,28860.158203125,28873.380859375,1923837.0
1784566200,28873.779296875,28874.205078125,28858.224609375,28859.02734375,777231.0
1784566260,28851.603515625,28857.083984375,28836.771484375,28838.6015625,2101489.0
1784566320,28838.2734375,28838.7109375,28830.1796875,28834.05859375,709006.0
1784566380,28832.580078125,28833.685546875,28824.263671875,28831.392578125,2709266.0
1784566440,28817.068359375,28820.46484375,28804.615234375,28807.14453125,1084198.0
1784566500,28806.013671875,28808.92578125,28800.3984375,28808.818359375,2343918.0
1784566560,28805.6875,28805.6875,28788.98828125,28788.98828125,821988.0
1784566620,28786.890625,28797.31640625,28786.859375,28795.90234375,4681662.0
1784566680,28798.197265625,28806.189453125,28797.984375,28798.412109375,1680513.0
1784566740,28797.916015625,28811.185546875,28796.951171875,28809.619140625,2463582.0
1784566800,28808.32421875,28821.8359375,28808.32421875,28818.17578125,817786.0
1784566860,28817.916015625,28819.380859375,28787.91796875,28787.91796875,2996751.0
1784566920,28790.6171875,28791.15234375,28782.73046875,28789.55078125,865262.0
1784566980,28791.265625,28797.05078125,28787.779296875,28796.08203125,2754403.0
1784567040,28796.966796875,28796.966796875,28785.560546875,28785.560546875,833073.0
1784567100,28786.005859375,28788.5,28774.21484375,28778.509765625,1748365.0
1784567160,28778.8828125,28782.310546875,28770.404296875,28779.896484375,2335834.0
1784567220,28781.93359375,28781.93359375,28773.10546875,28773.10546875,1401732.0
1784567280,28772.95703125,28773.185546875,28764.509765625,28771.40625,2188260.0
1784567340,28772.939453125,28791.837890625,28772.5703125,28789.798828125,1623377.0
1784567400,28789.123046875,28790.6796875,28767.296875,28770.060546875,1679077.0
1784567460,28771.138671875,28771.138671875,28765.966796875,28769.984375,2094508.0
1784567520,28769.81640625,28770.3046875,28763.00390625,28766.03515625,1367525.0
1784567580,28765.1875,28768.37109375,28756.921875,28760.041015625,1608998.0
1784567640,28760.98046875,28760.98046875,28748.681640625,28751.33984375,1483088.0
1784567700,28749.388671875,28749.388671875,28739.375,28741.10546875,1760275.0
1784567760,28740.705078125,28745.751953125,28738.40234375,28742.2421875,1573361.0
1784567820,28742.669921875,28764.630859375,28742.669921875,28762.73046875,1298705.0
1784567880,28764.982421875,28777.1796875,28764.982421875,28777.1796875,1837851.0
1784567940,28780.28125,28781.712890625,28775.494140625,28780.23046875,1270254.0
1784568000,28780.791015625,28781.337890625,28771.890625,28776.787109375,2155198.0
1784568060,28777.01953125,28788.814453125,28777.01953125,28786.0703125,819085.0
1784568120,28785.99609375,28800.625,28785.99609375,28794.732421875,2816471.0
1784568180,28796.05859375,28797.44921875,28788.42578125,28794.5390625,1085037.0
1784568240,28793.640625,28794.474609375,28780.20703125,28782.06640625,1991805.0
1784568300,28778.791015625,28792.87109375,28778.791015625,28792.498046875,656847.0
1784568360,28794.00390625,28794.00390625,28784.646484375,28792.615234375,2064412.0
1784568420,28794.27734375,28794.27734375,28772.75,28772.75,867574.0
1784568480,28773.564453125,28774.794921875,28769.63671875,28774.294921875,2221983.0
1784568540,28775.595703125,28783.546875,28774.19921875,28782.130859375,923994.0
1784568600,28782.93359375,28787.2421875,28774.134765625,28782.0859375,3230171.0
1784568660,28780.5078125,28781.37109375,28775.70703125,28775.70703125,1269977.0
1784568720,28775.74609375,28785.58203125,28773.943359375,28783.6640625,2126623.0
1784568780,28787.3359375,28787.3359375,28778.76953125,28778.76953125,666751.0
1784568840,28779.103515625,28790.28515625,28779.103515625,28781.71875,2240474.0
1784568900,28780.005859375,28794.896484375,28778.03515625,28791.732421875,840350.0
1784568960,28791.802734375,28791.802734375,28775.3359375,28776.712890625,1543447.0
1784569020,28776.021484375,28776.021484375,28771.119140625,28773.380859375,2289356.0
1784569080,28775.97265625,28775.97265625,28769.89453125,28773.087890625,723824.0
1784569140,28772.625,28781.3046875,28770.841796875,28770.841796875,1764977.0
1784569200,28771.625,28772.69921875,28756.03515625,28757.08984375,779749.0
1784569260,28758.66796875,28758.66796875,28747.43359375,28754.154296875,2649955.0
1784569320,28754.16796875,28754.16796875,28744.6640625,28748.970703125,741136.0
1784569380,28749.099609375,28749.50390625,28730.6796875,28733.345703125,3586027.0
1784569440,28733.109375,28738.388671875,28732.150390625,28738.388671875,1828780.0
1784569500,28738.068359375,28762.083984375,28738.068359375,28761.931640625,2587461.0
1784569560,28763.462890625,28770.078125,28754.755859375,28758.740234375,839398.0
1784569620,28757.140625,28764.71875,28757.140625,28764.71875,2144991.0
1784569680,28769.791015625,28776.19921875,28769.701171875,28775.724609375,865712.0
1784569740,28775.765625,28776.896484375,28767.126953125,28769.880859375,1922057.0
1784569800,28769.966796875,28780.283203125,28769.966796875,28778.076171875,598409.0
1784569860,28778.58984375,28788.826171875,28771.498046875,28788.826171875,2747318.0
1784569920,28788.603515625,28800.744140625,28788.603515625,28799.6328125,2795273.0
1784569980,28798.65625,28801.265625,28795.740234375,28798.927734375,844392.0
1784570040,28799.423828125,28804.27734375,28795.529296875,28795.529296875,2427918.0
1784570100,28795.583984375,28795.583984375,28787.0,28793.46484375,891327.0
1784570160,28793.326171875,28793.326171875,28773.1953125,28774.953125,2444337.0
1784570220,28778.119140625,28789.95703125,28778.119140625,28787.19921875,605267.0
1784570280,28787.947265625,28793.01953125,28782.6171875,28783.380859375,2065833.0
1784570340,28782.546875,28782.568359375,28779.724609375,28782.568359375,1236689.0
1784570400,28783.734375,28800.720703125,28783.734375,28800.720703125,3138725.0
1784570460,28801.265625,28812.578125,28801.265625,28812.201171875,1285219.0
1784570520,28812.45703125,28812.45703125,28803.623046875,28810.609375,2524256.0
1784570580,28813.638671875,28813.638671875,28796.365234375,28797.115234375,1158470.0
1784570640,28798.203125,28798.203125,28791.04296875,28792.015625,2235549.0
1784570700,28798.033203125,28804.634765625,28798.033203125,28798.25390625,771644.0
1784570760,28798.6171875,28799.6328125,28789.61328125,28798.92578125,2596185.0
1784570820,28801.076171875,28802.86328125,28794.62109375,28795.646484375,638630.0
1784570880,28794.4921875,28796.349609375,28786.798828125,28796.349609375,1330767.0
1784570940,28797.138671875,28814.2421875,28797.138671875,28814.2421875,1646996.0
1784571000,28814.033203125,28817.46875,28808.826171875,28812.02734375,1983197.0
1784571060,28812.6015625,28813.025390625,28804.697265625,28810.609375,1523478.0
1784571120,28811.615234375,28825.115234375,28811.294921875,28822.98046875,1814476.0
1784571180,28821.5234375,28826.37890625,28821.5234375,28824.361328125,1622347.0
1784571240,28824.267578125,28825.125,28819.6875,28820.47265625,1994719.0
1784571300,28820.619140625,28820.619140625,28813.953125,28814.98828125,1779296.0
1784571360,28814.92578125,28816.931640625,28808.14453125,28815.62890625,1474254.0
1784571420,28815.46875,28832.95703125,28815.46875,28826.607421875,1730584.0
1784571480,28827.88671875,28827.88671875,28811.08203125,28814.388671875,1616989.0
1784571540,28815.59765625,28818.208984375,28809.76953125,28818.208984375,1408047.0
1784571600,28819.81640625,28820.001953125,28812.71484375,28813.994140625,1427167.0
1784571660,28808.435546875,28809.98828125,28797.3359375,28801.724609375,1401830.0
1784571720,28799.068359375,28799.068359375,28788.634765625,28790.009765625,1970212.0
1784571780,28789.509765625,28790.466796875,28778.294921875,28785.775390625,2241906.0
1784571840,28783.4921875,28783.4921875,28767.837890625,28767.837890625,1869713.0
1784571900,28768.978515625,28781.49609375,28762.138671875,28781.49609375,2143628.0
1784571960,28781.712890625,28787.529296875,28781.4453125,28784.728515625,716371.0
1784572020,28785.9140625,28786.56640625,28781.95703125,28783.12890625,2160642.0
1784572080,28778.095703125,28788.966796875,28778.095703125,28786.794921875,1259331.0
1784572140,28787.251953125,28792.921875,28776.2890625,28776.2890625,1939545.0
1784572200,28774.416015625,28774.416015625,28750.4765625,28750.4765625,745870.0
1784572260,28751.560546875,28755.4296875,28749.0703125,28754.556640625,2730593.0
1784572320,28751.5703125,28758.37109375,28750.703125,28756.126953125,799680.0
1784572380,28755.1875,28755.1875,28741.521484375,28743.087890625,1955013.0
1784572440,28742.630859375,28743.216796875,28724.09375,28732.365234375,649463.0
1784572500,28735.072265625,28753.267578125,28735.072265625,28751.689453125,2732309.0
1784572560,28753.34765625,28766.984375,28752.8359375,28764.560546875,590921.0
1784572620,28765.24609375,28767.158203125,28755.58203125,28755.58203125,2645756.0
1784572680,28754.44140625,28759.95703125,28742.001953125,28742.001953125,706810.0
1784572740,28741.794921875,28741.794921875,28725.267578125,28731.296875,2462434.0
1784572800,28730.55078125,28735.564453125,28719.3046875,28719.3046875,1844358.0
1784572860,28715.765625,28715.765625,28705.53515625,28712.23828125,2014435.0
1784572920,28713.326171875,28713.326171875,28704.46484375,28707.69140625,2040668.0
1784572980,28710.802734375,28710.802734375,28698.064453125,28701.0078125,2074343.0
1784573040,28702.115234375,28705.529296875,28688.4453125,28688.4453125,1455630.0
1784573100,28683.935546875,28692.87890625,28683.935546875,28686.3359375,2513443.0
1784573160,28688.177734375,28708.458984375,28688.177734375,28708.458984375,1948579.0
1784573220,28709.611328125,28713.486328125,28703.50390625,28708.912109375,1571750.0
1784573280,28707.6328125,28707.6328125,28700.994140625,28702.630859375,1256680.0
1784573340,28702.072265625,28707.4140625,28702.072265625,28705.3125,1493782.0
1784573400,28697.93359375,28708.9375,28694.939453125,28708.9375,2078075.0
1784573460,28705.41796875,28705.943359375,28700.095703125,28703.6171875,1534019.0
1784573520,28701.880859375,28708.6953125,28701.564453125,28708.619140625,1737537.0
1784573580,28708.21875,28715.037109375,28707.95703125,28713.13671875,1330620.0
1784573640,28714.546875,28723.75,28714.1875,28718.580078125,1797806.0
1784573700,28718.9140625,28720.345703125,28716.45703125,28717.63671875,2094253.0
1784573760,28719.8671875,28721.28515625,28711.634765625,28713.298828125,2696563.0
1784573820,28708.822265625,28708.822265625,28697.3828125,28697.6640625,833371.0
1784573880,28694.109375,28694.109375,28685.09375,28689.9296875,2541700.0
1784573940,28695.626953125,28701.326171875,28694.48046875,28696.853515625,745359.0
1784574000,28698.09375,28714.935546875,28697.33203125,28714.787109375,2860024.0
1784574060,28716.15625,28716.15625,28710.810546875,28712.05078125,744758.0
1784574120,28712.021484375,28712.021484375,28686.734375,28686.734375,3286496.0
1784574180,28684.34375,28684.34375,28670.076171875,28670.43359375,1261806.0
1784574240,28667.18359375,28673.197265625,28664.0,28670.607421875,3255026.0
1784574300,28675.546875,28675.546875,28660.208984375,28661.41796875,1371612.0
1784574360,28662.033203125,28676.728515625,28657.025390625,28676.728515625,4276967.0
1784574420,28675.189453125,28676.5078125,28668.021484375,28671.99609375,1031216.0
1784574480,28675.685546875,28675.685546875,28670.388671875,28670.388671875,3004813.0
1784574540,28668.802734375,28680.0,28668.802734375,28677.271484375,967110.0
1784574600,28673.302734375,28699.41015625,28673.302734375,28696.666015625,3237492.0
1784574660,28690.703125,28690.703125,28664.7890625,28668.20703125,1068894.0
1784574720,28666.37109375,28671.5625,28661.435546875,28662.72265625,1852607.0
1784574780,28661.572265625,28661.572265625,28638.412109375,28638.412109375,2224937.0
1784574840,28639.080078125,28643.86328125,28636.125,28636.125,3293822.0
1784574900,28630.763671875,28642.685546875,28622.056640625,28641.158203125,1591499.0
1784574960,28640.783203125,28646.265625,28637.068359375,28646.265625,2248090.0
1784575020,28646.173828125,28655.47265625,28634.822265625,28640.146484375,2061202.0
1784575080,28641.0546875,28644.064453125,28638.9609375,28644.064453125,1757718.0
1784575140,28644.552734375,28652.453125,28641.470703125,28641.470703125,2205342.0
1784575200,28639.998046875,28648.3203125,28631.171875,28631.171875,2032768.0
1784575260,28631.4609375,28639.12109375,28630.880859375,28630.880859375,1890743.0
1784575320,28633.77734375,28640.5703125,28632.865234375,28634.7265625,1771385.0
1784575380,28634.2109375,28641.583984375,28625.119140625,28641.583984375,2087382.0
1784575440,28643.130859375,28655.017578125,28642.484375,28650.2109375,2002449.0
1784575500,28650.455078125,28650.48046875,28636.861328125,28636.861328125,2099969.0
1784575560,28635.42578125,28635.42578125,28627.580078125,28633.283203125,1665392.0
1784575620,28633.560546875,28633.830078125,28625.099609375,28633.830078125,2788721.0
1784575680,28634.7890625,28642.404296875,28632.376953125,28632.376953125,1321771.0
1784575740,28632.806640625,28687.7890625,28632.41015625,28678.255859375,4256865.0
1784575800,28687.408203125,28690.857421875,28667.166015625,28668.35546875,1623152.0
1784575860,28663.591796875,28685.341796875,28662.3984375,28684.67578125,3978986.0
1784575920,28689.056640625,28701.326171875,28686.404296875,28701.326171875,1167489.0
1784575980,28702.53515625,28704.15625,28692.41015625,28692.41015625,7618238.0
1784576040,28697.580078125,28699.943359375,28690.1484375,28693.486328125,1131798.0
1784576100,28692.142578125,28692.81640625,28675.099609375,28675.8671875,3772887.0
1784576160,28676.615234375,28680.35546875,28670.232421875,28672.501953125,1224270.0
1784576220,28674.525390625,28675.443359375,28665.654296875,28666.38671875,3790746.0
1784576280,28662.66015625,28682.240234375,28662.66015625,28681.890625,1041977.0
1784576340,28676.67578125,28694.521484375,28676.67578125,28685.517578125,3787338.0
1784576400,28682.44921875,28699.966796875,28679.775390625,28699.966796875,1370530.0
1784576460,28700.54296875,28715.26171875,28700.54296875,28711.8828125,3762190.0
1784576520,28713.27734375,28714.470703125,28689.81640625,28689.81640625,1288348.0
1784576580,28689.1328125,28692.888671875,28684.298828125,28692.1328125,2607553.0
1784576640,28694.6640625,28694.884765625,28689.66796875,28689.97265625,2120791.0
1784576700,28692.306640625,28702.87890625,28672.048828125,28672.048828125,2871710.0
1784576760,28672.751953125,28684.57421875,28666.263671875,28682.38671875,3818061.0
1784576820,28680.91796875,28680.91796875,28671.083984375,28671.083984375,2389837.0
1784576880,28672.515625,28674.935546875,28668.42578125,28674.935546875,2607045.0
1784576940,28676.9375,28691.6953125,28676.9375,28691.2890625,2811028.0
1784577000,28671.4296875,28671.4296875,28646.0546875,28657.052734375,4298070.0
1784577060,28657.625,28657.625,28636.578125,28638.822265625,4538609.0
1784577120,28637.55078125,28642.443359375,28632.330078125,28634.927734375,4360040.0
1784577180,28631.4140625,28631.4140625,28621.3046875,28622.001953125,4010193.0
1784577240,28621.72265625,28624.669921875,28615.357421875,28624.669921875,7812559.0
1784577300,28604.44921875,28604.44921875,28592.0546875,28595.654296875,3756139.0
1784577360,28597.82421875,28612.2578125,28595.666015625,28611.82421875,7018352.0
1784577420,28612.427734375,28617.212890625,28604.24609375,28604.24609375,6162331.0
1784577480,28601.92578125,28611.330078125,28601.92578125,28609.5546875,6410353.0
1784577540,28615.763671875,28615.763671875,28596.5546875,28607.751953125,6405885.0
1784577600,28604.234375,28604.234375,28604.234375,28604.234375,0.0
1784577660,28803.8,28806.9,28768.9,28774.0,245.0
1784577720,28774.4,28780.8,28766.9,28779.0,260.0
1784577780,28779.1,28783.3,28770.8,28780.9,256.0
1784577840,28780.8,28782.3,28771.9,28772.9,247.0
1784577900,28772.6,28775.8,28758.4,28765.6,254.0
1784577960,28765.6,28770.4,28754.4,28769.1,239.0
1784578020,28769.6,28771.1,28759.6,28760.1,253.0
1784578080,28761.0,28762.1,28749.9,28758.6,237.0
1784578140,28759.6,28781.4,28759.0,28778.9,240.0
1784578200,28778.9,28781.9,28751.4,28755.6,256.0
1784578260,28755.6,28757.9,28751.0,28755.4,236.0
1784578320,28755.6,28757.9,28748.6,28753.5,244.0
1784578380,28752.9,28758.1,28742.6,28749.6,244.0
1784578440,28749.4,28750.1,28732.9,28738.1,249.0
1784578500,28737.4,28737.4,28722.4,28724.8,247.0
1784578560,28725.4,28733.9,28724.3,28728.4,239.0
1784578620,28730.4,28753.4,28728.1,28751.4,243.0
1784578680,28751.9,28765.6,28751.9,28765.1,243.0
1784578740,28765.4,28771.4,28759.1,28767.6,241.0
1784578800,28766.5,28769.9,28755.6,28763.9,247.0
1784578860,28764.4,28775.9,28761.1,28772.6,254.0
1784578920,28773.3,28786.9,28773.3,28778.6,252.0
1784578980,28779.0,28784.9,28772.4,28782.4,241.0
1784579040,28782.4,28783.6,28765.4,28769.9,235.0
1784579100,28769.8,28780.6,28764.0,28780.6,240.0
1784579160,28780.8,28785.5,28769.9,28785.1,239.0
1784579220,28784.6,28785.4,28757.4,28761.0,239.0
1784579280,28761.4,28764.3,28756.6,28764.3,243.0
1784579340,28763.1,28773.4,28761.0,28769.9,225.0
1784579400,28769.1,28777.6,28758.6,28766.5,250.0
1784579460,28767.1,28768.4,28758.5,28761.6,236.0
1784579520,28761.4,28773.5,28758.1,28772.0,237.0
1784579580,28772.3,28777.1,28763.6,28767.1,239.0
1784579640,28766.6,28779.1,28764.9,28768.6,234.0
1784579700,28766.6,28783.9,28763.9,28777.1,239.0
1784579760,28777.6,28780.4,28757.4,28760.9,242.0
1784579820,28760.1,28763.9,28755.4,28759.3,239.0
1784579880,28760.3,28763.5,28754.1,28757.9,237.0
1784579940,28757.9,28768.9,28754.9,28757.1,254.0
1784580000,28757.0,28759.4,28739.1,28742.5,247.0
1784580060,28742.5,28744.4,28729.6,28739.5,248.0
1784580120,28739.3,28740.6,28728.6,28734.6,225.0
1784580180,28734.0,28737.4,28712.5,28717.4,232.0
1784580240,28717.3,28724.0,28713.9,28721.6,248.0
1784580300,28721.9,28751.4,28720.3,28750.4,262.0
1784580360,28750.6,28760.9,28738.9,28746.9,244.0
1784580420,28747.1,28755.9,28742.9,28754.9,243.0
1784580480,28755.4,28767.1,28754.6,28763.6,226.0
1784580540,28764.4,28765.6,28751.1,28757.3,214.0
1784580600,28757.1,28769.8,28754.6,28762.6,242.0
1784580660,28763.1,28778.3,28755.3,28776.5,230.0
1784580720,28776.4,28790.1,28775.4,28787.1,241.0
1784580780,28787.4,28789.9,28779.6,28786.1,235.0
1784580840,28785.6,28793.4,28780.9,28781.6,229.0
1784580900,28781.6,28782.5,28770.1,28778.4,250.0
1784580960,28777.4,28778.1,28753.6,28760.9,237.0
1784581020,28761.6,28777.1,28761.6,28772.8,242.0
1784581080,28772.9,28779.4,28763.1,28766.4,212.0
1784581140,28766.6,28768.6,28760.0,28768.1,233.0
1784581200,28768.1,28788.1,28768.1,28787.9,243.0
1784581260,28787.6,28801.6,28787.1,28800.8,255.0
1784581320,28800.4,28800.6,28789.0,28799.1,240.0
1784581380,28799.0,28803.3,28780.4,28784.6,234.0
1784581440,28784.8,28785.3,28775.5,28782.6,243.0
1784581500,28781.1,28790.9,28778.3,28784.8,231.0
1784581560,28785.3,28787.3,28773.3,28787.0,243.0
1784581620,28787.1,28789.9,28777.8,28779.4,245.0
1784581680,28777.8,28782.6,28769.1,28780.8,234.0
1784581740,28780.6,28800.3,28780.3,28800.3,240.0
1784581800,28800.1,28804.1,28792.4,28799.4,236.0
1784581860,28799.1,28801.1,28787.4,28796.1,223.0
1784581920,28796.1,28812.9,28794.1,28806.6,227.0
1784581980,28806.6,28812.1,28805.3,28808.5,210.0
1784582040,28809.4,28809.9,28802.9,28804.4,210.0
1784582100,28804.1,28805.4,28797.6,28799.4,228.0
1784582160,28799.4,28806.6,28790.9,28803.1,240.0
1784582220,28803.1,28821.1,28803.1,28808.4,230.0
1784582280,28809.1,28813.1,28793.4,28801.1,217.0
1784582340,28801.6,28805.4,28794.1,28804.6,218.0
1784582400,28804.3,28807.3,28792.5,28792.5,211.0
1784582460,28792.4,28797.4,28777.5,28786.1,240.0
1784582520,28785.9,28786.3,28770.8,28775.6,249.0
1784582580,28774.9,28777.3,28759.8,28767.1,246.0
1784582640,28767.1,28767.9,28750.6,28753.6,251.0
1784582700,28752.9,28771.9,28744.9,28771.1,251.0
1784582760,28770.9,28775.4,28766.8,28771.8,256.0
1784582820,28771.4,28773.9,28765.0,28766.6,236.0
1784582880,28765.5,28777.0,28761.1,28775.1,249.0
1784582940,28775.4,28783.1,28759.5,28759.6,247.0
1784583000,28760.4,28760.6,28734.4,28735.9,257.0
1784583060,28736.1,28741.8,28730.9,28741.8,248.0
1784583120,28742.3,28744.9,28732.6,28741.4,242.0
1784583180,28740.9,28740.9,28723.5,28728.6,248.0
1784583240,28728.4,28729.0,28706.8,28718.9,248.0
1784583300,28718.4,28740.1,28716.6,28735.4,258.0
1784583360,28736.4,28756.1,28735.4,28751.0,238.0
1784583420,28752.1,28757.5,28736.9,28736.9,236.0
1784583480,28736.9,28747.0,28727.6,28728.1,238.0
1784583540,28728.4,28728.4,28709.6,28718.0,239.0
1784583600,28717.6,28724.8,28703.9,28703.9,245.0
1784583660,28703.0,28704.9,28688.0,28700.1,250.0
1784583720,28699.6,28701.6,28689.4,28696.1,254.0
1784583780,28697.1,28698.9,28680.3,28686.9,250.0
1784583840,28687.0,28691.9,28671.4,28671.9,255.0
1784583900,28671.6,28681.8,28668.3,28675.9,254.0
1784583960,28675.6,28697.5,28672.5,28696.9,264.0
1784584020,28697.1,28701.9,28688.6,28694.1,252.0
1784584080,28694.9,28696.6,28687.1,28691.0,243.0
1784584140,28690.0,28697.0,28681.3,28682.9,265.0
1784584200,28682.5,28697.1,28677.8,28693.0,239.0
1784584260,28693.0,28694.3,28682.6,28688.1,246.0
1784584320,28688.1,28697.1,28685.8,28692.1,241.0
1784584380,28692.3,28703.1,28690.9,28701.9,240.0
1784584440,28701.8,28712.3,28698.3,28703.9,237.0
1784584500,28704.1,28706.9,28698.6,28704.3,228.0
1784584560,28704.3,28709.3,28696.4,28699.1,238.0
1784584620,28697.3,28697.9,28682.1,28682.5,230.0
1784584680,28681.4,28682.8,28667.5,28679.6,246.0
1784584740,28679.4,28691.1,28679.1,28682.4,238.0
1784584800,28682.1,28705.8,28680.4,28704.9,265.0
1784584860,28704.9,28707.1,28694.9,28701.5,249.0
1784584920,28701.1,28701.9,28669.4,28669.6,256.0
1784584980,28669.9,28671.8,28656.5,28656.5,245.0
1784585040,28657.0,28662.9,28649.0,28657.6,251.0
1784585100,28658.4,28664.1,28646.9,28650.4,246.0
1784585160,28649.4,28665.1,28644.6,28664.9,252.0
1784585220,28665.3,28665.9,28654.1,28664.6,260.0
1784585280,28664.6,28665.1,28655.6,28656.9,240.0
1784585340,28657.1,28669.3,28656.1,28660.4,256.0
1784585400,28659.6,28689.5,28658.0,28682.9,261.0
1784585460,28682.9,28682.9,28649.5,28657.8,254.0
1784585520,28657.6,28660.9,28646.1,28646.8,237.0
1784585580,28645.9,28646.8,28624.3,28626.4,249.0
1784585640,28625.9,28630.9,28619.5,28620.4,259.0
1784585700,28619.6,28633.0,28608.5,28626.8,270.0
1784585760,28626.9,28635.8,28620.6,28634.1,264.0
1784585820,28634.5,28644.8,28613.5,28629.3,267.0
1784585880,28630.0,28633.5,28622.1,28632.5,247.0
1784585940,28632.4,28639.1,28625.4,28625.6,250.0
1784586000,28625.4,28639.0,28615.1,28617.4,259.0
1784586060,28617.5,28628.5,28615.4,28617.5,254.0
1784586120,28617.9,28630.1,28617.9,28620.0,248.0
1784586180,28620.1,28634.6,28608.9,28634.4,252.0
1784586240,28634.4,28643.6,28628.6,28636.6,263.0
1784586300,28636.5,28640.6,28621.6,28622.0,245.0
1784586360,28622.0,28622.5,28611.3,28620.4,244.0
1784586420,28620.3,28624.3,28610.4,28624.1,245.0
1784586480,28624.1,28631.1,28616.1,28618.4,249.0
1784586540,28619.0,28680.5,28618.0,28666.1,260.0
1784586600,28667.6,28685.4,28650.3,28652.9,268.0
1784586660,28652.5,28678.6,28646.5,28675.9,272.0
1784586720,28676.1,28692.8,28673.3,28691.4,252.0
1784586780,28691.5,28694.0,28677.5,28679.4,266.0
1784586840,28679.8,28690.1,28674.8,28678.8,256.0
1784586900,28678.0,28681.8,28659.9,28662.1,274.0
1784586960,28662.0,28671.3,28655.5,28660.5,260.0
1784587020,28660.6,28665.4,28650.4,28654.1,255.0
1784587080,28653.1,28672.0,28648.6,28666.4,252.0
1784587140,28666.4,28685.1,28662.5,28673.9,253.0
1784587200,28673.9,28692.4,28665.8,28691.1,259.0
1784587260,28690.3,28704.4,28687.1,28698.1,244.0
1784587320,28698.3,28705.1,28674.8,28676.4,260.0
1784587380,28675.4,28684.3,28670.6,28683.5,243.0
1784587440,28683.0,28685.1,28675.9,28678.8,249.0
1784587500,28678.3,28690.6,28657.8,28661.9,273.0
1784587560,28660.4,28675.4,28653.5,28671.8,256.0
1784587620,28671.1,28672.3,28656.4,28660.0,235.0
1784587680,28659.4,28665.3,28654.1,28665.1,255.0
1784587740,28666.1,28680.0,28664.3,28678.3,236.0
1784587800,28663.9,28663.9,28630.8,28644.9,260.0
1784587860,28644.6,28646.3,28622.1,28625.4,253.0
1784587920,28625.3,28631.6,28619.3,28624.0,260.0
1784587980,28623.5,28623.5,28609.8,28610.5,248.0
1784588040,28607.4,28616.8,28605.5,28616.0,246.0
1784588100,28614.8,28614.8,28580.3,28588.8,260.0
1784588160,28587.5,28603.1,28584.4,28602.6,270.0
1784588220,28602.9,28606.4,28591.0,28592.1,253.0
1784588280,28593.1,28601.9,28591.3,28599.6,232.0
1784588340,28600.6,28606.4,28579.8,28595.4,280.0
1784588400,28596.1,28641.6,28596.1,28634.8,268.0
1784588460,28634.1,28634.1,28612.0,28613.0,240.0
1784588520,28612.6,28621.1,28604.8,28610.4,231.0
1784588580,28610.3,28612.3,28603.9,28605.1,194.0
1784588640,28604.9,28613.1,28602.1,28606.0,208.0
1784588700,28606.3,28612.0,28603.0,28608.0,164.0
1784588760,28607.6,28613.9,28605.3,28605.3,182.0
1784588820,28605.3,28605.3,28582.4,28590.8,218.0
1784588880,28590.8,28592.4,28584.4,28589.1,183.0
1784588940,28589.1,28589.3,28579.1,28584.6,189.0
1784589000,28582.9,28585.3,28579.1,28581.9,180.0
1784589060,28582.8,28586.6,28581.4,28583.9,163.0
1784589120,28583.9,28590.8,28583.9,28588.3,151.0
1784589180,28588.1,28594.3,28587.5,28591.9,144.0
1784589240,28591.8,28593.8,28582.6,28584.5,188.0
1784589300,28584.4,28585.6,28576.9,28577.6,156.0
1784589360,28577.6,28578.9,28575.8,28576.5,147.0
1784589420,28576.4,28577.5,28568.9,28570.1,161.0
1784589480,28570.4,28570.4,28565.8,28567.4,133.0
1784589540,28567.4,28570.9,28566.6,28568.9,139.0
1784589600,28568.5,28573.1,28567.6,28570.5,145.0
1784589660,28570.6,28572.9,28569.8,28570.6,107.0
1784589720,28570.6,28572.3,28566.6,28568.1,103.0
1784589780,28568.1,28570.0,28565.3,28568.5,116.0
1784589840,28568.1,28569.8,28566.8,28567.8,108.0
1784589900,28567.8,28574.0,28567.3,28572.4,126.0
1784589960,28572.4,28572.6,28562.6,28562.9,157.0
1784590020,28562.6,28565.0,28562.0,28564.4,124.0
1784590080,28564.4,28567.8,28564.4,28565.9,105.0
1784590140,28566.0,28571.1,28565.1,28570.0,93.0
1784590200,28570.1,28571.9,28569.3,28571.3,68.0
1784590260,28571.3,28574.5,28569.6,28571.9,111.0
1784590320,28572.0,28575.9,28571.8,28574.6,101.0
1784590380,28574.8,28582.8,28574.8,28581.6,110.0
1784590440,28581.6,28584.9,28581.4,28584.6,76.0
1784590500,28584.6,28585.5,28581.4,28585.5,83.0
1784590560,28585.5,28589.9,28585.0,28585.9,86.0
1784590620,28585.9,28589.9,28585.4,28588.9,100.0
1784590680,28588.8,28592.4,28586.0,28587.8,98.0
1784590740,28587.8,28587.8,28585.6,28586.6,90.0
1784590800,28586.8,28587.9,28583.6,28585.3,103.0
1784590860,28585.3,28587.6,28583.4,28585.0,87.0
1784590920,28584.6,28585.5,28575.3,28576.3,128.0
1784590980,28576.8,28578.5,28576.6,28577.4,92.0
1784591040,28576.8,28582.9,28576.8,28582.5,84.0
1784591100,28585.1,28586.0,28581.0,28583.0,107.0
1784591160,28583.8,28587.3,28582.4,28587.1,87.0
1784591220,28587.9,28590.6,28585.5,28590.1,72.0
1784591280,28590.1,28593.3,28589.6,28591.1,102.0
1784591340,28591.1,28592.4,28590.3,28592.1,97.0
1784591400,28592.1,28593.6,28588.5,28590.1,105.0
1784591460,28588.6,28589.5,28579.6,28583.8,108.0
1784591520,28583.8,28586.6,28582.4,28585.4,72.0
1784591580,28585.4,28588.9,28582.9,28584.3,85.0
1784591640,28584.4,28591.1,28582.6,28591.1,98.0
1784591700,28591.0,28591.0,28587.4,28588.1,89.0
1784591760,28588.0,28593.4,28587.5,28593.4,89.0
1784591820,28593.4,28593.8,28589.9,28593.0,86.0
1784591880,28593.0,28593.3,28591.9,28592.3,53.0
1784595600,28607.1,28607.1,28576.6,28586.2,121.0
1784595660,28586.2,28593.0,28582.6,28587.0,114.0
1784595720,28587.0,28587.0,28559.9,28566.7,124.0
1784595780,28566.9,28568.5,28561.5,28566.2,103.0
1784595840,28566.2,28571.4,28544.5,28546.4,137.0
1784595900,28548.0,28550.6,28529.5,28534.4,156.0
1784595960,28534.4,28542.9,28520.9,28520.9,140.0
1784596020,28522.0,28544.4,28522.0,28534.4,148.0
1784596080,28534.4,28549.1,28531.7,28536.2,99.0
1784596140,28536.0,28547.4,28536.0,28545.2,82.0
1784596200,28545.2,28548.7,28544.5,28547.0,98.0
1784596260,28547.0,28550.2,28536.9,28540.9,128.0
1784596320,28540.9,28545.4,28538.9,28542.7,103.0
1784596380,28542.7,28545.5,28541.1,28543.4,66.0
1784596440,28543.4,28544.2,28535.2,28535.6,91.0
1784596500,28535.6,28539.0,28533.2,28537.5,91.0
1784596560,28537.5,28538.6,28533.5,28534.7,76.0
1784596620,28535.2,28535.4,28529.0,28532.0,84.0
1784596680,28532.0,28541.0,28527.4,28529.2,105.0
1784596740,28529.2,28538.9,28529.2,28537.0,110.0
1784596800,28537.0,28539.6,28531.5,28533.5,98.0
1784596860,28533.5,28537.0,28531.7,28534.7,104.0
1784596920,28534.7,28538.4,28532.4,28533.7,96.0
1784596980,28533.7,28535.7,28530.9,28532.9,85.0
1784597040,28533.6,28544.1,28532.4,28539.9,92.0
1784597100,28540.0,28540.7,28532.4,28535.6,91.0
1784597160,28535.6,28543.7,28535.4,28542.0,103.0
1784597220,28542.0,28542.6,28526.5,28530.5,113.0
1784597280,28530.4,28536.0,28530.4,28535.5,60.0
1784597340,28535.5,28535.6,28531.9,28534.6,62.0
1784597400,28534.6,28542.5,28534.6,28541.0,74.0
1784597460,28541.0,28545.6,28541.0,28545.6,69.0
1784597520,28545.7,28548.5,28531.9,28537.5,114.0
1784597580,28537.6,28537.6,28527.2,28528.7,84.0
1784597640,28528.7,28528.7,28516.9,28521.4,108.0
1784597700,28521.5,28523.2,28519.1,28521.4,102.0
1784597760,28521.4,28525.4,28519.7,28524.2,89.0
1784597820,28524.2,28530.6,28522.0,28530.6,87.0
1784597880,28530.7,28530.7,28523.6,28525.7,96.0
1784597940,28525.7,28541.9,28525.7,28532.6,117.0
1784598000,28532.5,28533.0,28528.4,28529.4,85.0
1784598060,28529.4,28538.6,28527.6,28538.4,102.0
1784598120,28537.4,28539.0,28533.6,28538.0,86.0
1784598180,28538.0,28538.0,28534.4,28537.7,52.0
1784598240,28537.7,28538.9,28534.9,28538.9,72.0
1784598300,28539.2,28548.1,28536.6,28537.9,123.0
1784598360,28538.4,28538.7,28531.4,28532.1,90.0
1784598420,28532.2,28534.2,28529.6,28530.6,54.0
1784598480,28530.6,28531.0,28527.1,28527.2,63.0
1784598540,28527.1,28529.7,28522.2,28527.2,104.0
1784598600,28527.4,28527.4,28522.1,28524.4,118.0
1784598660,28524.4,28530.4,28523.9,28528.1,88.0
1784598720,28528.1,28529.2,28527.4,28528.9,50.0
1784598780,28528.9,28532.0,28528.0,28530.4,60.0
1784598840,28530.4,28535.1,28530.4,28532.2,58.0
1784598900,28532.2,28533.9,28530.4,28533.5,89.0
1784598960,28533.6,28534.0,28532.4,28533.5,50.0
1784599020,28533.5,28534.2,28530.2,28534.1,49.0
1784599080,28534.1,28534.1,28530.5,28531.2,50.0
1784599140,28531.2,28535.2,28531.0,28531.9,68.0
1784599200,28531.9,28535.5,28527.6,28528.5,71.0
1784599260,28528.5,28534.4,28527.4,28533.6,78.0
1784599320,28533.5,28548.4,28533.5,28541.5,144.0
1784599380,28541.5,28546.5,28540.0,28543.2,107.0
1784599440,28543.6,28548.5,28543.5,28548.4,94.0
1784599500,28548.4,28554.4,28548.4,28553.9,124.0
1784599560,28553.9,28555.1,28552.6,28554.5,109.0
1784599620,28554.5,28574.5,28554.5,28573.0,132.0
1784599680,28573.0,28580.7,28572.7,28579.9,120.0
1784599740,28579.9,28590.1,28579.5,28588.1,158.0
1784599800,28588.4,28592.7,28585.9,28591.2,136.0
1784599860,28590.6,28591.7,28585.6,28585.6,99.0
1784599920,28585.6,28589.5,28580.7,28583.4,118.0
1784599980,28583.4,28583.4,28575.2,28575.2,135.0
1784600040,28575.1,28584.1,28571.7,28583.2,88.0
1784600100,28583.2,28592.4,28582.6,28585.1,128.0
1784600160,28585.2,28585.5,28580.5,28581.0,88.0
1784600220,28581.1,28590.2,28580.9,28588.2,86.0
1784600280,28588.2,28601.4,28587.6,28593.4,131.0
1784600340,28593.4,28616.6,28592.6,28613.5,170.0
1784600400,28613.5,28617.0,28610.2,28613.0,121.0
1784600460,28613.0,28628.5,28613.0,28615.6,156.0
1784600520,28615.7,28630.2,28614.4,28628.7,145.0
1784600580,28628.7,28635.0,28626.7,28633.7,142.0
1784600640,28633.9,28634.0,28626.7,28627.6,150.0
1784600700,28627.6,28631.9,28627.0,28628.1,110.0
1784600760,28628.2,28629.7,28626.7,28627.4,95.0
1784600820,28626.9,28626.9,28621.5,28625.6,105.0
1784600880,28625.7,28629.2,28625.6,28628.7,62.0
1784600940,28629.4,28636.5,28629.0,28634.2,90.0
1784601000,28633.5,28636.5,28629.4,28633.6,121.0
1784601060,28632.1,28635.9,28631.9,28632.9,110.0
1784601120,28632.9,28638.9,28631.4,28636.7,124.0
1784601180,28636.7,28637.4,28629.7,28631.4,104.0
1784601240,28631.4,28632.4,28626.6,28630.4,96.0
1784601300,28630.4,28630.7,28628.5,28629.5,77.0
1784601360,28629.5,28630.1,28622.6,28623.6,111.0
1784601420,28623.6,28627.7,28623.5,28624.5,79.0
1784601480,28624.5,28629.7,28623.5,28627.7,74.0
1784601540,28627.9,28628.1,28623.5,28625.1,98.0
1784601600,28625.1,28628.9,28623.6,28627.1,74.0
1784601660,28627.1,28627.4,28622.7,28623.2,77.0
1784601720,28623.2,28625.6,28620.6,28621.0,78.0
1784601780,28621.2,28627.7,28621.2,28627.5,76.0
1784601840,28627.5,28631.2,28625.5,28626.2,82.0
1784601900,28626.2,28642.7,28620.2,28636.9,209.0
1784601960,28636.9,28640.0,28626.4,28630.6,190.0
1784602020,28630.5,28640.4,28623.4,28639.4,184.0
1784602080,28639.4,28640.5,28625.5,28625.5,163.0
1784602140,28625.2,28625.2,28614.7,28616.9,200.0
1784602200,28617.2,28617.2,28596.9,28599.5,186.0
1784602260,28599.2,28602.9,28580.4,28583.5,179.0
1784602320,28583.4,28584.5,28577.1,28579.5,206.0
1784602380,28579.5,28584.6,28575.0,28577.5,197.0
1784602440,28577.9,28598.4,28573.2,28597.9,201.0
1784602500,28597.9,28603.9,28590.0,28602.7,216.0
1784602560,28604.0,28615.5,28602.1,28611.5,175.0
1784602620,28611.5,28614.2,28605.6,28608.0,196.0
1784602680,28608.0,28616.2,28605.1,28606.7,177.0
1784602740,28606.7,28606.7,28588.9,28594.7,204.0
1784602800,28592.0,28592.0,28559.0,28559.5,279.0
1784602860,28559.4,28577.0,28548.9,28548.9,264.0
1784602920,28550.4,28554.5,28536.9,28540.9,253.0
1784602980,28541.2,28562.7,28538.4,28549.4,259.0
1784603040,28549.9,28558.2,28544.2,28554.7,260.0
1784603100,28554.6,28565.4,28539.1,28547.2,258.0
1784603160,28547.4,28564.0,28547.4,28556.2,266.0
1784603220,28555.7,28555.7,28521.7,28531.1,227.0
1784603280,28530.4,28537.1,28525.2,28534.9,250.0
1784603340,28534.2,28546.6,28531.5,28541.1,247.0
1784603400,28541.4,28545.4,28526.4,28533.0,259.0
1784603460,28533.1,28541.5,28525.0,28532.5,247.0
1784603520,28532.7,28557.5,28527.1,28553.1,249.0
1784603580,28552.6,28579.2,28552.5,28573.2,266.0
1784603640,28573.0,28579.4,28545.4,28552.0,269.0
1784603700,28552.1,28555.5,28533.6,28535.2,256.0
1784603760,28535.7,28555.4,28524.7,28550.0,257.0
1784603820,28550.5,28577.2,28545.5,28577.2,262.0
1784603880,28577.5,28584.5,28566.6,28582.9,252.0
1784603940,28583.6,28618.7,28582.0,28615.9,252.0
1784604000,28615.5,28621.9,28609.6,28611.5,271.0
1784604060,28611.2,28617.4,28598.0,28600.5,260.0
1784604120,28600.2,28603.2,28591.2,28595.4,255.0
1784604180,28594.9,28596.9,28586.2,28588.7,256.0
1784604240,28588.5,28612.5,28587.0,28611.6,253.0
1784604300,28611.6,28617.7,28597.5,28607.0,248.0
1784604360,28606.7,28620.2,28606.7,28617.9,237.0
1784604420,28617.6,28644.2,28615.9,28644.1,238.0
1784604480,28644.7,28649.1,28630.2,28635.2,254.0
1784604540,28635.6,28642.1,28631.1,28632.6,259.0
1784604600,28632.5,28646.2,28628.7,28640.9,249.0
1784604660,28640.9,28657.7,28640.9,28655.6,237.0
1784604720,28655.6,28670.0,28653.1,28669.5,215.0
1784604780,28669.9,28679.4,28664.2,28664.2,247.0
1784604840,28664.0,28677.6,28660.7,28674.1,231.0
1784604900,28676.0,28680.7,28671.0,28674.1,223.0
1784604960,28674.1,28680.4,28661.5,28667.0,225.0
1784605020,28667.0,28678.0,28658.0,28674.9,242.0
1784605080,28675.0,28683.4,28669.1,28671.4,216.0
1784605140,28671.9,28682.2,28670.5,28677.0,224.0
1784605200,28676.7,28684.9,28674.4,28676.4,231.0
1784605260,28675.9,28686.7,28674.0,28683.6,233.0
1784605320,28683.9,28694.4,28683.1,28686.9,232.0
1784605380,28687.1,28689.6,28668.1,28671.5,229.0
1784605440,28671.4,28684.7,28670.5,28681.2,222.0
1784605500,28680.9,28696.0,28679.2,28681.6,248.0
1784605560,28681.4,28691.0,28670.5,28691.0,235.0
1784605620,28691.0,28694.0,28684.1,28692.5,241.0
1784605680,28692.5,28707.2,28691.6,28703.7,240.0
1784605740,28703.5,28711.4,28701.7,28703.4,213.0
1784605800,28703.1,28711.9,28701.2,28709.1,222.0
1784605860,28709.2,28709.2,28700.5,28704.4,206.0
1784605920,28704.6,28710.4,28700.6,28705.7,222.0
1784605980,28705.9,28706.2,28699.1,28702.4,184.0
1784606040,28702.4,28705.7,28691.5,28697.1,192.0
1784606100,28696.6,28697.2,28682.0,28683.5,211.0
1784606160,28683.4,28686.6,28681.6,28682.9,241.0
1784606220,28682.4,28690.9,28678.4,28689.6,221.0
1784606280,28688.5,28688.5,28679.7,28681.7,206.0
1784606340,28681.7,28683.6,28671.4,28672.5,207.0
1784606400,28674.0,28678.0,28665.5,28671.1,254.0
1784606460,28671.2,28673.7,28660.0,28661.7,241.0
1784606520,28661.7,28666.9,28652.9,28663.9,238.0
1784606580,28663.9,28676.7,28655.2,28672.5,230.0
1784606640,28672.6,28692.7,28669.6,28691.7,240.0
1784606700,28691.9,28708.5,28688.1,28700.5,255.0
1784606760,28701.5,28717.1,28700.7,28705.6,242.0
1784606820,28705.5,28709.1,28693.5,28708.7,242.0
1784606880,28708.9,28722.0,28706.5,28716.7,226.0
1784606940,28716.5,28724.1,28710.4,28713.2,237.0
1784607000,28713.1,28724.5,28710.1,28716.1,236.0
1784607060,28716.4,28720.1,28709.7,28711.4,228.0
1784607120,28711.6,28723.5,28709.7,28723.5,236.0
1784607180,28722.7,28723.5,28709.5,28712.7,239.0
1784607240,28711.5,28725.6,28710.6,28718.6,228.0
1784607300,28719.2,28726.7,28718.2,28721.9,226.0
1784607360,28721.9,28726.6,28714.9,28717.0,227.0
1784607420,28716.9,28722.0,28701.9,28702.2,235.0
1784607480,28701.6,28702.1,28692.5,28694.5,230.0
1784607540,28694.5,28718.5,28687.7,28713.2,251.0
1784607600,28712.1,28721.4,28697.9,28717.7,242.0
1784607660,28717.7,28717.7,28706.7,28706.9,228.0
1784607720,28706.6,28712.2,28698.6,28708.7,233.0
1784607780,28708.7,28709.2,28701.2,28701.6,205.0
1784607840,28701.7,28714.2,28701.7,28705.5,189.0
1784607900,28705.6,28710.5,28702.5,28710.1,203.0
1784607960,28710.0,28710.0,28696.4,28702.6,207.0
1784608020,28702.2,28711.0,28700.0,28700.9,229.0
1784608080,28700.9,28708.0,28699.0,28707.1,214.0
1784608140,28707.5,28715.1,28702.6,28705.6,216.0
1784608200,28705.9,28719.5,28702.0,28702.5,241.0
1784608260,28702.5,28714.7,28700.4,28714.5,238.0
1784608320,28714.2,28719.2,28710.9,28718.9,207.0
1784608380,28718.9,28726.4,28714.1,28724.9,211.0
1784608440,28724.9,28731.1,28722.7,28727.2,194.0
1784608500,28727.4,28729.6,28722.0,28723.9,221.0
1784608560,28723.6,28735.1,28721.9,28734.4,214.0
1784608620,28734.4,28736.0,28726.9,28732.9,184.0
1784608680,28732.7,28735.0,28719.7,28720.7,215.0
1784608740,28720.5,28720.7,28703.6,28704.4,227.0
1784608800,28704.5,28712.5,28692.9,28711.9,227.0
1784608860,28711.7,28712.2,28691.2,28691.7,230.0
1784608920,28691.1,28696.4,28689.9,28692.6,213.0
1784608980,28692.4,28694.2,28682.0,28683.7,214.0
1784609040,28683.5,28692.9,28682.4,28689.4,228.0
1784609100,28689.7,28701.7,28685.4,28701.1,235.0
1784609160,28701.9,28705.2,28699.0,28703.5,232.0
1784609220,28704.0,28716.9,28702.2,28709.2,226.0
1784609280,28709.1,28724.2,28709.1,28715.9,195.0
1784609340,28715.5,28725.6,28714.9,28718.1,184.0
1784609400,28718.1,28722.2,28710.9,28718.9,205.0
1784609460,28717.9,28719.1,28701.1,28703.1,225.0
1784609520,28703.5,28709.5,28703.5,28708.6,222.0
1784609580,28709.2,28709.2,28700.0,28706.6,235.0
1784609640,28706.2,28712.9,28700.7,28712.2,215.0
1784609700,28711.5,28711.5,28697.5,28701.6,230.0
1784609760,28701.6,28706.6,28690.6,28694.0,214.0
1784609820,28693.6,28694.5,28686.7,28694.4,198.0
1784609880,28694.2,28696.7,28691.2,28693.5,205.0
1784609940,28693.6,28699.2,28689.7,28699.2,218.0
1784610000,28700.5,28705.4,28697.7,28703.0,224.0
1784610060,28702.9,28705.7,28694.0,28695.6,221.0
1784610120,28695.2,28708.1,28693.0,28704.9,212.0
1784610180,28706.4,28721.9,28705.4,28721.9,223.0
1784610240,28721.6,28727.7,28717.6,28724.2,211.0
1784610300,28724.4,28750.1,28722.4,28746.4,247.0
1784610360,28746.4,28752.9,28739.5,28742.2,215.0
1784610420,28742.2,28746.2,28737.5,28739.0,216.0
1784610480,28738.9,28740.4,28727.9,28729.4,220.0
1784610540,28729.5,28729.5,28710.7,28711.4,214.0
1784610600,28710.7,28714.5,28696.5,28697.9,211.0
1784610660,28697.9,28706.7,28695.2,28705.5,240.0
1784610720,28705.0,28707.2,28695.4,28700.0,220.0
1784610780,28700.0,28706.0,28698.9,28700.5,207.0
1784610840,28700.6,28702.6,28696.9,28700.1,195.0
1784610900,28700.1,28705.0,28694.5,28695.2,204.0
1784610960,28695.2,28696.0,28687.2,28691.7,229.0
1784611020,28692.1,28698.2,28691.5,28693.0,189.0
1784611080,28693.4,28696.6,28692.4,28692.4,214.0
1784611140,28691.7,28691.7,28675.1,28678.6,212.0
1784611200,28678.5,28683.4,28674.6,28679.6,202.0
1784611260,28679.6,28695.9,28679.6,28695.9,204.0
1784611320,28695.7,28705.4,28694.6,28701.4,208.0
1784611380,28702.5,28718.7,28702.5,28718.7,192.0
1784611440,28717.7,28728.6,28717.7,28727.4,205.0
1784611500,28727.6,28735.2,28724.5,28730.9,208.0
1784611560,28731.0,28731.0,28719.7,28723.4,194.0
1784611620,28723.1,28724.4,28710.9,28716.6,204.0
1784611680,28716.7,28719.5,28711.6,28715.2,193.0
1784611740,28715.2,28718.5,28708.2,28708.6,223.0
1784611800,28708.4,28727.7,28708.4,28722.4,208.0
1784611860,28722.1,28730.7,28719.7,28730.7,198.0
1784611920,28730.4,28735.1,28725.9,28733.2,191.0
1784611980,28733.7,28736.1,28728.5,28733.9,193.0
1784612040,28733.2,28741.6,28733.2,28736.7,200.0
1784612100,28736.7,28741.6,28735.9,28739.5,189.0
1784612160,28739.6,28757.6,28739.5,28756.6,223.0
1784612220,28757.4,28761.7,28751.0,28761.2,202.0
1784612280,28761.4,28764.2,28758.7,28762.9,174.0
1784612340,28762.9,28764.4,28758.7,28759.7,181.0
1784612400,28760.2,28763.4,28758.6,28760.1,199.0
1784612460,28760.1,28760.6,28756.5,28757.1,182.0
1784612520,28757.5,28761.5,28756.7,28758.0,174.0
1784612580,28758.0,28770.2,28757.7,28766.7,156.0
1784612640,28766.7,28767.0,28761.7,28763.9,166.0
1784612700,28763.9,28764.4,28756.1,28761.4,196.0
1784612760,28761.4,28762.2,28757.1,28761.4,168.0
1784612820,28760.6,28762.4,28757.6,28759.1,161.0
1784612880,28759.1,28764.6,28757.2,28762.4,179.0
1784612940,28762.4,28762.5,28748.9,28750.9,180.0
1784613000,28750.9,28755.7,28747.2,28754.9,173.0
1784613060,28754.9,28757.1,28753.4,28755.9,171.0
1784613120,28755.4,28755.9,28745.5,28746.0,196.0
1784613180,28746.0,28750.2,28743.0,28745.9,156.0
1784613240,28745.9,28754.1,28745.5,28751.2,176.0
1784613300,28751.2,28757.5,28748.9,28755.9,191.0
1784613360,28755.9,28766.0,28755.1,28761.1,191.0
1784613420,28761.1,28763.6,28758.9,28760.1,156.0
1784613480,28759.9,28766.7,28759.2,28765.7,150.0
1784613540,28765.7,28771.1,28764.9,28769.5,176.0
1784613600,28769.5,28777.2,28767.1,28771.6,217.0
1784613660,28771.2,28781.6,28769.6,28781.6,155.0
1784613720,28781.5,28788.6,28780.9,28784.1,170.0
1784613780,28784.1,28789.4,28781.2,28784.5,169.0
1784613840,28784.5,28784.5,28779.1,28782.7,129.0
1784613900,28782.9,28786.9,28780.0,28780.9,161.0
1784613960,28781.2,28784.5,28779.2,28784.0,182.0
1784614020,28783.7,28784.4,28781.1,28782.7,142.0
1784614080,28782.7,28783.7,28780.7,28782.0,149.0
1784614140,28782.4,28785.9,28780.2,28781.9,134.0
1784614200,28781.9,28791.0,28781.2,28790.9,160.0
1784614260,28791.0,28796.5,28791.0,28795.6,150.0
1784614320,28795.7,28796.4,28788.6,28788.7,151.0
1784614380,28789.1,28791.9,28788.5,28791.6,127.0
1784614440,28791.6,28791.6,28788.9,28789.9,129.0
1784614500,28789.6,28791.7,28786.6,28791.6,148.0
1784614560,28791.6,28791.7,28786.6,28789.1,146.0
1784614620,28789.2,28801.0,28789.1,28798.9,135.0
1784614680,28798.9,28803.7,28796.9,28802.9,155.0
1784614740,28803.0,28808.0,28800.9,28805.5,178.0
1784614800,28805.7,28805.7,28801.0,28803.1,139.0
1784614860,28803.1,28809.0,28801.5,28803.4,172.0
1784614920,28803.1,28806.2,28802.4,28804.2,141.0
1784614980,28804.4,28806.7,28803.2,28805.6,127.0
1784615040,28805.5,28809.5,28804.6,28806.7,149.0
1784615100,28806.6,28809.0,28805.2,28805.2,140.0
1784615160,28805.4,28807.5,28801.4,28801.4,149.0
1784615220,28800.9,28804.6,28800.4,28801.5,137.0
1784615280,28801.2,28807.0,28801.2,28807.0,126.0
1784615340,28806.9,28812.2,28803.2,28810.7,153.0
1784615400,28810.7,28815.1,28807.7,28811.6,191.0
1784615460,28811.0,28820.6,28807.4,28820.4,189.0
1784615520,28820.5,28826.9,28816.9,28826.9,190.0
1784615580,28827.0,28831.2,28825.7,28826.6,192.0
1784615640,28826.7,28831.1,28826.7,28829.7,146.0
1784615700,28829.6,28843.1,28827.6,28843.1,181.0
1784615760,28843.1,28853.7,28840.4,28840.5,186.0
1784615820,28840.5,28843.0,28838.9,28843.0,149.0
1784615880,28842.7,28844.6,28840.9,28844.4,141.0
1784615940,28844.2,28854.6,28844.2,28854.2,176.0
1784616000,28854.0,28856.2,28849.5,28854.5,160.0
1784616060,28854.5,28864.0,28854.2,28863.1,186.0
1784616120,28863.0,28863.5,28857.4,28858.5,158.0
1784616180,28858.5,28860.5,28856.2,28858.0,133.0
1784616240,28858.0,28858.2,28848.5,28848.7,146.0
1784616300,28848.6,28864.7,28848.5,28864.2,187.0
1784616360,28864.2,28879.2,28864.1,28878.1,183.0
1784616420,28878.1,28880.4,28873.4,28875.4,173.0
1784616480,28875.4,28880.5,28872.4,28877.1,171.0
1784616540,28877.2,28887.9,28877.1,28882.9,174.0
1784616600,28882.9,28887.5,28877.5,28887.2,187.0
1784616660,28887.5,28888.7,28883.6,28888.4,157.0
1784616720,28887.0,28888.1,28881.4,28886.9,130.0
1784616780,28888.7,28891.7,28887.1,28888.6,156.0
1784616840,28888.6,28890.1,28883.7,28889.7,168.0
1784616900,28889.7,28892.7,28873.0,28873.0,170.0
1784616960,28873.0,28876.5,28872.2,28874.7,139.0
1784617020,28874.5,28876.9,28872.6,28874.0,150.0
1784617080,28874.1,28874.7,28870.7,28873.2,128.0
1784617140,28873.0,28888.7,28872.7,28887.1,159.0
1784617200,28888.6,28897.2,28876.5,28877.9,202.0
1784617260,28877.9,28893.6,28875.2,28891.1,175.0
1784617320,28891.4,28894.1,28888.6,28892.2,150.0
1784617380,28892.6,28892.9,28879.6,28880.7,156.0
1784617440,28881.0,28883.1,28877.0,28877.0,154.0
1784617500,28877.1,28889.5,28873.9,28889.2,163.0
1784617560,28889.2,28904.0,28886.9,28891.7,193.0
1784617620,28891.9,28894.4,28888.1,28893.9,164.0
1784617680,28893.5,28896.9,28891.5,28891.5,149.0
1784617740,28891.7,28891.7,28883.7,28884.0,156.0
1784617800,28883.5,28891.6,28881.2,28890.5,169.0
1784617860,28890.2,28890.7,28883.0,28884.2,168.0
1784617920,28884.2,28887.2,28883.6,28886.4,130.0
1784617980,28887.0,28890.2,28882.9,28883.0,146.0
1784618040,28882.9,28886.2,28880.7,28882.0,154.0
1784618100,28882.0,28883.1,28878.0,28879.4,169.0
1784618160,28879.4,28884.2,28878.6,28881.5,156.0
1784618220,28881.5,28881.5,28877.7,28879.4,139.0
1784618280,28879.4,28886.9,28878.0,28883.2,155.0
1784618340,28883.2,28884.2,28875.1,28875.4,152.0
1784618400,28875.4,28887.5,28875.0,28886.7,176.0
1784618460,28886.9,28892.0,28883.9,28885.2,155.0
1784618520,28885.7,28885.7,28875.7,28877.6,152.0
1784618580,28877.6,28880.5,28870.7,28870.7,159.0
1784618640,28870.7,28878.1,28870.6,28877.9,135.0
1784618700,28877.9,28889.4,28876.2,28884.6,155.0
1784618760,28884.6,28886.6,28876.9,28878.9,140.0
1784618820,28878.9,28882.0,28878.5,28880.5,146.0
1784618880,28880.5,28884.6,28879.2,28880.5,142.0
1784618940,28880.0,28882.2,28877.2,28880.0,131.0
1784619000,28880.0,28882.5,28876.0,28876.5,148.0
1784619060,28876.4,28878.4,28874.5,28874.7,130.0
1784619120,28874.7,28879.2,28872.9,28876.6,166.0
1784619180,28876.7,28878.9,28873.1,28876.0,144.0
1784619240,28876.1,28879.5,28874.2,28875.0,142.0
1784619300,28876.0,28885.7,28875.7,28885.1,164.0
1784619360,28885.1,28887.4,28874.5,28876.0,176.0
1784619420,28876.0,28885.6,28875.7,28885.0,139.0
1784619480,28885.0,28889.0,28883.4,28887.5,131.0
1784619540,28887.5,28890.5,28884.7,28885.9,149.0
1784619600,28885.6,28888.1,28885.1,28885.9,144.0
1784619660,28885.9,28886.4,28877.2,28882.4,136.0
1784619720,28882.4,28883.2,28873.6,28876.2,146.0
1784619780,28876.2,28879.2,28873.5,28879.2,132.0
1784619840,28879.1,28879.9,28875.7,28879.2,148.0
1784619900,28879.6,28880.0,28873.5,28877.0,128.0
1784619960,28877.1,28880.1,28875.4,28879.9,122.0
1784620020,28880.5,28888.5,28879.4,28886.7,117.0
1784620080,28886.7,28891.5,28886.2,28889.0,125.0
1784620140,28888.9,28889.6,28886.4,28887.6,120.0
1784620200,28887.7,28888.1,28882.6,28883.7,128.0
1784620260,28883.0,28883.9,28872.1,28872.7,121.0
1784620320,28872.4,28872.9,28867.1,28872.6,165.0
1784620380,28872.5,28873.6,28866.9,28867.6,169.0
1784620440,28867.7,28871.2,28867.4,28869.0,136.0
1784620500,28870.1,28870.1,28866.9,28868.2,108.0
1784620560,28868.4,28868.6,28864.4,28864.6,148.0
1784620620,28864.9,28870.5,28863.9,28870.1,161.0
1784620680,28870.1,28877.9,28870.1,28877.4,171.0
1784620740,28877.4,28878.4,28866.2,28870.4,149.0
1784620800,28870.4,28874.6,28868.0,28872.7,191.0
1784620860,28872.9,28873.6,28869.0,28871.9,165.0
1784620920,28871.7,28874.0,28867.5,28872.7,165.0
1784620980,28872.6,28875.9,28870.5,28871.5,165.0
1784621040,28871.5,28875.0,28869.6,28871.2,141.0
1784621100,28871.5,28873.1,28865.6,28868.6,165.0
1784621160,28868.6,28870.4,28863.4,28869.5,162.0
1784621220,28869.7,28870.7,28863.9,28870.6,152.0
1784621280,28870.7,28873.0,28865.4,28866.1,156.0
1784621340,28866.2,28870.2,28864.7,28866.7,144.0
1784621400,28866.7,28866.7,28857.5,28858.7,171.0
1784621460,28859.0,28859.5,28853.4,28853.7,158.0
1784621520,28853.7,28855.6,28848.7,28852.7,149.0
1784621580,28852.7,28856.7,28851.7,28856.2,131.0
1784621640,28856.2,28857.0,28850.0,28850.2,158.0
1784621700,28850.1,28851.5,28847.9,28847.9,159.0
1784621760,28848.0,28848.1,28837.6,28838.0,181.0
1784621820,28838.0,28842.0,28835.1,28840.5,174.0
1784621880,28840.5,28841.7,28833.2,28840.5,183.0
1784621940,28840.4,28841.7,28832.0,28833.7,194.0
1784622000,28833.7,28841.1,28832.9,28839.7,174.0
1784622060,28839.9,28844.0,28839.1,28841.6,204.0
1784622120,28841.4,28846.4,28838.5,28843.1,193.0
1784622180,28843.1,28854.1,28839.1,28854.0,200.0
1784622240,28853.4,28864.0,28852.6,28858.2,190.0
1784622300,28858.2,28859.9,28855.4,28857.9,185.0
1784622360,28857.1,28871.0,28856.1,28869.5,189.0
1784622420,28869.4,28879.6,28867.9,28877.9,168.0
1784622480,28877.9,28885.4,28874.0,28874.7,167.0
1784622540,28875.4,28882.4,28873.6,28881.2,186.0
1784622600,28881.2,28885.4,28874.7,28877.1,188.0
1784622660,28877.4,28878.2,28869.9,28871.0,165.0
1784622720,28870.9,28871.2,28863.4,28863.6,171.0
1784622780,28863.9,28869.2,28855.9,28856.2,169.0
1784622840,28857.2,28873.7,28854.5,28873.2,161.0
1784622900,28872.5,28882.4,28869.9,28881.4,180.0
1784622960,28881.4,28886.7,28880.4,28884.1,173.0
1784623020,28884.1,28884.1,28876.4,28876.7,157.0
1784623080,28876.6,28878.6,28872.5,28873.6,164.0
1784623140,28873.6,28880.1,28872.5,28875.7,183.0
1784623200,28876.1,28892.4,28876.1,28890.5,206.0
1784623260,28890.5,28897.7,28889.2,28896.6,188.0
1784623320,28896.7,28897.4,28893.0,28893.2,182.0
1784623380,28894.9,28908.5,28894.2,28898.6,197.0
1784623440,28899.0,28902.9,28897.6,28902.1,172.0
1784623500,28902.1,28902.1,28886.0,28890.1,182.0
1784623560,28890.1,28894.4,28890.1,28893.1,161.0
1784623620,28893.1,28894.4,28887.4,28894.2,160.0
1784623680,28894.2,28906.4,28894.0,28905.0,175.0
1784623740,28905.0,28905.6,28898.9,28900.7,182.0
1784623800,28900.2,28908.4,28900.0,28903.9,172.0
1784623860,28903.9,28914.2,28903.6,28909.1,174.0
1784623920,28909.4,28911.0,28905.5,28908.5,166.0
1784623980,28908.5,28911.9,28907.0,28909.6,149.0
1784624040,28909.7,28915.6,28908.5,28911.9,172.0
1784624100,28911.9,28916.1,28908.1,28915.2,184.0
1784624160,28915.2,28917.5,28912.0,28912.0,176.0
1784624220,28912.0,28917.4,28909.5,28909.5,164.0
1784624280,28909.5,28919.5,28908.9,28919.4,179.0
1784624340,28919.2,28919.4,28913.0,28913.4,147.0
1784624400,28913.5,28923.6,28911.6,28919.7,214.0
1784624460,28920.0,28928.0,28915.2,28927.1,179.0
1784624520,28927.5,28928.9,28922.2,28926.1,183.0
1784624580,28925.9,28932.5,28924.9,28925.6,191.0
1784624640,28925.6,28934.1,28922.0,28934.1,169.0
1784624700,28934.1,28936.1,28930.6,28933.8,187.0
1784624760,28933.8,28940.0,28931.8,28939.1,174.0
1784624820,28939.1,28940.0,28926.5,28932.0,185.0
1784624880,28931.7,28931.7,28921.8,28926.6,164.0
1784624940,28926.7,28932.6,28925.6,28930.7,158.0
1784625000,28930.6,28935.5,28924.5,28934.2,181.0
1784625060,28933.8,28939.7,28928.7,28939.1,167.0
1784625120,28939.1,28944.5,28931.6,28943.1,161.0
1784625180,28943.1,28953.3,28935.7,28952.7,165.0
1784625240,28952.5,28952.6,28946.7,28947.6,135.0
1784625300,28947.7,28949.6,28940.7,28941.8,169.0
1784625360,28941.8,28956.3,28941.2,28954.1,159.0
1784625420,28954.2,28955.7,28950.7,28953.5,154.0
1784625480,28953.3,28954.5,28948.2,28950.5,157.0
1784625540,28950.5,28954.5,28940.8,28943.6,173.0
1784625600,28943.6,28944.0,28935.8,28936.3,169.0
1784625660,28936.3,28941.3,28930.0,28931.6,195.0
1784625720,28931.7,28940.1,28925.8,28925.8,166.0
1784625780,28924.8,28939.7,28923.7,28939.7,157.0
1784625840,28939.7,28944.5,28929.8,28931.7,181.0
1784625900,28931.5,28941.7,28931.3,28934.7,184.0
1784625960,28934.7,28939.2,28932.3,28934.3,173.0
1784626020,28934.3,28935.1,28927.0,28933.7,156.0
1784626080,28933.7,28935.7,28932.1,28932.5,156.0
1784626140,28932.5,28939.6,28925.1,28925.8,192.0
1784626200,28928.7,28943.1,28927.0,28934.2,223.0
1784626260,28934.1,28946.0,28933.0,28937.3,221.0
1784626320,28937.3,28942.3,28937.1,28940.7,196.0
1784626380,28940.7,28947.0,28938.5,28945.3,177.0
1784626440,28945.3,28949.3,28941.5,28948.8,199.0
1784626500,28948.7,28968.2,28948.2,28959.6,196.0
1784626560,28959.6,28962.7,28957.7,28960.2,177.0
1784626620,28960.2,28960.7,28949.7,28952.6,163.0
1784626680,28952.3,28954.2,28943.1,28943.6,150.0
1784626740,28944.2,28953.5,28944.2,28952.5,155.0
1784626800,28952.6,28958.5,28951.2,28956.5,125.0
1784626860,28956.5,28969.0,28953.8,28965.7,162.0
1784626920,28965.7,28967.6,28963.7,28964.5,148.0
1784626980,28965.0,28967.8,28961.0,28964.6,154.0
1784627040,28964.6,28969.5,28964.0,28969.1,116.0
1784627100,28969.1,28970.1,28961.7,28962.0,128.0
1784627160,28961.8,28962.0,28949.3,28949.3,135.0
1784627220,28949.2,28950.2,28945.8,28948.3,144.0
1784627280,28948.3,28948.7,28946.1,28948.5,126.0
1784627340,28948.7,28965.5,28948.6,28964.0,152.0
1784627400,28964.0,28965.2,28959.7,28959.7,129.0
1784627460,28959.6,28959.6,28953.6,28953.6,114.0
1784627520,28953.6,28959.6,28953.6,28958.3,111.0
1784627580,28958.3,28959.2,28954.6,28954.6,103.0
1784627640,28954.6,28958.5,28951.7,28956.2,130.0
1784627700,28956.2,28963.1,28955.6,28958.1,123.0
1784627760,28958.0,28960.8,28957.0,28959.8,119.0
1784627820,28959.7,28963.1,28958.6,28959.3,125.0
1784627880,28959.6,28961.5,28954.7,28954.8,136.0
1784627940,28955.7,28963.5,28953.7,28961.7,164.0
1784628000,28961.8,28968.7,28955.7,28959.8,239.0
1784628060,28959.8,28965.2,28956.3,28964.7,192.0
1784628120,28964.7,28970.5,28955.7,28968.5,187.0
1784628180,28968.6,28975.2,28967.7,28969.8,206.0
1784628240,28970.6,28971.8,28960.1,28963.0,190.0
1784628300,28963.5,28968.2,28962.3,28968.0,167.0
1784628360,28968.2,28970.3,28961.6,28963.1,152.0
1784628420,28963.1,28966.1,28954.7,28956.2,136.0
1784628480,28956.7,28958.0,28950.7,28952.5,141.0
1784628540,28952.5,28955.8,28950.2,28952.1,181.0
1784628600,28953.2,28959.1,28949.6,28958.6,169.0
1784628660,28958.2,28960.7,28954.5,28955.5,191.0
1784628720,28955.6,28958.0,28948.2,28948.5,191.0
1784628780,28948.2,28948.2,28932.8,28937.5,204.0
1784628840,28937.5,28947.3,28937.3,28946.3,171.0
1784628900,28946.2,28946.2,28937.0,28937.1,168.0
1784628960,28937.1,28939.0,28930.0,28930.0,172.0
1784629020,28930.0,28937.0,28929.2,28935.8,178.0
1784629080,28936.3,28940.0,28932.7,28932.7,155.0
1784629140,28932.7,28941.7,28931.5,28940.6,175.0
1784629200,28940.0,28940.0,28928.1,28928.8,159.0
1784629260,28928.6,28928.8,28920.0,28925.0,183.0
1784629320,28925.6,28930.3,28919.6,28924.5,189.0
1784629380,28924.5,28927.2,28922.6,28922.6,153.0
1784629440,28922.3,28923.3,28915.6,28920.0,169.0
1784629500,28920.5,28927.5,28914.6,28915.5,178.0
1784629560,28915.5,28915.7,28909.5,28910.1,194.0
1784629620,28910.2,28916.7,28907.6,28916.6,169.0
1784629680,28916.6,28925.2,28915.5,28924.0,165.0
1784629740,28924.0,28925.8,28917.5,28918.8,172.0
1784629800,28919.1,28919.5,28903.0,28903.6,182.0
1784629860,28904.0,28914.3,28903.8,28914.3,173.0
1784629920,28914.3,28921.1,28913.1,28921.0,198.0
1784629980,28920.6,28934.7,28920.3,28930.0,178.0
1784630040,28930.1,28934.6,28930.1,28934.5,144.0
1784630100,28934.5,28939.0,28932.3,28937.5,162.0
1784630160,28936.5,28941.7,28936.5,28938.5,187.0
1784630220,28938.5,28940.3,28933.7,28935.3,151.0
1784630280,28935.0,28937.2,28931.5,28932.7,163.0
1784630340,28932.8,28935.0,28929.5,28934.6,145.0
1784630400,28934.8,28937.6,28927.0,28928.3,183.0
1784630460,28928.1,28934.5,28928.1,28930.7,136.0
1784630520,28930.7,28931.2,28926.6,28928.1,152.0
1784630580,28928.0,28929.2,28925.2,28926.5,150.0
1784630640,28926.5,28927.2,28923.7,28927.0,148.0
1784630700,28927.1,28930.1,28921.2,28923.7,152.0
1784630760,28923.7,28927.1,28922.5,28923.2,141.0
1784630820,28923.3,28924.7,28921.6,28924.2,138.0
1784630880,28924.2,28926.7,28922.2,28926.6,116.0
1784630940,28926.6,28927.0,28907.5,28912.1,160.0
1784631000,28912.2,28917.5,28908.5,28908.5,149.0
1784631060,28908.5,28912.2,28907.2,28912.0,165.0
1784631120,28912.5,28920.7,28910.2,28920.2,167.0
1784631180,28920.0,28920.8,28915.8,28920.3,167.0
1784631240,28920.5,28926.2,28918.8,28923.2,141.0
1784631300,28923.5,28927.8,28919.1,28927.6,161.0
1784631360,28927.7,28930.6,28924.5,28927.3,164.0
1784631420,28927.1,28929.1,28924.8,28925.6,150.0
1784631480,28925.5,28935.1,28922.8,28934.3,138.0
1784631540,28934.3,28935.5,28931.0,28933.2,159.0
1784631600,28932.5,28940.7,28928.8,28940.0,214.0
1784631660,28940.0,28946.0,28920.6,28926.1,218.0
1784631720,28928.3,28936.2,28919.8,28926.1,223.0
1784631780,28925.6,28939.2,28923.3,28935.6,170.0
1784631840,28935.6,28949.2,28934.5,28947.2,194.0
1784631900,28949.5,28950.6,28942.6,28944.5,175.0
1784631960,28944.1,28949.7,28943.0,28948.8,187.0
1784632020,28948.8,28950.2,28941.6,28944.8,200.0
1784632080,28944.8,28951.0,28944.0,28950.8,201.0
1784632140,28950.8,28955.2,28949.2,28950.7,184.0
1784632200,28951.2,28952.3,28945.3,28949.6,184.0
1784632260,28949.6,28950.8,28937.6,28945.1,183.0
1784632320,28945.0,28945.6,28938.5,28941.0,157.0
1784632380,28941.1,28963.3,28937.8,28963.3,187.0
1784632440,28963.2,28968.6,28959.8,28967.0,185.0
1784632500,28967.0,28970.6,28963.3,28964.0,180.0
1784632560,28963.6,28966.1,28961.0,28964.6,191.0
1784632620,28964.7,28964.7,28958.7,28960.6,139.0
1784632680,28960.5,28963.7,28956.0,28958.6,147.0
1784632740,28958.5,28962.1,28957.3,28961.7,143.0
1784632800,28960.8,28966.0,28956.5,28960.5,155.0
1784632860,28960.1,28969.2,28960.1,28967.6,180.0
1784632920,28967.6,28972.6,28966.1,28969.3,163.0
1784632980,28969.1,28973.0,28966.1,28969.2,145.0
1784633040,28968.8,28978.1,28966.2,28976.2,163.0
1784633100,28976.2,28982.2,28972.7,28973.5,182.0
1784633160,28972.5,28974.5,28970.5,28973.5,139.0
1784633220,28973.3,28975.2,28968.5,28972.3,160.0
1784633280,28972.8,28979.5,28972.2,28977.8,117.0
1784633340,28977.5,28983.2,28971.6,28983.2,156.0
1784633400,28983.5,28988.6,28978.3,28979.5,161.0
1784633460,28979.5,28985.8,28977.0,28980.3,183.0
1784633520,28979.8,28990.2,28978.7,28988.5,139.0
1784633580,28988.2,28989.8,28983.6,28983.8,129.0
1784633640,28983.8,28984.0,28975.6,28976.6,161.0
1784633700,28976.6,28988.2,28973.2,28985.8,164.0
1784633760,28986.3,28987.1,28982.1,28983.3,124.0
1784633820,28983.3,28987.0,28981.6,28983.0,120.0
1784633880,28983.3,28984.0,28974.0,28974.5,128.0
1784633940,28974.6,28983.0,28972.8,28976.5,148.0
1784634000,28976.3,28989.7,28971.2,28989.7,156.0
1784634060,28989.6,28991.2,28984.0,28987.8,146.0
1784634120,28987.8,28988.8,28980.5,28984.0,129.0
1784634180,28983.8,28989.2,28983.3,28985.5,129.0
1784634240,28985.5,28989.0,28982.0,28982.8,141.0
1784634300,28982.6,28984.0,28972.7,28973.0,134.0
1784634360,28973.1,28976.1,28970.2,28972.3,154.0
1784634420,28972.3,28973.7,28965.3,28966.5,124.0
1784634480,28967.3,28973.6,28967.3,28970.6,141.0
1784634540,28970.6,28976.8,28970.2,28975.8,138.0
1784634600,28975.7,28978.6,28972.3,28974.0,136.0
1784634660,28973.8,28975.5,28970.3,28975.5,122.0
1784634720,28975.5,28980.7,28970.3,28971.7,129.0
1784634780,28971.6,28976.5,28970.1,28972.2,162.0
1784634840,28972.1,28976.8,28971.7,28975.3,133.0
1784634900,28974.8,28980.7,28973.2,28980.1,142.0
1784634960,28980.1,28981.2,28977.1,28980.5,119.0
1784635020,28981.1,28981.1,28972.0,28980.6,122.0
1784635080,28980.6,28989.7,28980.6,28984.7,131.0
1784635140,28984.6,28984.6,28980.8,28982.5,114.0
1784635200,28982.3,28989.5,28977.8,28984.5,163.0
1784635260,28984.5,28996.2,28984.3,28988.6,163.0
1784635320,28987.8,28991.0,28982.3,28986.7,135.0
1784635380,28986.8,28989.7,28983.1,28986.6,140.0
1784635440,28986.1,28986.7,28978.7,28986.0,136.0
1784635500,28986.0,28988.7,28982.5,28986.3,148.0
1784635560,28986.3,28988.5,28984.0,28988.3,137.0
1784635620,28988.3,28994.1,28987.5,28990.5,151.0
1784635680,28990.5,28991.8,28987.1,28990.1,136.0
1784635740,28990.2,28992.5,28985.3,28991.0,156.0
1784635800,28991.1,28994.6,28990.3,28992.2,110.0
1784635860,28991.6,28994.5,28985.7,28987.3,136.0
1784635920,28987.1,28989.3,28982.7,28986.5,137.0
1784635980,28985.8,28991.7,28985.8,28988.7,130.0
1784636040,28988.6,28989.2,28983.6,28986.6,115.0
1784636100,28986.6,28994.3,28986.2,28993.5,149.0
1784636160,28993.5,29000.3,28992.6,28998.0,131.0
1784636220,28998.2,29002.5,28996.0,29002.5,162.0
1784636280,29002.3,29005.3,28997.1,29005.3,155.0
1784636340,29005.1,29010.6,29002.6,29003.6,149.0
1784636400,29003.2,29010.6,28999.8,29002.7,167.0
1784636460,29002.7,29004.3,28997.5,29001.0,135.0
1784636520,29001.0,29003.0,28996.2,28997.3,107.0
1784636580,28997.7,28999.6,28993.7,28993.7,119.0
1784636640,28994.1,29001.8,28993.5,28997.0,154.0
1784636700,28997.0,29002.6,28996.8,29002.1,140.0
1784636760,29002.1,29002.1,28987.3,28988.2,159.0
1784636820,28988.2,28988.8,28983.6,28985.3,142.0
1784636880,28986.5,28988.7,28983.6,28984.6,143.0
1784636940,28984.6,28986.3,28979.6,28981.6,140.0
1784637000,28981.5,28984.6,28970.7,28977.5,188.0
1784637060,28977.5,28985.3,28976.1,28984.8,156.0
1784637120,28984.8,28987.8,28984.3,28987.5,130.0
1784637180,28987.8,28994.5,28987.6,28989.8,111.0
1784637240,28989.8,28992.1,28986.6,28986.6,133.0
1784637300,28986.5,28987.8,28982.3,28982.6,129.0
1784637360,28982.6,28982.7,28969.3,28969.3,142.0
1784637420,28969.3,28972.8,28967.7,28972.0,153.0
1784637480,28972.1,28972.8,28968.7,28970.1,127.0
1784637540,28970.1,28979.0,28966.5,28977.6,123.0
1784637600,28977.5,28977.5,28970.3,28971.5,147.0
1784637660,28971.8,28975.0,28971.5,28973.7,141.0
1784637720,28973.8,28980.3,28973.5,28978.8,101.0
1784637780,28978.8,28983.6,28975.1,28983.3,115.0
1784637840,28983.8,28985.6,28980.2,28980.2,89.0
1784637900,28980.2,28986.2,28977.5,28985.5,157.0
1784637960,28985.3,28997.8,28985.3,28995.3,156.0
1784638020,28995.3,28995.5,28991.8,28994.0,118.0
1784638080,28994.0,28996.2,28991.2,28993.3,113.0
1784638140,28993.0,28999.7,28992.7,28996.8,134.0
1784638200,28996.8,28996.8,28989.1,28990.7,140.0
1784638260,28990.6,28993.0,28986.8,28991.5,153.0
1784638320,28991.5,28995.3,28987.2,28988.2,131.0
1784638380,28988.2,28994.3,28986.0,28992.6,105.0
1784638440,28992.5,28993.5,28989.6,28992.3,111.0
1784638500,28992.5,28992.5,28986.7,28987.5,140.0
1784638560,28987.6,28990.6,28978.1,28978.7,117.0
1784638620,28978.5,28979.1,28970.1,28971.8,144.0
1784638680,28971.8,28973.1,28968.5,28972.5,145.0
1784638740,28972.5,28974.2,28969.2,28969.7,138.0
1784638800,28970.6,28982.2,28970.5,28973.6,176.0
1784638860,28973.1,28980.5,28972.8,28978.7,135.0
1784638920,28978.7,28997.8,28972.2,28991.1,193.0
1784638980,28990.8,28990.8,28977.8,28981.8,150.0
1784639040,28982.2,28982.2,28974.5,28977.6,131.0
1784639100,28977.5,28980.7,28970.8,28971.2,132.0
1784639160,28971.8,28975.0,28970.8,28974.6,144.0
1784639220,28974.6,28976.3,28971.2,28973.2,121.0
1784639280,28973.1,28976.3,28972.7,28974.1,126.0
1784639340,28974.1,28977.7,28972.7,28973.0,112.0
1784639400,28973.2,29004.3,28971.0,28996.1,212.0
1784639460,28995.8,29012.6,28992.3,29006.1,248.0
1784639520,29006.1,29007.8,28991.0,28991.0,206.0
1784639580,28991.0,28997.3,28988.6,28988.6,187.0
1784639640,28988.2,28992.2,28986.3,28986.5,167.0
1784639700,28986.5,28990.8,28983.3,28983.6,167.0
1784639760,28984.6,28991.6,28983.3,28985.8,178.0
1784639820,28986.0,28992.8,28986.0,28992.6,146.0
1784639880,28992.6,28994.3,28990.1,28994.3,139.0
1784639940,28994.5,28994.7,28986.5,28990.1,143.0
1784640000,28989.5,28995.2,28988.2,28995.0,146.0
1784640060,28995.0,28999.8,28990.6,28990.7,132.0
1784640120,28990.7,28998.3,28990.7,28998.3,116.0
1784640180,28998.3,29000.5,28995.7,28998.8,132.0
1784640240,28998.8,29002.0,28992.3,28995.1,147.0
1784640300,28995.1,28996.5,28993.0,28993.7,140.0
1784640360,28993.7,28994.2,28980.7,28990.0,142.0
1784640420,28990.0,28992.8,28987.2,28987.7,128.0
1784640480,28987.6,28995.3,28987.6,28992.3,136.0
1784640540,28992.5,28992.6,28988.2,28989.3,135.0
1784640600,29050.0546875,29050.0546875,29024.5,29024.72265625,0.0
1784640660,29024.984375,29024.984375,28988.498046875,29000.34375,11900916.0
1784640720,28992.294921875,29004.076171875,28986.40625,29004.076171875,8410709.0
1784640780,29004.47265625,29013.3125,28978.3515625,28978.3515625,5974984.0
1784640840,28967.50390625,28980.330078125,28967.50390625,28977.83984375,5345900.0
1784640900,28971.5703125,29018.7734375,28971.5703125,29018.7734375,5057908.0
1784640960,29040.728515625,29047.91796875,29036.552734375,29037.478515625,6264395.0
1784641020,29030.6796875,29030.6796875,28993.8125,29002.8125,5558867.0
1784641080,28998.630859375,29028.5,28998.630859375,29028.375,4563176.0
1784641140,29031.314453125,29038.12109375,29021.27734375,29026.7578125,4263165.0
1784641200,29017.150390625,29017.150390625,28990.8125,29003.18359375,4707837.0
1784641260,28998.537109375,28998.537109375,28970.119140625,28970.119140625,4388314.0
1784641320,28979.375,28992.064453125,28975.88671875,28975.88671875,4258416.0
1784641380,28992.6484375,29006.892578125,28988.16796875,28988.16796875,3886400.0
1784641440,28987.625,28996.728515625,28965.59765625,28968.421875,3841752.0
1784641500,28975.630859375,28977.568359375,28961.966796875,28961.966796875,4798048.0
1784641560,28967.287109375,28969.25390625,28941.720703125,28941.720703125,4172598.0
1784641620,28939.419921875,28952.28125,28927.3671875,28939.638671875,3984876.0
1784641680,28941.732421875,28952.19921875,28938.923828125,28949.92578125,3929556.0
1784641740,28946.478515625,28964.681640625,28946.478515625,28964.681640625,4330957.0
1784641800,28978.69140625,28991.19140625,28974.525390625,28981.1015625,4760574.0
1784641860,28987.18359375,28995.322265625,28983.3125,28983.3125,4308197.0
1784641920,28962.91796875,28985.669921875,28950.1953125,28983.654296875,4327432.0
1784641980,28983.322265625,28992.072265625,28966.75,28989.72265625,4147857.0
1784642040,28983.216796875,28989.09765625,28964.076171875,28972.96484375,3417271.0
1784642100,28966.099609375,28989.046875,28966.099609375,28966.26171875,3446380.0
1784642160,28967.267578125,28967.267578125,28937.357421875,28938.072265625,3948456.0
1784642220,28930.783203125,28936.125,28928.05078125,28928.384765625,4234814.0
1784642280,28937.537109375,28947.556640625,28936.0625,28939.5234375,3532499.0
1784642340,28942.02734375,28976.2890625,28942.02734375,28976.009765625,3286053.0
1784642400,28982.16015625,29008.013671875,28979.6640625,29002.41015625,3845167.0
1784642460,29000.875,29004.8046875,28979.5859375,28979.5859375,4241017.0
1784642520,28988.349609375,28988.349609375,28964.447265625,28964.75,3365221.0
1784642580,28947.328125,28947.328125,28928.248046875,28934.369140625,3842855.0
1784642640,28936.884765625,28936.884765625,28926.25,28932.951171875,3597056.0
1784642700,28940.638671875,28940.638671875,28917.74609375,28923.91796875,3312508.0
1784642760,28936.068359375,28957.875,28931.572265625,28957.875,3146900.0
1784642820,28953.91015625,28953.91015625,28932.59765625,28936.544921875,3457897.0
1784642880,28929.08203125,28930.701171875,28916.20703125,28923.15234375,3231814.0
1784642940,28921.427734375,28925.98828125,28907.1171875,28908.513671875,3434776.0
1784643000,28909.1015625,28914.16015625,28891.072265625,28901.39453125,3503388.0
1784643060,28898.978515625,28922.0078125,28897.017578125,28915.126953125,3055808.0
1784643120,28924.197265625,28925.888671875,28918.3671875,28923.80078125,3245906.0
1784643180,28922.953125,28942.802734375,28920.919921875,28942.802734375,2545877.0
1784643240,28947.69921875,28956.38671875,28945.41015625,28956.310546875,3018596.0
1784643300,28952.2421875,28952.2421875,28906.47265625,28906.521484375,4201249.0
1784643360,28910.984375,28913.541015625,28899.212890625,28913.541015625,3380489.0
1784643420,28913.365234375,28925.525390625,28901.91796875,28925.525390625,2975233.0
1784643480,28926.40234375,28980.4296875,28926.40234375,28980.4296875,2735666.0
1784643540,28975.224609375,28980.912109375,28973.349609375,28980.86328125,3333797.0
1784643600,28988.505859375,28991.81640625,28973.841796875,28973.841796875,2764408.0
1784643660,28964.029296875,28967.8984375,28947.1484375,28950.07421875,2554411.0
1784643720,28950.08203125,28974.939453125,28950.08203125,28971.7421875,2089883.0
1784643780,28968.095703125,28972.943359375,28961.556640625,28972.943359375,2317080.0
1784643840,28975.75,28975.75,28969.353515625,28973.681640625,1838053.0
1784643900,28974.166015625,29003.529296875,28974.166015625,29000.849609375,2275699.0
1784643960,29002.37890625,29010.0859375,28998.001953125,29010.0859375,2583296.0
1784644020,29008.994140625,29032.119140625,29008.994140625,29032.119140625,2877207.0
1784644080,29037.853515625,29041.837890625,29025.400390625,29025.400390625,2741387.0
1784644140,29025.697265625,29032.623046875,29022.27734375,29032.623046875,2652682.0
1784644200,29038.169921875,29044.462890625,29033.716796875,29041.974609375,2666997.0
1784644260,29045.74609375,29053.73828125,29034.087890625,29053.73828125,2831629.0
1784644320,29052.41015625,29052.41015625,29041.12890625,29042.765625,2505782.0
1784644380,29043.6015625,29049.322265625,29039.529296875,29045.46875,2703267.0
1784644440,29040.091796875,29055.205078125,29039.798828125,29044.994140625,2817636.0
1784644500,29045.044921875,29062.21875,29045.044921875,29054.564453125,2841262.0
1784644560,29055.3046875,29057.57421875,29040.08984375,29048.326171875,2895964.0
1784644620,29051.498046875,29051.498046875,29041.43359375,29045.861328125,2341984.0
1784644680,29045.8671875,29045.8671875,29019.80078125,29028.859375,2261379.0
1784644740,29028.4140625,29032.87109375,29020.646484375,29031.23046875,2602172.0
1784644800,29030.75,29033.3203125,29022.26171875,29027.1171875,2085675.0
1784644860,29025.1640625,29025.1640625,29006.5625,29007.203125,2538138.0
1784644920,29007.9765625,29014.302734375,28996.513671875,29014.302734375,2442891.0
1784644980,29017.515625,29046.453125,29017.515625,29044.828125,2509587.0
1784645040,29046.005859375,29051.80078125,29044.703125,29050.306640625,2613609.0
1784645100,29056.66796875,29072.958984375,29056.66796875,29063.908203125,2721823.0
1784645160,29068.275390625,29069.689453125,29059.240234375,29062.9765625,2238867.0
1784645220,29054.390625,29054.390625,29042.427734375,29046.7578125,2544286.0
1784645280,29060.423828125,29076.26953125,29060.423828125,29064.34375,2437375.0
1784645340,29064.35546875,29065.826171875,29057.63671875,29057.63671875,1827420.0
1784645400,29051.298828125,29059.56640625,29046.1328125,29055.5390625,1977311.0
1784645460,29057.2109375,29057.2109375,29042.927734375,29054.376953125,1817131.0
1784645520,29056.83203125,29062.765625,29054.064453125,29054.064453125,1638967.0
1784645580,29049.9609375,29052.048828125,29046.03125,29051.80078125,1688867.0
1784645640,29051.025390625,29059.994140625,29051.025390625,29055.001953125,1872338.0
1784645700,29056.134765625,29060.958984375,29055.94140625,29056.591796875,1727731.0
1784645760,29059.1328125,29061.611328125,29044.703125,29044.703125,3077413.0
1784645820,29048.212890625,29058.623046875,29048.212890625,29053.759765625,2253298.0
1784645880,29060.380859375,29064.94140625,29049.484375,29064.94140625,2057211.0
1784645940,29063.595703125,29064.7890625,29060.560546875,29064.466796875,1951631.0
1784646000,29069.310546875,29070.328125,29061.501953125,29067.158203125,2960045.0
1784646060,29070.748046875,29070.748046875,29053.443359375,29053.443359375,3234671.0
1784646120,29056.060546875,29056.060546875,29028.708984375,29028.708984375,2956754.0
1784646180,29026.802734375,29032.447265625,29021.85546875,29032.447265625,2202874.0
1784646240,29027.71484375,29031.787109375,29025.30859375,29028.9765625,2193247.0
1784646300,29022.41015625,29034.19921875,29015.5546875,29034.19921875,2375945.0
1784646360,29037.771484375,29060.6171875,29037.771484375,29059.99609375,2383894.0
1784646420,29059.041015625,29082.5078125,29059.041015625,29082.41796875,2587137.0
1784646480,29081.64453125,29088.69140625,29081.64453125,29088.69140625,2765059.0
1784646540,29089.677734375,29106.96484375,29089.677734375,29106.96484375,2370409.0
1784646600,29104.8671875,29110.27734375,29102.212890625,29104.80078125,2926098.0
1784646660,29104.201171875,29105.388671875,29100.7578125,29102.62890625,2729272.0
1784646720,29103.697265625,29121.216796875,29103.099609375,29121.216796875,2873481.0
1784646780,29122.912109375,29126.166015625,29116.65625,29116.65625,2382263.0
1784646840,29117.31640625,29125.65625,29115.798828125,29118.2578125,2147485.0
1784646900,29122.482421875,29125.021484375,29117.552734375,29117.552734375,2442388.0
1784646960,29114.859375,29117.314453125,29111.54296875,29114.5,2406588.0
1784647020,29115.587890625,29123.91015625,29115.587890625,29123.619140625,2506075.0
1784647080,29121.634765625,29121.634765625,29117.515625,29118.333984375,1787366.0
1784647140,29120.431640625,29122.90234375,29110.66796875,29111.64453125,2344816.0
1784647200,29109.06640625,29110.931640625,29098.794921875,29098.794921875,2412300.0
1784647260,29101.388671875,29133.201171875,29101.388671875,29121.0703125,2438381.0
1784647320,29126.6796875,29126.6796875,29120.798828125,29123.009765625,2410659.0
1784647380,29123.806640625,29125.0703125,29116.744140625,29122.55859375,1870212.0
1784647440,29123.087890625,29131.923828125,29123.087890625,29129.212890625,1590478.0
1784647500,29128.609375,29135.5546875,29128.056640625,29135.5546875,1995421.0
1784647560,29137.61328125,29145.923828125,29136.8125,29144.302734375,1930370.0
1784647620,29146.78515625,29147.078125,29143.283203125,29145.3125,2007727.0
1784647680,29144.5,29144.78515625,29136.193359375,29138.501953125,2024751.0
1784647740,29137.630859375,29137.630859375,29125.41015625,29128.34765625,2056325.0
1784647800,29132.69921875,29132.69921875,29124.376953125,29124.79296875,2522469.0
1784647860,29125.708984375,29127.689453125,29117.87109375,29117.87109375,1836554.0
1784647920,29115.9140625,29119.095703125,29114.341796875,29118.572265625,1890796.0
1784647980,29117.244140625,29119.337890625,29100.0234375,29105.537109375,1949878.0
1784648040,29109.009765625,29126.521484375,29109.009765625,29126.197265625,1924953.0
1784648100,29130.20703125,29133.98046875,29113.6015625,29113.6015625,2224035.0
1784648160,29113.4375,29123.765625,29111.162109375,29123.5625,2743965.0
1784648220,29121.17578125,29122.642578125,29113.3359375,29113.3359375,1673673.0
1784648280,29114.626953125,29114.626953125,29104.796875,29106.25,1579726.0
1784648340,29107.896484375,29113.169921875,29105.111328125,29105.111328125,1395663.0
1784648400,29107.658203125,29107.658203125,29097.14453125,29099.921875,1980866.0
1784648460,29102.06640625,29109.55078125,29102.06640625,29102.869140625,1601582.0
1784648520,29102.892578125,29106.375,29101.158203125,29105.33203125,1451916.0
1784648580,29106.70703125,29106.87109375,29101.501953125,29104.90625,1549062.0
1784648640,29103.556640625,29105.380859375,29088.779296875,29091.283203125,1810855.0
1784648700,29091.291015625,29098.580078125,29091.291015625,29096.052734375,2323161.0
1784648760,29097.708984375,29098.8359375,29093.740234375,29097.60546875,1571637.0
1784648820,29096.55078125,29105.79296875,29095.009765625,29104.013671875,1729073.0
1784648880,29109.736328125,29114.056640625,29107.953125,29110.24609375,1896076.0
1784648940,29111.44921875,29119.25,29111.44921875,29117.67578125,2270835.0
1784649000,29117.416015625,29127.146484375,29117.416015625,29119.595703125,2109915.0
1784649060,29119.802734375,29122.974609375,29117.755859375,29119.560546875,1695765.0
1784649120,29119.572265625,29122.220703125,29112.494140625,29112.494140625,1323013.0
1784649180,29110.681640625,29118.091796875,29109.2734375,29118.091796875,1585607.0
1784649240,29117.884765625,29117.884765625,29105.765625,29105.765625,4289032.0
1784649300,29105.43359375,29110.24609375,29098.1171875,29098.1171875,1878187.0
1784649360,29099.056640625,29110.349609375,29094.16796875,29109.419921875,1741166.0
1784649420,29108.009765625,29108.009765625,29103.00390625,29104.560546875,1393386.0
1784649480,29105.236328125,29106.455078125,29102.771484375,29103.08984375,1319981.0
1784649540,29101.287109375,29101.287109375,29085.76953125,29085.96875,1927467.0
1784649600,29088.4140625,29101.400390625,29082.34375,29101.23046875,2493117.0
1784649660,29102.4140625,29106.9453125,29102.4140625,29105.701171875,1518359.0
1784649720,29105.8984375,29114.119140625,29105.138671875,29105.80859375,1685285.0
1784649780,29106.84375,29117.71484375,29106.84375,29116.404296875,1897747.0
1784649840,29118.796875,29130.021484375,29118.796875,29130.021484375,2030293.0
1784649900,29130.529296875,29138.66015625,29129.962890625,29137.0,1662447.0
1784649960,29137.439453125,29140.302734375,29136.767578125,29138.203125,3086125.0
1784650020,29136.666015625,29140.94921875,29136.19140625,29138.986328125,898613.0
1784650080,29140.072265625,29148.740234375,29140.072265625,29140.546875,2918219.0
1784650140,29139.2734375,29141.7578125,29137.142578125,29137.1796875,790104.0
1784650200,29137.28515625,29140.0078125,29136.359375,29138.1953125,3017403.0
1784650260,29138.361328125,29142.41796875,29138.26171875,29139.822265625,870419.0
1784650320,29140.794921875,29140.794921875,29133.0,29133.970703125,2461653.0
1784650380,29133.7890625,29133.98046875,29128.265625,29128.265625,775286.0
1784650440,29129.4609375,29133.892578125,29125.51953125,29131.013671875,3353849.0
1784650500,29132.4375,29146.728515625,29130.23046875,29146.0078125,1819040.0
1784650560,29144.359375,29147.1796875,29141.353515625,29145.8515625,3244994.0
1784650620,29144.783203125,29149.306640625,29144.783203125,29147.001953125,1170204.0
1784650680,29145.095703125,29145.095703125,29134.748046875,29137.4609375,2710352.0
1784650740,29136.357421875,29142.23828125,29135.421875,29142.23828125,996994.0
1784650800,29142.71484375,29148.79296875,29142.71484375,29148.79296875,2532046.0
1784650860,29146.609375,29151.33203125,29145.171875,29151.33203125,829004.0
1784650920,29152.8125,29157.029296875,29151.515625,29156.0390625,1638045.0
1784650980,29155.263671875,29163.28515625,29155.263671875,29159.388671875,2814076.0
1784651040,29160.009765625,29163.234375,29151.197265625,29152.62109375,1337102.0
1784651100,29153.19921875,29159.541015625,29150.9375,29150.9375,2560467.0
1784651160,29148.30078125,29148.408203125,29142.94921875,29143.71875,920682.0
1784651220,29142.666015625,29144.005859375,29136.08984375,29138.228515625,2588940.0
1784651280,29141.109375,29146.205078125,29141.109375,29144.880859375,985629.0
1784651340,29143.982421875,29143.982421875,29140.0078125,29140.56640625,2245266.0
1784651400,29142.298828125,29145.056640625,29136.611328125,29145.056640625,1098358.0
1784651460,29147.015625,29151.87109375,29138.689453125,29139.234375,2886001.0
1784651520,29139.208984375,29139.208984375,29132.728515625,29138.185546875,1059360.0
1784651580,29137.669921875,29138.890625,29134.017578125,29135.990234375,3364710.0
1784651640,29135.83203125,29144.080078125,29135.83203125,29144.080078125,856330.0
1784651700,29144.162109375,29145.70703125,29140.40625,29144.001953125,3334845.0
1784651760,29144.51171875,29150.458984375,29139.515625,29150.458984375,872564.0
1784651820,29149.064453125,29154.6484375,29146.3203125,29154.6484375,3231832.0
1784651880,29155.767578125,29161.751953125,29155.767578125,29161.279296875,778803.0
1784651940,29160.185546875,29161.91796875,29155.98828125,29161.4453125,1945313.0
1784652000,29161.630859375,29165.271484375,29159.16015625,29159.16015625,1725604.0
1784652060,29159.576171875,29160.2421875,29149.552734375,29151.0703125,2138056.0
1784652120,29149.884765625,29154.251953125,29144.30078125,29145.140625,2530531.0
1784652180,29145.318359375,29152.20703125,29145.1015625,29152.20703125,1634784.0
1784652240,29151.53515625,29151.53515625,29144.6484375,29146.990234375,1773135.0
1784652300,29147.478515625,29153.7109375,29147.478515625,29149.916015625,1889604.0
1784652360,29150.21875,29150.21875,29142.28125,29150.07421875,1683348.0
1784652420,29151.09765625,29155.66015625,29151.09765625,29153.666015625,1874066.0
1784652480,29152.98828125,29155.509765625,29152.12890625,29152.43359375,1567680.0
1784652540,29151.19921875,29157.98828125,29151.19921875,29153.953125,1884967.0
1784652600,29154.53125,29165.271484375,29152.837890625,29165.271484375,1654050.0
1784652660,29165.15625,29172.041015625,29165.15625,29171.521484375,2892270.0
1784652720,29171.947265625,29174.30859375,29171.2734375,29173.716796875,816109.0
1784652780,29174.0390625,29174.869140625,29172.669921875,29173.169921875,2342513.0
1784652840,29173.447265625,29177.0390625,29172.48046875,29176.955078125,991456.0
1784652900,29178.0546875,29179.376953125,29169.33984375,29178.919921875,1835295.0
1784652960,29178.64453125,29179.76171875,29169.806640625,29169.806640625,1325001.0
1784653020,29170.408203125,29177.62109375,29168.474609375,29174.525390625,2444610.0
1784653080,29174.9296875,29175.703125,29167.626953125,29167.984375,1451644.0
1784653140,29167.75390625,29169.3203125,29161.611328125,29161.611328125,2015217.0
1784653200,29161.765625,29176.75,29161.765625,29175.267578125,1874460.0
1784653260,29174.712890625,29178.984375,29172.478515625,29178.515625,2352204.0
1784653320,29178.494140625,29178.494140625,29171.435546875,29176.041015625,2082655.0
1784653380,29176.609375,29180.0390625,29176.05859375,29177.658203125,2135821.0
1784653440,29177.70703125,29179.224609375,29176.482421875,29178.599609375,1886700.0
1784653500,29178.72265625,29183.568359375,29176.416015625,29183.568359375,1749285.0
1784653560,29184.259765625,29185.115234375,29180.203125,29181.908203125,1740502.0
1784653620,29183.12109375,29185.12109375,29178.0078125,29178.0078125,1788676.0
1784653680,29177.560546875,29178.458984375,29175.25390625,29176.5546875,1858896.0
1784653740,29176.556640625,29184.955078125,29176.556640625,29177.44140625,2536888.0
1784653800,29179.76953125,29179.76953125,29166.076171875,29168.154296875,1358208.0
1784653860,29167.11328125,29167.11328125,29162.912109375,29166.0078125,3371831.0
1784653920,29167.08984375,29168.9296875,29164.919921875,29164.919921875,1275380.0
1784653980,29163.482421875,29170.322265625,29161.169921875,29165.994140625,2359800.0
1784654040,29166.576171875,29168.34765625,29163.171875,29164.361328125,729298.0
1784654100,29164.86328125,29167.3359375,29162.521484375,29162.521484375,2556418.0
1784654160,29164.94140625,29168.2578125,29161.947265625,29164.912109375,754748.0
1784654220,29165.267578125,29170.201171875,29164.236328125,29167.060546875,3016424.0
1784654280,29168.681640625,29171.775390625,29168.05859375,29169.4375,637770.0
1784654340,29169.380859375,29172.37890625,29160.146484375,29160.69921875,2670564.0
1784654400,29160.470703125,29161.859375,29160.037109375,29160.50390625,791622.0
1784654460,29161.916015625,29165.67578125,29156.931640625,29158.380859375,2309615.0
1784654520,29157.474609375,29162.87890625,29157.474609375,29161.083984375,838211.0
1784654580,29159.798828125,29164.013671875,29157.15234375,29158.90234375,2413256.0
1784654640,29158.69921875,29163.6015625,29158.69921875,29161.46484375,700065.0
1784654700,29161.625,29163.798828125,29160.087890625,29160.15234375,1124807.0
1784654760,29161.60546875,29162.48046875,29156.158203125,29158.71484375,1282376.0
1784654820,29158.37109375,29160.74609375,29155.9296875,29156.646484375,1428935.0
1784654880,29156.0078125,29156.330078125,29152.72265625,29156.263671875,1207463.0
1784654940,29155.62890625,29161.3671875,29155.62890625,29161.3671875,1470248.0
1784655000,29161.9375,29174.00390625,29161.9375,29174.00390625,2204892.0
1784655060,29173.708984375,29178.041015625,29172.6953125,29177.99609375,1712839.0
1784655120,29177.732421875,29177.880859375,29174.443359375,29177.880859375,1646729.0
1784655180,29178.365234375,29178.365234375,29166.376953125,29166.38671875,737360.0
1784655240,29166.138671875,29166.138671875,29157.08984375,29162.396484375,2411429.0
1784655300,29163.21484375,29168.27734375,29161.205078125,29168.27734375,1321470.0
1784655360,29169.091796875,29178.4375,29169.091796875,29177.88671875,1473515.0
1784655420,29178.01953125,29178.01953125,29174.7265625,29175.224609375,1908362.0
1784655480,29174.876953125,29176.537109375,29172.3046875,29173.76171875,2770651.0
1784655540,29174.25390625,29175.609375,29172.03515625,29175.361328125,696421.0
1784655600,29176.248046875,29176.248046875,29168.462890625,29172.978515625,2764192.0
1784655660,29172.33984375,29172.33984375,29169.123046875,29169.123046875,811939.0
1784655720,29168.810546875,29169.80859375,29165.1875,29165.416015625,1336286.0
1784655780,29166.099609375,29168.0546875,29162.931640625,29168.0546875,1325989.0
1784655840,29169.982421875,29170.177734375,29166.26953125,29168.80078125,1399984.0
1784655900,29169.22265625,29171.53515625,29162.970703125,29162.970703125,1291329.0
1784655960,29162.478515625,29171.904296875,29162.478515625,29170.63671875,1360982.0
1784656020,29168.6953125,29175.890625,29166.8984375,29173.88671875,1591253.0
1784656080,29173.28125,29178.330078125,29173.28125,29175.8125,1149805.0
1784656140,29176.953125,29183.7578125,29176.45703125,29183.7578125,1397480.0
1784656200,29184.1015625,29191.357421875,29184.1015625,29191.357421875,1492761.0
1784656260,29192.291015625,29192.291015625,29183.173828125,29183.861328125,2169398.0
1784656320,29183.740234375,29183.740234375,29178.5625,29179.375,626638.0
1784656380,29179.603515625,29181.41015625,29177.33203125,29177.63671875,1915312.0
1784656440,29177.8828125,29179.37109375,29172.919921875,29172.919921875,569766.0
1784656500,29173.080078125,29174.876953125,29171.681640625,29171.73046875,1899385.0
1784656560,29171.423828125,29171.986328125,29168.802734375,29169.38671875,662321.0
1784656620,29169.669921875,29172.10546875,29167.994140625,29168.392578125,1483738.0
1784656680,29168.57421875,29168.57421875,29164.091796875,29166.89453125,1418727.0
1784656740,29167.7578125,29171.859375,29166.150390625,29170.25390625,1213009.0
1784656800,29169.9765625,29181.109375,29168.322265625,29177.009765625,1475354.0
1784656860,29177.84765625,29180.9765625,29172.7578125,29172.828125,1394777.0
1784656920,29173.783203125,29178.126953125,29169.20703125,29171.44140625,1842526.0
1784656980,29174.37109375,29174.37109375,29169.298828125,29170.767578125,1684147.0
1784657040,29170.30859375,29179.33984375,29170.30859375,29179.33984375,1200668.0
1784657100,29173.421875,29181.11328125,29173.421875,29180.970703125,1450528.0
1784657160,29180.87890625,29184.845703125,29179.255859375,29183.51171875,1535147.0
1784657220,29184.482421875,29186.421875,29182.337890625,29183.478515625,1421557.0
1784657280,29183.5859375,29189.05078125,29183.5859375,29184.046875,1645635.0
1784657340,29183.1953125,29183.1953125,29180.361328125,29180.361328125,1238953.0
1784657400,29180.556640625,29180.556640625,29175.552734375,29179.744140625,1244026.0
1784657460,29179.701171875,29179.80078125,29175.787109375,29179.80078125,1194566.0
1784657520,29180.40234375,29181.0859375,29173.66015625,29173.66015625,1001449.0
1784657580,29171.82421875,29178.248046875,29170.201171875,29177.833984375,1543175.0
1784657640,29176.8046875,29176.8046875,29168.3828125,29168.71875,1979393.0
1784657700,29168.8046875,29171.404296875,29168.447265625,29169.177734375,713697.0
1784657760,29169.30078125,29169.30078125,29165.65234375,29165.65234375,1945948.0
1784657820,29167.560546875,29171.95703125,29167.560546875,29170.427734375,785063.0
1784657880,29170.638671875,29170.638671875,29165.1171875,29166.12890625,1737123.0
1784657940,29165.916015625,29166.11328125,29163.775390625,29165.95703125,568138.0
1784658000,29166.5234375,29166.5234375,29159.5,29161.708984375,1804396.0
1784658060,29162.18359375,29162.302734375,29160.26171875,29161.943359375,643152.0
1784658120,29161.94921875,29169.50390625,29161.94921875,29169.017578125,2034063.0
1784658180,29170.837890625,29170.837890625,29167.015625,29170.77734375,641740.0
1784658240,29170.728515625,29174.16796875,29166.130859375,29171.875,2346427.0
1784658300,29170.3828125,29170.3828125,29162.421875,29162.421875,708037.0
1784658360,29162.697265625,29163.83984375,29157.048828125,29157.888671875,2127484.0
1784658420,29157.328125,29158.181640625,29148.69921875,29149.7734375,951927.0
1784658480,29149.892578125,29153.205078125,29149.892578125,29152.185546875,2226117.0
1784658540,29153.263671875,29155.767578125,29153.03515625,29154.1015625,832961.0
1784658600,29153.91796875,29158.044921875,29152.79296875,29153.212890625,1141545.0
1784658660,29153.23046875,29153.23046875,29144.54296875,29144.54296875,1390101.0
1784658720,29144.544921875,29144.544921875,29140.12890625,29142.58984375,1615053.0
1784658780,29142.658203125,29145.859375,29142.658203125,29145.859375,1347523.0
1784658840,29148.4609375,29155.1796875,29148.4609375,29150.08203125,1183655.0
1784658900,29148.6328125,29160.77734375,29148.140625,29160.208984375,1938888.0
1784658960,29162.447265625,29163.744140625,29156.75390625,29158.818359375,1408587.0
1784659020,29157.943359375,29160.654296875,29157.603515625,29160.0234375,1486071.0
1784659080,29160.1875,29162.62890625,29158.318359375,29160.798828125,1365186.0
1784659140,29160.068359375,29161.04296875,29158.322265625,29158.69921875,1199715.0
1784659200,29156.7890625,29157.076171875,29149.837890625,29157.076171875,1322816.0
1784659260,29158.177734375,29162.55078125,29157.453125,29161.005859375,1306401.0
1784659320,29160.99609375,29168.25390625,29160.99609375,29168.25390625,1482956.0
1784659380,29168.669921875,29170.5546875,29166.6171875,29170.5546875,1463062.0
1784659440,29171.56640625,29178.71875,29171.56640625,29178.71875,1704036.0
1784659500,29177.857421875,29183.021484375,29177.84765625,29182.302734375,3429559.0
1784659560,29182.70703125,29186.552734375,29179.5234375,29184.21484375,1036049.0
1784659620,29184.4140625,29184.4140625,29172.97265625,29175.97265625,2658576.0
1784659680,29176.474609375,29176.474609375,29167.609375,29169.853515625,1117753.0
1784659740,29170.33203125,29171.84765625,29164.62109375,29170.064453125,3234723.0
1784659800,29170.162109375,29171.775390625,29168.6328125,29168.6328125,899606.0
1784659860,29168.62109375,29170.51953125,29166.7578125,29169.822265625,2135384.0
1784659920,29169.392578125,29170.65625,29166.837890625,29168.02734375,936060.0
1784659980,29166.177734375,29167.25390625,29155.2890625,29158.095703125,2923332.0
1784660040,29158.048828125,29159.078125,29154.78125,29154.78125,940876.0
1784660100,29153.15625,29158.697265625,29153.060546875,29157.470703125,2533434.0
1784660160,29158.427734375,29158.4609375,29148.009765625,29149.48828125,1027590.0
1784660220,29150.40625,29150.50390625,29145.869140625,29147.3671875,2547001.0
1784660280,29147.59765625,29149.669921875,29147.072265625,29149.40625,799790.0
1784660340,29149.619140625,29158.119140625,29149.619140625,29157.310546875,2386221.0
1784660400,29160.390625,29164.720703125,29157.060546875,29158.318359375,903794.0
1784660460,29157.876953125,29157.876953125,29142.859375,29144.259765625,1850885.0
1784660520,29143.642578125,29143.650390625,29139.490234375,29139.876953125,1629304.0
1784660580,29137.35546875,29142.76171875,29137.35546875,29141.017578125,1891312.0
1784660640,29142.4609375,29153.6796875,29142.4609375,29148.05859375,1731921.0
1784660700,29144.091796875,29151.025390625,29140.96875,29146.95703125,1837830.0
1784660760,29147.560546875,29156.18359375,29146.607421875,29155.138671875,1730963.0
1784660820,29154.865234375,29156.599609375,29141.8828125,29141.8828125,1901323.0
1784660880,29141.96875,29142.595703125,29135.923828125,29139.697265625,2035886.0
1784660940,29139.7421875,29146.19921875,29137.900390625,29137.900390625,2971384.0
1784661000,29137.791015625,29141.1484375,29133.005859375,29134.564453125,1511677.0
1784661060,29135.0859375,29138.130859375,29135.0859375,29136.958984375,1633561.0
1784661120,29138.189453125,29146.18359375,29138.189453125,29142.640625,1671583.0
1784661180,29141.34375,29142.853515625,29135.708984375,29135.708984375,1836837.0
1784661240,29135.7265625,29138.283203125,29132.4765625,29135.267578125,1953544.0
1784661300,29131.466796875,29141.365234375,29131.2734375,29135.55078125,3067553.0
1784661360,29135.626953125,29144.533203125,29133.705078125,29144.26953125,3316266.0
1784661420,29144.0703125,29147.33203125,29141.583984375,29143.0234375,1098398.0
1784661480,29143.095703125,29145.66015625,29141.853515625,29142.123046875,3184484.0
1784661540,29142.36328125,29147.94921875,29142.36328125,29144.90625,968175.0
1784661600,29145.138671875,29147.173828125,29139.275390625,29147.173828125,2975510.0
1784661660,29146.693359375,29147.08203125,29136.001953125,29138.099609375,972631.0
1784661720,29138.384765625,29139.822265625,29134.875,29139.822265625,2835286.0
1784661780,29141.865234375,29145.037109375,29140.56640625,29142.30859375,1043966.0
1784661840,29142.251953125,29143.025390625,29139.533203125,29140.8671875,2980893.0
1784661900,29139.72265625,29140.6875,29136.01953125,29136.50390625,1239635.0
1784661960,29135.197265625,29135.197265625,29125.755859375,29132.689453125,3380787.0
1784662020,29134.833984375,29138.83203125,29127.802734375,29127.802734375,952897.0
1784662080,29127.30078125,29130.359375,29124.71484375,29124.71484375,3060931.0
1784662140,29124.474609375,29127.669921875,29120.640625,29120.9140625,1432302.0
1784662200,29127.537109375,29130.271484375,29121.91015625,29126.03515625,3530905.0
1784662260,29127.671875,29136.9140625,29127.671875,29136.9140625,1299601.0
1784662320,29135.74609375,29139.248046875,29135.74609375,29136.703125,2687608.0
1784662380,29137.912109375,29140.357421875,29135.931640625,29136.7109375,2731083.0
1784662440,29137.826171875,29140.322265625,29135.62890625,29139.474609375,2532587.0
1784662500,29136.818359375,29151.705078125,29136.158203125,29151.490234375,2708693.0
1784662560,29151.15234375,29157.44140625,29151.15234375,29154.3671875,2582376.0
1784662620,29154.486328125,29160.099609375,29154.486328125,29160.099609375,2349444.0
1784662680,29156.587890625,29160.525390625,29154.986328125,29157.53515625,2503556.0
1784662740,29156.111328125,29157.9375,29153.4140625,29156.724609375,5127700.0
1784662800,29156.15625,29158.875,29152.740234375,29157.291015625,2721588.0
1784662860,29156.244140625,29158.03515625,29153.05859375,29153.109375,2537654.0
1784662920,29154.46484375,29157.73828125,29153.181640625,29157.73828125,2247944.0
1784662980,29158.33203125,29166.19921875,29156.55859375,29165.923828125,2355737.0
1784663040,29166.998046875,29170.75390625,29162.703125,29167.49609375,2210674.0
1784663100,29166.984375,29170.748046875,29165.984375,29166.595703125,2640437.0
1784663160,29166.373046875,29167.568359375,29164.3515625,29165.7421875,3014002.0
1784663220,29166.2265625,29166.2265625,29157.20703125,29158.310546875,2604554.0
1784663280,29158.64453125,29164.578125,29157.994140625,29159.841796875,2831001.0
1784663340,29161.2109375,29171.341796875,29161.2109375,29171.341796875,4066887.0
1784663400,29149.103515625,29175.232421875,29149.103515625,29164.447265625,3214676.0
1784663460,29167.794921875,29171.91015625,29161.337890625,29164.41015625,8560795.0
1784663520,29164.990234375,29170.57421875,29164.283203125,29166.078125,2439644.0
1784663580,29170.83203125,29170.83203125,29164.18359375,29167.138671875,7981312.0
1784663640,29166.93359375,29181.91015625,29166.93359375,29171.353515625,2941528.0
1784663700,29171.212890625,29176.69140625,29167.87890625,29168.921875,11235972.0
1784663760,29170.25390625,29177.224609375,29167.697265625,29173.48828125,3565562.0
1784663820,29174.734375,29179.0,29173.37109375,29176.56640625,9998781.0
1784663880,29173.001953125,29174.173828125,29168.001953125,29168.1875,3066980.0
1784663940,29164.994140625,29166.603515625,29146.1171875,29146.1171875,10364206.0
1784664000,29155.1796875,29155.1796875,29155.1796875,29155.1796875,0.0
1784664060,29158.5,29164.1,29156.5,29162.4,213.0
1784664120,29162.7,29162.9,29156.4,29161.7,194.0
1784664180,29161.7,29165.4,29159.2,29162.5,193.0
1784664240,29162.0,29165.2,29160.1,29163.9,197.0
1784664300,29164.0,29169.2,29161.5,29168.0,206.0
1784664360,29168.7,29170.0,29164.0,29167.7,194.0
1784664420,29167.7,29170.5,29162.5,29163.2,198.0
1784664480,29163.2,29163.4,29159.1,29161.4,185.0
1784664540,29161.4,29170.4,29161.0,29162.0,207.0
1784664600,29162.0,29165.2,29152.1,29153.1,226.0
1784664660,29153.4,29153.9,29149.0,29153.4,225.0
1784664720,29153.4,29157.4,29149.6,29149.9,221.0
1784664780,29149.6,29158.5,29148.4,29152.1,210.0
1784664840,29152.1,29154.6,29149.0,29150.5,200.0
1784664900,29150.4,29155.0,29148.0,29149.6,224.0
1784664960,29149.7,29155.4,29148.1,29151.9,223.0
1784665020,29152.1,29158.2,29150.6,29154.5,202.0
1784665080,29154.7,29159.9,29153.9,29156.5,200.0
1784665140,29156.6,29158.0,29144.0,29145.9,208.0
1784665200,29145.6,29147.0,29143.6,29146.0,207.0
1784665260,29145.9,29154.7,29140.6,29144.4,201.0
1784665320,29144.4,29150.6,29143.5,29146.1,203.0
1784665380,29146.2,29151.4,29141.9,29143.1,208.0
1784665440,29143.4,29149.5,29142.1,29144.4,189.0
1784665500,29144.9,29151.1,29143.2,29146.5,194.0
1784665560,29146.5,29148.6,29142.4,29144.6,190.0
1784665620,29145.1,29146.5,29142.1,29143.9,189.0
1784665680,29143.9,29144.2,29138.5,29143.1,211.0
1784665740,29143.6,29149.0,29141.4,29148.2,206.0
1784665800,29148.9,29159.5,29148.6,29158.2,230.0
1784665860,29158.4,29166.5,29155.6,29164.6,212.0
1784665920,29164.4,29165.4,29160.4,29163.6,213.0
1784665980,29164.2,29165.1,29152.2,29153.5,218.0
1784666040,29153.6,29155.7,29142.9,29152.4,221.0
1784666100,29152.4,29158.0,29147.7,29158.0,225.0
1784666160,29157.5,29165.7,29157.5,29165.2,221.0
1784666220,29165.4,29165.7,29159.9,29160.6,221.0
1784666280,29160.5,29163.5,29157.9,29161.4,205.0
1784666340,29161.2,29162.9,29157.5,29161.9,209.0
1784666400,29161.9,29162.9,29154.1,29159.0,225.0
1784666460,29159.2,29159.4,29153.4,29153.9,183.0
1784666520,29153.6,29156.1,29149.7,29151.9,201.0
1784666580,29151.7,29157.2,29149.7,29156.0,207.0
1784666640,29156.2,29159.0,29152.7,29156.5,201.0
1784666700,29156.7,29160.5,29148.7,29149.5,225.0
1784666760,29149.5,29159.7,29148.7,29152.7,209.0
1784666820,29153.0,29164.2,29152.7,29160.6,207.0
1784666880,29160.5,29163.5,29160.0,29161.5,180.0
1784666940,29161.5,29172.6,29161.5,29172.1,205.0
1784667000,29171.7,29177.7,29171.7,29176.0,220.0
1784667060,29176.0,29176.4,29168.9,29170.7,206.0
1784667120,29170.6,29170.6,29163.6,29166.7,205.0
1784667180,29166.7,29167.6,29163.2,29163.7,181.0
1784667240,29163.7,29165.6,29158.5,29159.7,208.0
1784667300,29159.7,29163.0,29157.0,29157.4,191.0
1784667360,29157.4,29160.2,29153.6,29157.4,188.0
1784667420,29157.4,29160.5,29153.7,29155.7,219.0
1784667480,29155.9,29156.2,29148.1,29153.6,212.0
1784667540,29153.7,29158.4,29151.7,29156.7,203.0
1784667600,29156.7,29170.1,29153.7,29164.0,221.0
1784667660,29163.9,29169.9,29158.4,29161.2,211.0
1784667720,29161.2,29166.1,29156.6,29161.4,213.0
1784667780,29161.5,29163.0,29155.1,29156.4,204.0
1784667840,29156.4,29164.6,29156.4,29158.6,180.0
1784667900,29158.1,29167.6,29157.1,29164.9,204.0
1784667960,29165.0,29171.1,29162.2,29169.2,201.0
1784668020,29169.4,29172.1,29168.2,29168.9,201.0
1784668080,29169.4,29176.7,29169.4,29170.0,210.0
1784668140,29170.0,29170.1,29165.2,29166.1,188.0
1784668200,29166.0,29167.1,29159.6,29165.6,199.0
1784668260,29166.2,29166.7,29160.6,29166.2,208.0
1784668320,29166.2,29167.6,29159.0,29159.5,193.0
1784668380,29159.1,29163.2,29156.2,29161.5,213.0
1784668440,29161.4,29161.9,29153.0,29153.0,197.0
1784668500,29153.0,29158.0,29153.0,29154.0,195.0
1784668560,29154.1,29156.6,29150.9,29152.2,200.0
1784668620,29152.0,29157.5,29152.0,29155.9,188.0
1784668680,29156.1,29157.4,29150.9,29152.5,190.0
1784668740,29152.5,29154.9,29149.6,29154.2,182.0
1784668800,29154.4,29155.0,29146.9,29149.4,195.0
1784668860,29149.5,29150.5,29146.0,29148.9,203.0
1784668920,29149.0,29158.1,29148.4,29155.5,202.0
1784668980,29155.6,29158.2,29152.0,29156.4,185.0
1784669040,29156.2,29159.7,29150.2,29155.6,198.0
1784669100,29155.1,29155.1,29147.4,29148.7,170.0
1784669160,29148.6,29149.0,29141.1,29141.5,191.0
1784669220,29141.2,29144.4,29135.1,29137.2,200.0
1784669280,29137.0,29140.9,29136.4,29138.5,211.0
1784669340,29138.5,29142.7,29138.5,29140.5,185.0
1784669400,29140.7,29144.5,29138.2,29138.7,202.0
1784669460,29139.0,29139.5,29128.5,29130.6,209.0
1784669520,29130.2,29131.2,29126.1,29129.7,205.0
1784669580,29129.7,29132.7,29128.2,29132.4,182.0
1784669640,29132.4,29142.0,29131.5,29131.6,212.0
1784669700,29131.6,29148.0,29131.6,29148.0,200.0
1784669760,29148.0,29150.9,29141.7,29144.0,201.0
1784669820,29144.1,29147.0,29142.4,29145.5,187.0
1784669880,29145.5,29150.5,29143.0,29145.7,202.0
1784669940,29145.5,29147.0,29142.4,29142.4,181.0
1784670000,29142.7,29143.7,29134.6,29143.4,207.0
1784670060,29143.0,29148.0,29141.5,29144.9,209.0
1784670120,29144.9,29156.7,29144.9,29154.0,201.0
1784670180,29154.1,29159.2,29150.5,29159.2,193.0
1784670240,29158.7,29164.0,29157.7,29163.0,193.0
1784670300,29163.2,29169.0,29162.7,29167.5,191.0
1784670360,29167.7,29170.7,29163.7,29169.0,174.0
1784670420,29168.7,29169.0,29157.2,29161.5,196.0
1784670480,29161.2,29162.7,29154.2,29156.0,185.0
1784670540,29156.1,29158.2,29149.6,29155.0,199.0
1784670600,29155.0,29157.7,29153.0,29153.0,205.0
1784670660,29153.0,29155.0,29150.5,29152.5,178.0
1784670720,29152.5,29156.1,29151.6,29153.0,192.0
1784670780,29152.9,29153.1,29141.1,29144.6,216.0
1784670840,29144.5,29145.5,29138.7,29138.7,178.0
1784670900,29139.0,29147.5,29138.0,29143.5,214.0
1784670960,29143.2,29145.4,29132.2,29137.1,221.0
1784671020,29137.5,29138.0,29132.4,29133.7,181.0
1784671080,29133.9,29136.0,29132.1,29135.2,178.0
1784671140,29135.4,29143.9,29134.9,29143.4,197.0
1784671200,29144.2,29150.4,29140.2,29145.0,233.0
1784671260,29145.0,29145.0,29128.5,29131.2,205.0
1784671320,29131.4,29133.2,29128.6,29129.5,207.0
1784671380,29129.4,29131.6,29126.9,29130.7,215.0
1784671440,29130.5,29141.5,29130.5,29133.9,202.0
1784671500,29133.5,29139.2,29125.9,29134.7,224.0
1784671560,29134.7,29142.1,29133.0,29138.9,223.0
1784671620,29138.7,29141.9,29128.6,29130.1,224.0
1784671680,29130.2,29131.6,29121.6,29128.4,225.0
1784671740,29128.4,29134.4,29124.7,29125.6,205.0
1784671800,29125.6,29130.1,29120.4,29122.6,215.0
1784671860,29122.7,29128.9,29122.4,29127.6,206.0
1784671920,29127.5,29134.1,29124.2,29128.4,204.0
1784671980,29128.7,29129.6,29124.4,29125.0,204.0
1784672040,29125.6,29128.6,29121.4,29125.5,199.0
1784672100,29124.4,29131.7,29120.4,29125.9,219.0
1784672160,29125.9,29132.4,29122.4,29132.4,211.0
1784672220,29132.1,29135.5,29126.9,29129.9,220.0
1784672280,29129.9,29133.0,29128.4,29128.9,197.0
1784672340,29129.4,29135.1,29129.1,29132.1,195.0
1784672400,29131.7,29134.6,29126.1,29132.9,210.0
1784672460,29133.0,29134.2,29122.6,29124.6,205.0
1784672520,29124.4,29128.0,29122.1,29127.1,185.0
1784672580,29127.5,29131.2,29125.2,29127.4,196.0
1784672640,29127.4,29128.9,29124.1,29125.4,209.0
1784672700,29125.0,29127.4,29121.7,29122.9,209.0
1784672760,29122.5,29122.7,29114.2,29120.4,226.0
1784672820,29120.2,29128.0,29114.7,29115.2,233.0
1784672880,29115.0,29119.0,29112.9,29113.0,200.0
1784672940,29112.7,29117.0,29106.2,29108.9,222.0
1784673000,29108.7,29117.4,29106.7,29114.1,249.0
1784673060,29115.4,29122.4,29112.9,29121.0,218.0
1784673120,29120.9,29126.4,29120.4,29122.9,228.0
1784673180,29122.9,29126.1,29120.2,29122.6,214.0
1784673240,29122.5,29124.7,29120.5,29121.4,204.0
1784673300,29121.4,29138.5,29120.0,29137.0,231.0
1784673360,29136.7,29144.0,29135.9,29138.9,222.0
1784673420,29138.9,29145.4,29138.7,29144.6,223.0
1784673480,29144.0,29146.4,29139.9,29140.0,219.0
1784673540,29140.1,29142.4,29137.0,29140.4,214.0
1784673600,29140.4,29143.1,29136.0,29139.7,226.0
1784673660,29139.6,29142.1,29136.1,29137.9,207.0
1784673720,29137.7,29143.2,29136.0,29142.0,193.0
1784673780,29141.9,29152.6,29140.4,29152.0,215.0
1784673840,29152.6,29155.5,29148.5,29153.1,221.0
1784673900,29151.2,29155.5,29149.0,29150.6,232.0
1784673960,29150.5,29152.6,29147.7,29150.2,215.0
1784674020,29149.9,29150.9,29141.1,29142.5,214.0
1784674080,29142.2,29149.7,29141.4,29145.5,210.0
1784674140,29145.1,29155.6,29145.1,29155.0,203.0
1784674200,29154.5,29159.9,29131.0,29149.6,243.0
1784674260,29149.9,29155.9,29144.2,29147.7,241.0
1784674320,29147.5,29155.1,29147.2,29148.9,228.0
1784674380,29149.4,29155.5,29146.4,29149.2,227.0
1784674440,29150.5,29164.6,29147.7,29153.0,234.0
1784674500,29153.4,29159.9,29149.5,29150.9,255.0
1784674560,29151.0,29160.6,29148.7,29156.1,238.0
1784674620,29156.4,29161.7,29156.0,29159.9,204.0
1784674680,29159.1,29159.1,29150.7,29151.0,221.0
1784674740,29150.6,29150.6,29116.0,29126.2,262.0
1784674800,29127.5,29131.5,29107.0,29114.6,267.0
1784674860,29114.1,29121.0,29111.4,29117.4,209.0
1784674920,29117.6,29117.9,29106.2,29109.9,215.0
1784675520,29110.6,29119.9,29110.6,29118.9,134.0
1784675580,29119.0,29123.7,29118.7,29119.2,142.0
1784675640,29119.0,29123.0,29118.2,29121.5,138.0
1784675700,29118.9,29118.9,29111.1,29112.4,154.0
1784675760,29112.4,29112.6,29109.6,29111.6,126.0
1784675820,29111.6,29113.2,29109.6,29111.4,102.0
1784675880,29111.4,29111.4,29098.9,29101.0,144.0
1784675940,29101.9,29107.4,29100.9,29105.1,117.0
1784676000,29105.1,29107.5,29104.0,29106.7,112.0
1784676060,29107.1,29107.4,29103.6,29104.7,77.0
1784676120,29104.7,29105.9,29102.0,29102.1,81.0
1784676180,29102.1,29105.4,29102.1,29103.7,100.0
1784676240,29103.7,29105.5,29103.5,29104.5,82.0
1784676300,29104.5,29108.6,29103.6,29104.4,104.0
1784676360,29104.4,29106.6,29102.2,29102.9,112.0
1784676420,29102.9,29106.9,29102.9,29106.6,91.0
1784676480,29106.6,29108.1,29104.7,29106.1,97.0
1784676540,29106.0,29108.6,29105.6,29107.9,75.0
1784676600,29107.7,29113.7,29107.7,29113.1,92.0
1784676660,29113.6,29114.1,29110.1,29113.5,74.0
1784676720,29113.6,29116.1,29113.0,29114.4,96.0
1784676780,29114.5,29114.6,29112.2,29114.4,88.0
1784676840,29114.4,29114.7,29113.6,29114.6,77.0
1784676900,29114.6,29115.5,29111.1,29111.1,112.0
1784676960,29110.9,29116.9,29110.6,29115.9,80.0
1784677020,29115.6,29116.0,29113.0,29113.9,67.0
1784677080,29113.9,29117.2,29113.6,29115.7,67.0
1784677140,29116.1,29116.5,29114.6,29114.6,83.0
1784677200,29114.4,29115.1,29112.6,29115.0,67.0
1784677260,29115.0,29115.1,29109.4,29111.1,89.0
1784677320,29111.1,29112.0,29108.0,29108.0,107.0
1784677380,29107.7,29108.6,29105.1,29107.1,88.0
1784677440,29107.1,29109.4,29107.1,29107.9,87.0
1784677500,29108.0,29109.6,29103.4,29107.4,90.0
1784677560,29107.4,29107.4,29104.0,29105.4,90.0
1784677620,29105.5,29106.7,29104.0,29104.4,106.0
1784677680,29104.2,29104.7,29100.4,29101.6,97.0
1784677740,29101.6,29101.6,29094.4,29097.7,116.0
1784677800,29098.1,29099.2,29096.6,29096.9,119.0
1784677860,29096.7,29100.9,29096.6,29100.5,78.0
1784677920,29100.5,29101.7,29098.4,29099.5,62.0
1784677980,29099.2,29102.4,29099.0,29102.4,51.0
1784678040,29102.4,29104.1,29096.9,29099.2,79.0
1784678100,29099.2,29101.9,29098.1,29100.9,69.0
1784678160,29100.4,29101.5,29094.6,29101.2,78.0
1784678220,29101.1,29102.7,29097.4,29097.9,66.0
1784678280,29097.6,29102.9,29097.1,29100.9,59.0
1784682000,29122.1,29122.1,29109.8,29116.5,157.0
1784682060,29116.5,29121.3,29110.1,29112.7,135.0
1784682120,29113.0,29116.7,29110.2,29112.6,82.0
1784682180,29112.6,29112.7,29104.7,29109.0,129.0
1784682240,29108.8,29118.2,29104.7,29111.1,102.0
1784682300,29111.1,29114.8,29105.0,29106.1,113.0
1784682360,29105.7,29108.8,29102.7,29102.7,106.0
1784682420,29102.7,29110.5,29099.3,29110.1,119.0
1784682480,29110.1,29113.7,29107.5,29110.2,105.0
1784682540,29110.3,29112.0,29103.3,29107.5,130.0
1784682600,29107.2,29108.6,29103.3,29104.6,100.0
1784682660,29104.6,29107.0,29101.5,29103.2,107.0
1784682720,29103.1,29107.8,29101.7,29107.5,85.0
1784682780,29107.5,29109.8,29105.6,29109.5,113.0
1784682840,29109.3,29116.6,29108.0,29116.3,129.0
1784682900,29116.3,29120.5,29115.5,29117.2,133.0
1784682960,29117.2,29120.6,29116.2,29118.0,95.0
1784683020,29118.0,29118.8,29116.5,29117.2,99.0
1784683080,29117.2,29118.1,29113.0,29116.0,92.0
1784683140,29116.1,29118.1,29114.3,29117.5,92.0
1784683200,29117.5,29120.1,29114.5,29120.1,78.0
1784683260,29120.1,29120.6,29117.1,29117.6,76.0
1784683320,29117.6,29119.7,29117.1,29117.3,61.0
1784683380,29117.3,29120.3,29117.3,29119.6,46.0
1784683440,29119.5,29119.6,29092.7,29092.7,122.0
1784683500,29092.8,29097.1,29090.1,29095.7,121.0
1784683560,29095.7,29099.3,29093.2,29095.2,92.0
1784683620,29095.2,29097.6,29094.0,29095.5,87.0
1784683680,29095.5,29096.5,29089.5,29089.5,99.0
1784683740,29089.5,29090.7,29084.2,29089.2,105.0
1784683800,29089.1,29091.8,29076.7,29082.6,120.0
1784683860,29082.6,29090.0,29082.1,29088.3,119.0
1784683920,29088.7,29092.7,29086.0,29092.2,87.0
1784683980,29092.2,29093.8,29088.3,29089.5,69.0
1784684040,29089.6,29099.0,29089.2,29096.2,76.0
1784684100,29096.2,29100.3,29090.6,29093.2,102.0
1784684160,29093.2,29094.7,29091.7,29093.7,57.0
1784684220,29093.7,29097.7,29093.3,29095.7,87.0
1784684280,29095.7,29098.0,29095.0,29097.7,52.0
1784684340,29097.7,29098.3,29093.6,29093.6,85.0
1784684400,29093.6,29099.1,29093.1,29097.3,77.0
1784684460,29097.3,29098.0,29093.0,29097.1,76.0
1784684520,29097.1,29097.7,29090.2,29095.0,84.0
1784684580,29094.8,29095.2,29090.2,29092.3,53.0
1784684640,29092.5,29093.0,29087.5,29088.6,52.0
1784684700,29088.6,29088.6,29074.6,29075.3,148.0
1784684760,29075.5,29076.1,29073.3,29075.2,113.0
1784684820,29075.8,29076.7,29074.0,29074.5,102.0
1784684880,29074.5,29078.5,29071.8,29077.1,111.0
1784684940,29077.1,29080.0,29076.1,29077.6,86.0
1784685000,29077.7,29079.2,29077.5,29079.0,89.0
1784685060,29078.8,29081.0,29078.2,29080.0,107.0
1784685120,29079.8,29080.1,29077.2,29080.1,94.0
1784685180,29080.1,29081.6,29077.6,29078.5,71.0
1784685240,29078.7,29083.0,29075.2,29082.8,92.0
1784685300,29082.8,29088.8,29079.8,29080.2,138.0
1784685360,29079.3,29089.8,29077.1,29089.5,104.0
1784685420,29089.6,29094.3,29089.6,29094.1,95.0
1784685480,29094.2,29094.2,29090.8,29092.1,96.0
1784685540,29092.1,29093.0,29090.3,29092.8,79.0
1784685600,29092.1,29092.7,29084.7,29086.2,111.0
1784685660,29086.1,29087.5,29080.2,29084.0,127.0
1784685720,29085.0,29091.2,29085.0,29089.0,99.0
1784685780,29089.0,29090.6,29085.8,29090.3,71.0
1784685840,29090.2,29093.1,29089.2,29090.0,94.0
1784685900,29090.0,29090.0,29082.1,29083.1,115.0
1784685960,29083.1,29089.6,29083.1,29089.0,65.0
1784686020,29089.0,29090.2,29085.3,29088.0,84.0
1784686080,29088.0,29089.7,29086.7,29088.7,64.0
1784686140,29088.7,29090.3,29087.0,29089.5,76.0
1784686200,29089.5,29091.0,29086.7,29088.2,69.0
1784686260,29088.2,29098.6,29088.2,29097.2,112.0
1784686320,29097.2,29104.3,29095.6,29101.8,105.0
1784686380,29102.0,29102.2,29097.6,29098.5,101.0
1784686440,29098.5,29101.5,29095.6,29101.0,94.0
1784686500,29101.0,29102.6,29097.2,29098.1,84.0
1784686560,29098.1,29103.5,29098.1,29099.5,75.0
1784686620,29099.5,29100.1,29091.5,29099.2,83.0
1784686680,29099.5,29111.5,29099.5,29110.3,141.0
1784686740,29110.3,29122.2,29109.5,29119.7,143.0
1784686800,29119.2,29119.2,29106.7,29110.0,119.0
1784686860,29110.0,29112.0,29109.2,29112.0,88.0
1784686920,29112.0,29112.8,29109.5,29111.5,68.0
1784686980,29111.5,29113.8,29109.5,29110.0,68.0
1784687040,29110.0,29111.0,29103.1,29106.3,91.0
1784687100,29106.3,29106.3,29104.0,29106.2,93.0
1784687160,29106.3,29107.6,29104.5,29106.5,74.0
1784687220,29106.6,29111.0,29106.5,29111.0,90.0
1784687280,29111.3,29115.1,29108.5,29114.3,91.0
1784687340,29114.3,29117.2,29114.3,29114.8,86.0
1784687400,29114.7,29114.7,29110.6,29113.7,88.0
1784687460,29113.7,29116.5,29110.6,29115.2,85.0
1784687520,29115.2,29122.7,29114.5,29122.0,111.0
1784687580,29121.8,29122.2,29117.2,29119.5,87.0
1784687640,29119.5,29119.5,29114.2,29114.8,80.0
1784687700,29114.8,29114.8,29103.6,29106.1,118.0
1784687760,29106.1,29114.1,29106.1,29111.0,120.0
1784687820,29111.1,29111.1,29106.3,29106.5,64.0
1784687880,29106.7,29109.3,29105.6,29105.7,66.0
1784687940,29105.7,29105.7,29101.6,29104.7,84.0
1784688000,29104.7,29108.0,29104.3,29106.3,95.0
1784688060,29106.3,29107.5,29092.3,29093.8,114.0
1784688120,29094.1,29100.0,29092.3,29097.2,123.0
1784688180,29097.2,29097.8,29095.7,29097.3,89.0
1784688240,29097.3,29099.7,29094.8,29098.6,135.0
1784688300,29098.5,29107.5,29095.2,29103.3,218.0
1784688360,29103.1,29112.2,29101.2,29106.7,205.0
1784688420,29107.0,29110.8,29102.7,29107.2,186.0
1784688480,29107.2,29111.2,29105.7,29108.6,173.0
1784688540,29108.7,29113.0,29108.5,29111.6,154.0
1784688600,29111.5,29120.0,29107.6,29118.2,176.0
1784688660,29118.7,29120.1,29104.0,29104.8,167.0
1784688720,29105.2,29108.1,29097.6,29097.6,178.0
1784688780,29097.6,29098.7,29089.2,29098.1,181.0
1784688840,29098.1,29099.7,29093.7,29098.6,163.0
1784688900,29098.2,29112.6,29098.1,29106.8,167.0
1784688960,29106.8,29112.5,29105.3,29110.8,125.0
1784689020,29111.6,29113.2,29107.2,29109.7,145.0
1784689080,29109.7,29117.2,29109.7,29115.2,179.0
1784689140,29115.2,29121.7,29114.7,29116.7,202.0
1784689200,29120.6,29125.5,29105.5,29112.8,257.0
1784689260,29111.5,29131.2,29111.1,29131.1,253.0
1784689320,29130.5,29137.5,29125.0,29137.5,252.0
1784689380,29137.1,29140.2,29130.5,29138.5,225.0
1784689440,29138.3,29143.0,29136.3,29142.1,220.0
1784689500,29141.8,29144.5,29134.5,29139.2,246.0
1784689560,29139.0,29152.3,29133.6,29143.2,231.0
1784689680,29151.3,29153.0,29134.7,29139.3,222.0
1784689740,29139.3,29150.7,29131.7,29146.7,225.0
1784689800,29145.8,29145.8,29127.7,29140.8,247.0
1784689860,29141.6,29155.2,29141.2,29147.3,226.0
1784689920,29147.3,29151.6,29145.2,29147.8,245.0
1784689980,29147.7,29151.6,29142.2,29150.1,187.0
1784690040,29150.1,29152.8,29144.8,29147.2,191.0
1784690100,29147.1,29148.8,29140.7,29141.7,231.0
1784690160,29141.7,29144.1,29128.3,29133.1,222.0
1784690220,29132.7,29138.8,29127.7,29132.0,242.0
1784690280,29132.0,29133.7,29124.5,29127.7,228.0
1784690340,29127.8,29143.1,29127.0,29142.8,201.0
1784690400,29142.7,29146.3,29135.2,29136.3,237.0
1784690460,29136.7,29145.1,29135.5,29136.6,222.0
1784690520,29136.6,29137.2,29123.8,29133.7,224.0
1784690580,29133.1,29133.1,29119.3,29126.8,235.0
1784690640,29127.0,29141.2,29124.3,29128.0,231.0
1784690700,29127.5,29135.1,29125.0,29132.7,226.0
1784690760,29132.5,29135.0,29115.8,29115.8,226.0
1784690820,29115.0,29117.3,29110.0,29112.5,237.0
1784690880,29112.0,29118.2,29110.1,29114.6,234.0
1784690940,29115.0,29118.5,29109.8,29118.3,213.0
1784691000,29118.2,29122.8,29114.5,29117.6,234.0
1784691060,29118.1,29123.8,29109.2,29109.6,239.0
1784691120,29109.3,29109.7,29091.2,29101.3,233.0
1784691180,29101.3,29111.7,29100.5,29111.7,233.0
1784691240,29111.7,29113.6,29104.6,29104.6,221.0
1784691300,29104.5,29108.0,29095.1,29095.8,235.0
1784691360,29095.5,29106.7,29092.2,29099.5,226.0
1784691420,29099.5,29109.1,29094.5,29101.7,232.0
1784691480,29101.1,29109.0,29098.7,29108.7,240.0
1784691540,29108.5,29112.0,29103.6,29109.3,204.0
1784691600,29109.5,29114.2,29101.6,29111.5,232.0
1784691660,29111.1,29116.1,29109.7,29113.5,183.0
1784691720,29113.3,29115.8,29109.8,29115.6,209.0
1784691780,29115.6,29115.6,29100.1,29100.8,208.0
1784691840,29101.3,29105.6,29098.6,29102.8,199.0
1784691900,29102.7,29105.5,29091.7,29091.7,225.0
1784691960,29091.8,29097.2,29081.2,29087.2,219.0
1784692020,29087.5,29088.0,29080.7,29084.0,192.0
1784692080,29085.0,29092.1,29079.1,29089.0,201.0
1784692140,29088.8,29100.0,29086.7,29099.6,210.0
1784692200,29099.7,29100.6,29093.0,29094.1,218.0
1784692260,29094.0,29102.0,29092.0,29093.8,227.0
1784692320,29093.5,29096.5,29088.2,29089.3,191.0
1784692380,29089.3,29090.8,29084.2,29088.8,193.0
1784692440,29088.7,29090.6,29083.6,29086.2,206.0
1784692500,29086.5,29091.7,29078.3,29091.7,212.0
1784692560,29091.8,29100.8,29089.7,29098.6,206.0
1784692620,29098.6,29105.6,29092.5,29103.7,209.0
1784692680,29103.7,29107.5,29100.5,29107.5,206.0
1784692740,29107.5,29111.2,29105.2,29107.3,201.0
1784692800,29107.3,29112.6,29075.2,29075.2,263.0
1784692860,29076.2,29079.3,29059.3,29059.5,261.0
1784692920,29059.5,29064.3,29053.0,29064.3,224.0
1784692980,29064.3,29065.5,29057.5,29060.8,245.0
1784693040,29061.2,29066.8,29058.2,29061.0,240.0
1784693100,29061.0,29067.6,29059.1,29061.0,216.0
1784693160,29060.7,29065.0,29053.8,29061.3,233.0
1784693220,29061.2,29069.2,29060.7,29068.8,196.0
1784693280,29068.5,29068.5,29062.3,29062.3,188.0
1784693340,29062.5,29063.2,29057.1,29061.6,214.0
1784693400,29061.7,29065.7,29060.1,29062.5,205.0
1784693460,29062.6,29065.7,29056.7,29057.5,182.0
1784693520,29057.6,29074.1,29057.0,29074.1,183.0
1784693580,29074.1,29079.5,29072.2,29077.7,202.0
1784693640,29077.3,29077.3,29070.1,29075.2,198.0
1784693700,29075.2,29081.7,29074.7,29081.7,207.0
1784693760,29081.6,29088.7,29079.2,29082.6,219.0
1784693820,29082.6,29086.7,29079.6,29085.1,203.0
1784693880,29085.1,29089.8,29084.0,29085.5,166.0
1784693940,29085.2,29086.8,29081.1,29083.2,196.0
1784694000,29083.1,29083.1,29075.3,29076.0,177.0
1784694060,29076.0,29081.3,29067.8,29080.8,208.0
1784694120,29080.8,29085.1,29077.0,29079.1,197.0
1784694180,29079.2,29079.7,29066.6,29067.5,222.0
1784694240,29067.8,29069.1,29058.5,29060.7,220.0
1784694300,29061.1,29068.8,29059.2,29068.1,197.0
1784694360,29068.2,29079.5,29067.1,29078.0,198.0
1784694420,29078.3,29081.7,29074.8,29075.6,198.0
1784694480,29075.6,29077.8,29065.6,29067.8,192.0
1784694540,29068.2,29070.6,29063.8,29065.1,200.0
1784694600,29066.0,29066.5,29052.3,29057.8,235.0
1784694660,29058.0,29064.5,29051.3,29054.0,221.0
1784694720,29053.8,29061.8,29052.1,29060.3,230.0
1784694780,29060.5,29068.2,29058.1,29061.5,212.0
1784694840,29061.5,29064.1,29059.2,29063.1,161.0
1784694900,29063.5,29064.5,29058.8,29059.5,212.0
1784694960,29059.8,29071.8,29059.5,29069.8,197.0
1784695020,29070.1,29075.3,29069.5,29071.3,204.0
1784695080,29071.3,29074.3,29066.3,29073.5,187.0
1784695140,29073.7,29073.7,29068.1,29071.5,196.0
1784695200,29071.5,29079.8,29070.3,29075.8,199.0
1784695260,29075.6,29076.1,29065.7,29066.6,206.0
1784695320,29066.6,29074.5,29059.5,29060.1,203.0
1784695380,29060.0,29075.5,29059.1,29073.0,225.0
1784695440,29072.2,29074.1,29064.3,29073.6,206.0
1784695500,29073.6,29084.0,29069.6,29083.2,213.0
1784695560,29083.6,29095.6,29083.5,29094.3,186.0
1784695620,29094.2,29099.6,29091.8,29099.5,205.0
1784695680,29099.6,29105.8,29097.6,29102.2,203.0
1784695740,29102.1,29106.3,29099.6,29106.3,170.0
1784695800,29106.6,29108.2,29101.2,29102.8,184.0
1784695860,29102.8,29114.7,29102.3,29113.5,172.0
1784695920,29113.3,29124.1,29110.7,29121.8,195.0
1784695980,29121.8,29122.6,29116.6,29117.3,180.0
1784696040,29117.3,29123.7,29116.5,29119.8,191.0
1784696100,29119.8,29121.2,29115.0,29118.3,170.0
1784696160,29118.5,29118.6,29112.3,29114.1,165.0
1784696220,29114.0,29114.7,29109.1,29109.7,167.0
1784696280,29109.3,29112.1,29100.7,29100.7,156.0
1784696340,29101.1,29101.2,29094.5,29095.5,186.0
1784696400,29095.6,29103.0,29080.7,29081.3,225.0
1784696460,29081.3,29085.1,29066.1,29077.3,222.0
1784696520,29075.0,29077.8,29069.2,29074.7,220.0
1784696580,29075.3,29085.5,29074.7,29080.7,212.0
1784696640,29080.7,29087.1,29080.3,29081.3,204.0
1784696700,29081.6,29088.5,29067.8,29069.2,215.0
1784696760,29069.7,29077.5,29065.6,29066.1,206.0
1784696820,29066.2,29068.2,29063.2,29066.5,196.0
1784696880,29066.3,29067.2,29058.5,29058.5,206.0
1784696940,29058.5,29067.8,29057.2,29065.3,192.0
1784697000,29065.0,29071.3,29062.1,29067.0,193.0
1784697060,29067.1,29071.0,29064.1,29070.2,174.0
1784697120,29070.5,29077.2,29066.3,29076.7,220.0
1784697180,29076.8,29082.7,29074.5,29080.3,197.0
1784697240,29080.0,29081.8,29072.6,29080.2,201.0
1784697300,29080.3,29086.8,29074.7,29078.0,214.0
1784697360,29078.1,29082.6,29074.7,29082.6,182.0
1784697420,29083.1,29084.3,29074.8,29076.1,187.0
1784697480,29075.7,29084.0,29074.5,29081.1,195.0
1784697540,29082.2,29083.0,29074.5,29078.0,193.0
1784697600,29078.1,29082.2,29072.6,29078.2,197.0
1784697660,29078.2,29081.7,29072.6,29077.5,209.0
1784697720,29077.5,29084.1,29076.2,29081.1,189.0
1784697780,29081.2,29085.2,29080.7,29081.6,190.0
1784697840,29081.6,29084.5,29079.2,29082.1,164.0
1784697900,29082.1,29083.7,29069.6,29075.3,192.0
1784697960,29075.3,29080.1,29073.1,29077.0,204.0
1784698020,29076.8,29092.7,29075.1,29092.7,195.0
1784698080,29092.6,29099.2,29090.2,29099.2,176.0
1784698140,29099.6,29102.7,29095.0,29095.0,167.0
1784698200,29094.8,29095.6,29079.2,29081.3,227.0
1784698260,29081.0,29088.6,29074.8,29087.6,224.0
1784698320,29087.3,29094.1,29077.0,29081.8,212.0
1784698380,29081.6,29081.8,29073.1,29073.6,197.0
1784698440,29074.0,29075.8,29070.0,29073.5,192.0
1784698500,29073.0,29076.1,29068.2,29069.6,203.0
1784698560,29069.6,29072.0,29065.6,29068.7,209.0
1784698620,29067.5,29071.5,29062.3,29062.3,176.0
1784698680,29062.3,29069.0,29062.3,29066.1,196.0
1784698740,29066.0,29068.5,29062.3,29062.6,186.0
1784698800,29063.3,29076.6,29062.3,29074.8,200.0
1784698860,29075.0,29083.6,29075.0,29079.0,199.0
1784698920,29079.1,29081.2,29072.8,29074.6,183.0
1784698980,29073.6,29074.7,29069.6,29071.7,192.0
1784699040,29071.5,29072.7,29067.8,29071.8,154.0
1784699100,29071.8,29073.1,29065.0,29066.5,175.0
1784699160,29066.1,29076.6,29065.7,29076.3,202.0
1784699220,29076.1,29082.6,29074.1,29081.8,172.0
1784699280,29082.0,29082.6,29074.3,29074.6,178.0
1784699340,29074.6,29080.2,29072.0,29080.0,191.0
1784699400,29080.0,29080.3,29074.1,29075.8,159.0
1784699460,29075.8,29076.1,29070.1,29070.7,165.0
1784699520,29070.7,29071.5,29065.5,29067.6,154.0
1784699580,29067.6,29070.8,29064.2,29069.3,193.0
1784699640,29069.3,29073.8,29068.6,29071.5,148.0
1784699700,29071.6,29073.3,29061.0,29061.5,183.0
1784699760,29061.5,29061.7,29055.5,29057.1,165.0
1784699820,29056.7,29060.2,29052.8,29054.2,160.0
1784699880,29054.2,29055.8,29048.2,29051.7,172.0
1784699940,29052.2,29058.2,29049.7,29058.1,167.0
1784700000,29058.0,29059.5,29047.2,29048.3,227.0
1784700060,29049.5,29054.1,29046.7,29054.1,176.0
1784700120,29054.1,29056.6,29050.3,29051.8,191.0
1784700180,29052.0,29054.6,29047.0,29051.7,197.0
1784700240,29051.7,29056.8,29048.6,29053.6,203.0
1784700300,29053.6,29057.7,29049.7,29055.3,197.0
1784700360,29055.5,29062.8,29053.6,29062.8,212.0
1784700420,29063.0,29063.0,29045.2,29047.1,192.0
1784700480,29046.0,29050.5,29045.3,29047.0,176.0
1784700540,29047.1,29049.5,29034.1,29035.2,159.0
1784700600,29035.2,29038.3,29034.2,29035.6,157.0
1784700660,29035.6,29036.2,29031.1,29032.5,165.0
1784700720,29032.6,29036.0,29029.2,29030.6,178.0
1784700780,29030.6,29038.6,29029.1,29038.6,158.0
1784700840,29038.2,29038.7,29030.0,29032.8,134.0
1784700900,29032.7,29039.6,29030.7,29038.1,192.0
1784700960,29038.1,29046.3,29037.5,29042.8,210.0
1784701020,29042.5,29045.1,29035.6,29037.8,173.0
1784701080,29037.8,29038.6,29034.2,29034.3,168.0
1784701140,29034.3,29039.8,29032.2,29035.5,176.0
1784701200,29035.6,29041.6,29035.3,29041.1,153.0
1784701260,29041.3,29045.7,29038.1,29040.6,188.0
1784701320,29040.6,29049.7,29040.6,29048.8,173.0
1784701380,29047.8,29067.7,29047.8,29065.3,193.0
1784701440,29065.1,29069.6,29063.8,29067.8,193.0
1784701500,29067.7,29074.2,29065.8,29073.2,201.0
1784701560,29072.8,29077.6,29072.8,29077.1,176.0
1784701620,29077.1,29077.6,29071.5,29075.0,175.0
1784701680,29075.0,29078.2,29073.3,29076.2,177.0
1784701740,29076.1,29080.5,29072.8,29080.5,178.0
1784701800,29080.2,29086.0,29071.0,29071.0,235.0
1784701860,29071.2,29073.3,29058.6,29062.8,198.0
1784701920,29062.3,29062.3,29048.6,29049.0,210.0
1784701980,29049.0,29049.5,29041.1,29045.2,210.0
1784702040,29045.3,29047.0,29038.6,29045.0,212.0
1784702100,29045.0,29049.1,29040.5,29044.8,229.0
1784702160,29045.0,29049.1,29042.8,29042.8,195.0
1784702220,29043.5,29050.8,29037.6,29046.1,211.0
1784702280,29046.1,29047.6,29043.0,29047.5,193.0
1784702340,29048.1,29050.1,29044.8,29046.8,178.0
1784702400,29046.8,29049.7,29044.6,29046.3,198.0
1784702460,29046.3,29054.3,29043.5,29046.3,215.0
1784702520,29046.3,29046.8,29036.5,29039.5,170.0
1784702580,29039.2,29048.1,29037.0,29042.5,182.0
1784702640,29042.3,29046.5,29040.3,29042.0,168.0
1784702700,29042.0,29056.1,29042.0,29054.8,171.0
1784702760,29054.8,29058.0,29052.7,29054.1,163.0
1784702820,29054.1,29059.8,29053.0,29058.3,185.0
1784702880,29058.3,29060.3,29055.6,29057.5,146.0
1784702940,29057.5,29058.5,29050.8,29053.7,156.0
1784703000,29053.7,29053.7,29047.8,29049.1,148.0
1784703060,29049.1,29049.1,29025.3,29025.3,209.0
1784703120,29025.7,29028.5,29023.0,29025.5,207.0
1784703180,29025.5,29027.5,29016.6,29019.3,207.0
1784703240,29020.0,29022.7,29010.7,29016.5,215.0
1784703300,29016.6,29020.7,29010.6,29015.6,220.0
1784703360,29015.6,29016.1,29009.2,29010.2,167.0
1784703420,29010.2,29014.5,29009.2,29012.6,185.0
1784703480,29012.8,29021.3,29011.6,29016.1,189.0
1784703540,29016.3,29026.1,29016.2,29018.2,184.0
1784703600,29018.2,29027.1,29017.2,29026.6,209.0
1784703660,29026.8,29029.7,29007.0,29013.2,214.0
1784703720,29013.1,29022.3,29011.7,29021.1,222.0
1784703780,29020.8,29027.8,29016.7,29027.2,189.0
1784703840,29026.8,29031.5,29022.5,29031.2,188.0
1784703900,29032.2,29036.2,29026.5,29034.8,183.0
1784703960,29035.0,29039.8,29034.0,29036.3,184.0
1784704020,29036.8,29042.7,29035.2,29040.2,153.0
1784704080,29040.1,29042.8,29036.3,29041.3,182.0
1784704140,29041.3,29042.2,29036.0,29038.3,182.0
1784704200,29038.3,29042.7,29034.3,29041.6,173.0
1784704260,29041.5,29042.8,29033.5,29037.0,163.0
1784704320,29037.0,29037.7,29028.1,29029.6,179.0
1784704380,29029.6,29032.6,29028.5,29030.1,163.0
1784704440,29030.0,29036.3,29029.5,29032.3,150.0
1784704500,29032.8,29045.5,29031.6,29044.5,168.0
1784704560,29044.5,29045.1,29037.2,29037.5,160.0
1784704620,29037.3,29040.0,29036.8,29038.8,166.0
1784704680,29038.6,29045.1,29035.8,29044.3,150.0
1784704740,29044.3,29046.1,29042.0,29042.0,149.0
1784704800,29042.0,29048.3,29039.0,29047.6,150.0
1784704860,29047.3,29048.2,29044.8,29048.2,157.0
1784704920,29048.1,29052.3,29045.5,29052.3,157.0
1784704980,29052.2,29054.6,29051.2,29053.1,136.0
1784705040,29053.1,29054.2,29049.5,29050.5,164.0
1784705100,29050.5,29050.5,29043.0,29048.3,167.0
1784705160,29048.3,29050.1,29042.6,29043.8,148.0
1784705220,29043.5,29050.3,29043.0,29049.0,148.0
1784705280,29049.5,29055.3,29049.2,29055.2,157.0
1784705340,29055.2,29057.2,29052.0,29052.2,154.0
1784705400,29052.2,29052.2,29035.8,29036.8,169.0
1784705460,29036.7,29044.5,29034.0,29044.2,147.0
1784705520,29044.3,29046.7,29037.5,29037.6,178.0
1784705580,29038.2,29051.6,29037.8,29043.3,171.0
1784705640,29043.6,29043.6,29034.1,29036.7,167.0
1784705700,29036.8,29039.0,29035.1,29037.8,137.0
1784705760,29037.7,29039.7,29033.7,29039.3,148.0
1784705820,29038.3,29040.1,29030.3,29030.7,147.0
1784705880,29030.8,29037.3,29030.6,29037.0,128.0
1784705940,29037.0,29037.2,29030.7,29031.3,154.0
1784706000,29030.8,29033.5,29028.0,29033.1,182.0
1784706060,29033.1,29042.3,29030.8,29039.7,161.0
1784706120,29039.8,29039.8,29029.3,29031.6,163.0
1784706180,29031.8,29036.5,29030.8,29035.6,147.0
1784706240,29035.3,29039.3,29034.2,29035.8,161.0
1784706300,29036.1,29036.2,29031.7,29034.7,168.0
1784706360,29034.6,29035.0,29026.5,29027.2,159.0
1784706420,29026.7,29031.7,29024.5,29031.0,159.0
1784706480,29031.2,29038.7,29029.7,29032.2,178.0
1784706540,29032.1,29032.3,29025.7,29027.7,143.0
1784706600,29027.8,29028.8,29023.3,29023.7,158.0
1784706660,29023.6,29029.6,29023.6,29029.1,142.0
1784706720,29029.0,29029.8,29024.3,29027.1,142.0
1784706780,29027.1,29028.8,29022.0,29022.7,139.0
1784706840,29022.6,29025.6,29021.8,29021.8,166.0
1784706900,29022.0,29022.6,29017.5,29017.6,161.0
1784706960,29017.6,29017.6,29012.6,29014.7,189.0
1784707020,29014.8,29031.6,29014.3,29030.6,186.0
1784707080,29030.6,29036.0,29022.8,29036.0,202.0
1784707140,29036.8,29040.8,29033.2,29040.2,185.0
1784707200,29040.3,29043.8,29031.8,29035.5,214.0
1784707260,29035.6,29038.5,29029.8,29034.2,213.0
1784707320,29033.6,29034.6,29026.3,29028.2,191.0
1784707380,29028.1,29028.2,29020.6,29020.6,194.0
1784707440,29020.6,29026.1,29019.1,29020.3,194.0
1784707500,29020.3,29022.1,29012.8,29020.1,193.0
1784707560,29019.8,29023.6,29011.0,29011.0,236.0
1784707620,29010.8,29013.6,29010.5,29011.0,183.0
1784707680,29011.0,29012.0,29007.2,29009.5,183.0
1784707740,29009.3,29009.6,29003.6,29004.0,185.0
1784707800,29003.8,29010.8,29001.7,29010.8,212.0
1784707860,29010.8,29013.0,29000.7,29003.1,218.0
1784707920,29002.8,29007.1,28998.8,29005.1,197.0
1784707980,29005.5,29010.3,29005.0,29007.1,209.0
1784708040,29007.1,29008.3,29002.1,29006.0,194.0
1784708100,29005.6,29007.7,28999.1,29007.6,217.0
1784708160,29006.2,29007.2,28997.8,28997.8,219.0
1784708220,28998.0,29007.6,28996.1,29003.0,235.0
1784708280,29002.6,29014.6,29002.6,29011.6,228.0
1784708340,29012.3,29013.6,29005.5,29006.2,233.0
1784708400,29006.2,29006.2,28990.7,28991.5,205.0
1784708460,28991.5,28996.8,28990.1,28990.1,208.0
1784708520,28990.2,29000.6,28989.5,28999.3,211.0
1784708580,28999.3,28999.8,28988.0,28988.6,204.0
1784708640,28988.2,28996.5,28985.1,28989.1,194.0
1784708700,28988.8,29000.2,28988.8,28994.1,225.0
1784708760,28993.8,29000.6,28990.0,29000.0,227.0
1784708820,29000.1,29005.0,28992.0,28992.1,216.0
1784708880,28992.2,28994.7,28987.6,28987.6,228.0
1784708940,28987.5,28989.8,28984.8,28984.8,202.0
1784709000,28984.8,28992.3,28982.0,28991.0,237.0
1784709060,28990.8,28995.6,28981.2,28984.6,231.0
1784709120,28984.8,28995.3,28984.7,28990.5,222.0
1784709180,28990.6,28991.1,28981.5,28988.1,206.0
1784709240,28988.0,29002.8,28987.8,29000.7,208.0
1784709300,29000.2,29001.5,28987.2,28987.2,222.0
1784709360,28987.2,28993.5,28978.0,28978.0,236.0
1784709420,28978.0,28978.6,28973.5,28977.1,206.0
1784709480,28977.1,28985.2,28977.1,28983.1,231.0
1784709540,28985.1,28991.0,28979.0,28986.5,218.0
1784709600,28986.2,28989.6,28974.1,28974.5,221.0
1784709660,28974.7,28977.3,28971.1,28972.7,211.0
1784709720,28972.7,28973.0,28966.0,28970.6,191.0
1784709780,28970.3,28970.3,28964.7,28968.6,201.0
1784709840,28968.8,28973.0,28965.3,28966.5,197.0
1784709900,28966.8,28969.8,28965.1,28965.5,199.0
1784709960,28965.5,28966.7,28959.6,28965.5,187.0
1784710020,28965.1,28975.3,28964.6,28971.0,191.0
1784710080,28971.1,28974.6,28963.3,28974.3,221.0
1784710140,28974.2,28975.2,28965.2,28972.8,204.0
1784710200,28973.8,28984.8,28971.6,28984.2,207.0
1784710260,28984.2,28993.1,28984.2,28992.5,212.0
1784710320,28992.5,28996.2,28991.1,28992.3,209.0
1784710380,28992.3,28994.1,28981.8,28985.3,198.0
1784710440,28984.8,28988.3,28974.6,28975.6,187.0
1784710500,28975.6,28983.5,28973.8,28980.0,195.0
1784710560,28980.3,28983.7,28978.6,28982.0,202.0
1784710620,28982.0,28984.5,28979.0,28982.3,195.0
1784710680,28982.0,28989.7,28978.8,28987.7,193.0
1784710740,28988.1,28992.0,28987.3,28991.6,165.0
1784710800,28991.6,28991.8,28979.1,28983.7,216.0
1784710860,28985.7,28985.7,28976.1,28976.7,216.0
1784710920,28977.0,28980.8,28974.7,28975.2,197.0
1784710980,28975.0,28975.7,28968.7,28970.6,212.0
1784711040,28970.1,28973.8,28968.6,28970.9,190.0
1784711100,28970.2,28971.3,28952.9,28954.7,227.0
1784711160,28954.9,28956.7,28946.6,28951.1,193.0
1784711220,28950.6,28957.3,28949.8,28957.3,196.0
1784711280,28957.4,28958.9,28952.7,28953.2,216.0
1784711340,28953.1,28954.1,28947.4,28948.4,205.0
1784711400,28948.2,28956.8,28947.2,28952.9,201.0
1784711460,28952.9,28962.1,28950.2,28953.3,206.0
1784711520,28953.4,28960.2,28948.7,28954.1,205.0
1784711580,28954.1,28956.3,28945.3,28947.3,177.0
1784711640,28947.3,28952.1,28945.7,28951.9,162.0
1784711700,28951.2,28951.2,28939.4,28941.1,199.0
1784711760,28941.3,28941.8,28931.9,28932.1,180.0
1784711820,28932.1,28934.8,28928.7,28929.1,172.0
1784711880,28929.3,28930.4,28914.3,28918.2,193.0
1784711940,28918.2,28920.2,28914.3,28916.9,195.0
1784712000,28917.7,28918.3,28897.4,28900.3,210.0
1784712060,28899.7,28903.6,28897.2,28900.3,213.0
1784712120,28898.8,28898.8,28885.1,28886.3,209.0
1784712180,28888.2,28894.1,28885.3,28885.8,201.0
1784712240,28885.8,28902.2,28879.1,28900.6,197.0
1784712300,28900.3,28903.9,28889.8,28899.9,201.0
1784712360,28899.9,28900.6,28892.3,28896.3,204.0
1784712420,28896.8,28904.3,28895.4,28899.4,198.0
1784712480,28899.2,28906.3,28897.1,28900.6,170.0
1784712540,28900.2,28902.7,28887.8,28897.3,215.0
1784712600,28897.8,28907.3,28886.9,28896.8,212.0
1784712660,28896.7,28902.4,28895.8,28901.8,175.0
1784712720,28901.7,28906.4,28895.2,28900.8,200.0
1784712780,28900.8,28909.4,28900.8,28907.4,191.0
1784712840,28907.4,28913.4,28904.1,28913.4,206.0
1784712900,28913.4,28919.3,28912.8,28914.9,180.0
1784712960,28914.9,28930.7,28914.6,28930.2,170.0
1784713020,28930.2,28934.2,28929.4,28931.8,176.0
1784713080,28931.6,28931.6,28922.9,28924.9,165.0
1784713140,28924.9,28929.8,28921.1,28929.4,140.0
1784713200,28929.4,28933.4,28927.2,28929.4,137.0
1784713260,28929.4,28931.4,28925.6,28929.4,164.0
1784713320,28928.4,28932.4,28925.7,28931.3,173.0
1784713380,28931.4,28932.1,28928.9,28931.4,147.0
1784713440,28931.4,28932.4,28920.9,28920.9,165.0
1784713500,28920.9,28921.2,28901.9,28903.9,187.0
1784713560,28903.8,28903.8,28895.7,28902.7,177.0
1784713620,28902.8,28904.2,28889.3,28894.6,181.0
1784713680,28894.7,28896.7,28891.3,28892.4,155.0
1784713740,28892.4,28892.8,28887.3,28888.4,157.0
1784713800,28888.4,28895.7,28881.7,28895.1,187.0
1784713860,28895.1,28911.2,28895.1,28909.9,175.0
1784713920,28910.1,28917.3,28910.1,28916.4,142.0
1784713980,28916.4,28918.8,28915.6,28918.1,125.0
1784714040,28918.1,28921.4,28911.6,28911.6,140.0
1784714100,28911.6,28912.4,28902.3,28908.4,179.0
1784714160,28908.3,28911.6,28906.9,28908.8,124.0
1784714220,28908.9,28912.1,28906.7,28910.7,134.0
1784714280,28910.4,28914.9,28905.6,28907.9,172.0
1784714340,28907.8,28917.8,28907.3,28911.2,182.0
1784714400,28912.4,28921.1,28897.2,28920.3,253.0
1784714460,28920.7,28920.7,28901.1,28907.1,229.0
1784714520,28907.1,28910.2,28892.1,28895.4,213.0
1784714580,28895.6,28906.8,28892.8,28905.3,201.0
1784714640,28905.6,28910.8,28902.6,28902.6,199.0
1784714700,28901.4,28903.8,28894.8,28898.1,208.0
1784714760,28898.7,28898.7,28870.4,28878.8,200.0
1784714820,28878.7,28891.1,28876.4,28890.6,178.0
1784714880,28890.2,28891.1,28883.1,28886.1,205.0
1784714940,28886.2,28889.4,28881.7,28885.3,199.0
1784715000,28885.4,28893.1,28884.4,28890.2,184.0
1784715060,28890.2,28901.3,28888.3,28899.4,188.0
1784715120,28899.4,28906.1,28895.7,28905.4,205.0
1784715180,28905.3,28916.7,28905.3,28913.1,194.0
1784715240,28913.3,28917.7,28909.4,28916.1,203.0
1784715300,28916.1,28918.9,28909.8,28912.2,196.0
1784715360,28912.2,28916.4,28909.6,28910.2,196.0
1784715420,28910.1,28919.2,28910.1,28919.2,160.0
1784715480,28919.3,28933.4,28918.1,28931.8,174.0
1784715540,28930.8,28933.2,28924.4,28925.2,187.0
1784715600,28925.2,28929.6,28923.6,28929.6,171.0
1784715660,28930.6,28933.3,28923.9,28925.8,193.0
1784715720,28925.9,28929.7,28923.9,28926.1,165.0
1784715780,28925.6,28929.1,28918.1,28920.1,167.0
1784715840,28920.2,28921.6,28907.3,28910.9,194.0
1784715900,28910.8,28912.1,28903.3,28910.8,179.0
1784715960,28911.2,28929.9,28910.4,28929.7,194.0
1784716020,28929.7,28942.8,28927.9,28941.7,186.0
1784716080,28939.4,28940.9,28934.9,28939.4,183.0
1784716140,28939.7,28940.1,28933.6,28937.4,181.0
1784716200,28936.3,28942.1,28906.6,28906.8,264.0
1784716260,28906.7,28909.8,28893.1,28909.6,224.0
1784716320,28909.8,28910.1,28899.9,28900.9,191.0
1784716380,28900.9,28900.9,28892.1,28897.6,199.0
1784716440,28897.6,28899.2,28890.6,28890.7,194.0
1784716500,28890.7,28894.8,28885.1,28892.6,210.0
1784716560,28892.6,28893.8,28883.4,28884.2,206.0
1784716620,28883.6,28889.6,28875.4,28889.6,204.0
1784716680,28889.2,28892.2,28879.9,28880.2,209.0
1784716740,28881.1,28883.8,28868.4,28868.4,219.0
1784716800,28867.4,28873.3,28864.6,28867.4,218.0
1784716860,28867.4,28870.9,28845.2,28849.4,217.0
1784716920,28849.8,28864.2,28848.6,28863.9,219.0
1784716980,28863.9,28874.7,28859.6,28874.7,194.0
1784717040,28874.7,28883.8,28874.3,28883.3,196.0
1784717100,28883.7,28888.7,28882.2,28885.8,205.0
1784717160,28885.3,28886.6,28879.9,28885.4,168.0
1784717220,28885.3,28886.2,28878.8,28882.6,199.0
1784717280,28882.6,28895.3,28867.8,28882.3,220.0
1784717340,28882.3,28882.3,28863.7,28866.3,193.0
1784717400,28866.3,28866.6,28860.1,28862.6,195.0
1784717460,28862.6,28869.3,28860.3,28864.7,183.0
1784717520,28864.7,28871.1,28860.9,28862.9,177.0
1784717580,28862.9,28877.2,28859.4,28876.8,201.0
1784717640,28876.7,28886.1,28876.4,28880.4,199.0
1784717700,28880.3,28887.1,28874.6,28874.9,181.0
1784717760,28874.8,28883.4,28873.6,28877.9,174.0
1784717820,28878.2,28883.4,28874.7,28877.7,172.0
1784717880,28876.7,28882.2,28872.7,28875.9,191.0
1784717940,28875.9,28878.2,28868.9,28875.4,177.0
1784718000,28879.6,28890.8,28859.7,28889.1,239.0
1784718060,28888.7,28892.2,28868.6,28890.4,242.0
1784718120,28888.4,28893.4,28878.3,28881.8,236.0
1784718180,28881.8,28885.1,28872.9,28885.1,242.0
1784718240,28885.2,28905.8,28879.9,28902.9,225.0
1784718300,28903.7,28908.7,28893.4,28898.7,224.0
1784718360,28898.3,28904.8,28887.1,28889.7,232.0
1784718420,28890.6,28905.6,28887.4,28904.2,204.0
1784718480,28904.2,28925.6,28904.2,28918.2,208.0
1784718540,28917.2,28919.8,28912.8,28913.2,191.0
1784718600,28913.1,28915.8,28898.3,28898.6,197.0
1784718660,28898.6,28905.3,28892.7,28894.1,218.0
1784718720,28894.2,28894.4,28882.8,28889.6,212.0
1784718780,28889.1,28896.4,28883.4,28891.3,210.0
1784718840,28891.1,28893.4,28884.9,28886.3,213.0
1784718900,28886.1,28895.3,28884.3,28891.3,197.0
1784718960,28891.2,28898.4,28883.3,28886.9,203.0
1784719020,28888.1,28895.6,28887.2,28887.7,198.0
1784719080,28887.3,28895.6,28886.4,28894.3,188.0
1784719140,28894.4,28900.4,28881.1,28891.3,208.0
1784719200,28891.2,28903.4,28888.2,28899.2,211.0
1784719260,28898.9,28904.6,28898.6,28901.1,185.0
1784719320,28901.3,28914.1,28901.1,28912.6,190.0
1784719380,28912.6,28922.6,28910.9,28917.4,184.0
1784719440,28917.4,28919.3,28907.1,28918.9,208.0
1784719500,28919.1,28923.2,28916.3,28919.6,204.0
1784719560,28919.4,28923.2,28915.9,28916.4,192.0
1784719620,28915.6,28918.7,28908.4,28911.3,234.0
1784719680,28911.8,28913.6,28907.3,28911.1,207.0
1784719740,28910.4,28920.7,28906.2,28920.6,206.0
1784719800,28920.2,28933.8,28916.1,28932.3,220.0
1784719860,28931.8,28934.7,28924.6,28926.3,205.0
1784719920,28926.2,28932.9,28924.1,28928.6,166.0
1784719980,28927.8,28931.2,28925.6,28925.6,169.0
1784720040,28926.1,28931.8,28920.2,28930.3,196.0
1784720100,28930.3,28931.3,28923.3,28926.4,168.0
1784720160,28926.1,28927.9,28922.8,28924.1,175.0
1784720220,28923.9,28925.1,28916.7,28917.4,180.0
1784720280,28917.2,28919.1,28912.4,28916.6,174.0
1784720340,28916.6,28916.8,28905.7,28907.2,153.0
1784720400,28907.2,28911.9,28905.9,28906.8,179.0
1784720460,28906.8,28910.4,28903.4,28907.6,175.0
1784720520,28905.6,28918.7,28904.7,28916.9,178.0
1784720580,28917.1,28917.1,28905.3,28906.2,164.0
1784720640,28906.7,28908.3,28899.4,28904.9,158.0
1784720700,28905.3,28920.9,28905.1,28919.1,190.0
1784720760,28919.4,28926.1,28918.6,28923.9,164.0
1784720820,28923.9,28924.9,28918.7,28918.8,135.0
1784720880,28918.9,28921.9,28911.2,28912.7,162.0
1784720940,28912.2,28915.2,28907.9,28914.1,185.0
1784721000,28914.3,28915.9,28907.2,28907.7,181.0
1784721060,28907.4,28915.4,28905.1,28914.2,181.0
1784721120,28914.2,28921.9,28912.2,28920.2,164.0
1784721180,28920.2,28925.8,28916.9,28925.8,165.0
1784721240,28925.8,28926.8,28920.6,28923.8,180.0
1784721300,28923.8,28924.9,28914.4,28916.9,173.0
1784721360,28916.8,28926.6,28913.6,28925.6,182.0
1784721420,28925.2,28933.9,28924.3,28933.1,178.0
1784721480,28933.1,28936.3,28930.2,28931.9,158.0
1784721540,28931.9,28931.9,28926.9,28929.1,152.0
1784721600,28928.9,28931.6,28925.8,28927.9,194.0
1784721660,28927.8,28935.2,28926.1,28932.9,192.0
1784721720,28932.2,28941.2,28930.8,28931.7,174.0
1784721780,28931.9,28956.8,28931.1,28950.8,185.0
1784721840,28949.6,28951.6,28946.3,28950.7,172.0
1784721900,28950.7,28953.2,28943.3,28950.7,181.0
1784721960,28950.9,28953.1,28945.7,28946.3,170.0
1784722020,28946.8,28968.4,28946.6,28965.8,181.0
1784722080,28965.4,28966.9,28958.6,28963.6,185.0
1784722140,28962.3,28965.1,28953.9,28956.1,156.0
1784722200,28955.7,28957.1,28951.2,28953.3,157.0
1784722260,28953.7,28963.9,28952.4,28958.2,165.0
1784722320,28958.3,28961.7,28949.6,28949.7,187.0
1784722380,28949.7,28953.4,28947.2,28948.1,151.0
1784722440,28947.8,28950.9,28945.6,28948.1,129.0
1784722500,28949.6,28954.6,28947.2,28951.1,189.0
1784722560,28950.8,28953.3,28947.6,28953.2,176.0
1784722620,28952.9,28955.2,28950.8,28951.9,164.0
1784722680,28952.3,28955.7,28949.8,28950.3,166.0
1784722740,28950.6,28955.2,28949.2,28953.7,161.0
1784722800,28953.8,28961.6,28948.8,28961.4,170.0
1784722860,28961.4,28965.3,28957.7,28963.7,185.0
1784722920,28964.6,28964.7,28958.3,28958.8,165.0
1784722980,28959.1,28959.1,28953.1,28958.6,149.0
1784723040,28958.1,28959.1,28953.6,28957.4,154.0
1784723100,28957.3,28961.4,28949.2,28951.9,152.0
1784723160,28952.1,28957.2,28951.6,28953.6,134.0
1784723220,28953.7,28954.8,28948.3,28948.6,139.0
1784723280,28948.6,28955.2,28943.9,28955.2,155.0
1784723340,28955.2,28955.7,28943.7,28944.4,148.0
1784723400,28943.7,28945.1,28934.4,28936.6,205.0
1784723460,28936.2,28942.4,28931.6,28935.4,158.0
1784723520,28935.3,28937.7,28931.4,28931.4,156.0
1784723580,28931.4,28932.4,28922.3,28922.3,176.0
1784723640,28922.3,28926.2,28915.7,28917.3,199.0
1784723700,28917.4,28925.6,28916.1,28925.2,192.0
1784723760,28924.7,28931.8,28924.1,28928.4,176.0
1784723820,28928.3,28932.6,28925.1,28931.8,181.0
1784723880,28931.6,28931.9,28926.3,28927.8,162.0
1784723940,28926.1,28932.9,28925.3,28929.2,164.0
1784724000,28929.1,28929.4,28921.2,28922.2,181.0
1784724060,28922.4,28931.7,28921.2,28928.7,170.0
1784724120,28928.6,28931.3,28921.7,28930.3,156.0
1784724180,28930.7,28937.6,28926.6,28933.4,195.0
1784724240,28933.2,28937.9,28932.9,28934.8,172.0
1784724300,28934.9,28938.1,28931.7,28933.6,151.0
1784724360,28933.6,28937.8,28930.9,28935.6,160.0
1784724420,28935.4,28940.4,28933.8,28940.1,176.0
1784724480,28939.7,28942.3,28938.1,28940.1,160.0
1784724540,28940.1,28940.4,28934.1,28934.1,146.0
1784724600,28934.1,28934.3,28925.9,28926.2,157.0
1784724660,28926.3,28927.3,28922.1,28923.6,163.0
1784724720,28923.9,28924.6,28914.7,28917.8,187.0
1784724780,28917.9,28917.9,28909.7,28911.3,199.0
1784724840,28911.4,28917.1,28908.7,28917.1,180.0
1784724900,28917.2,28925.6,28915.6,28925.6,186.0
1784724960,28925.4,28941.3,28925.3,28941.3,157.0
1784725020,28941.3,28946.6,28940.2,28943.4,160.0
1784725080,28943.7,28946.7,28942.4,28945.6,138.0
1784725140,28945.6,28946.7,28939.9,28946.4,155.0
1784725200,28946.4,28957.3,28946.3,28955.2,208.0
1784725260,28955.3,28962.8,28953.3,28960.9,161.0
1784725320,28961.1,28969.8,28959.4,28968.3,177.0
1784725380,28967.4,28977.7,28961.7,28962.4,183.0
1784725440,28962.3,28964.2,28958.9,28962.2,122.0
1784725500,28963.8,28964.8,28954.7,28954.8,171.0
1784725560,28954.8,28961.8,28949.7,28951.4,178.0
1784725620,28951.6,28954.4,28950.7,28953.4,151.0
1784725680,28953.4,28955.4,28951.1,28952.7,168.0
1784725740,28953.4,28954.8,28951.4,28951.8,125.0
1784725800,28951.7,28960.2,28949.9,28950.7,165.0
1784725860,28950.6,28954.9,28942.8,28944.9,158.0
1784725920,28944.9,28950.6,28939.2,28941.4,166.0
1784725980,28940.9,28945.2,28939.9,28941.9,152.0
1784726040,28941.8,28943.4,28938.9,28939.4,155.0
1784726100,28939.4,28947.9,28938.9,28947.7,148.0
1784726160,28947.4,28947.7,28934.3,28934.7,157.0
1784726220,28934.7,28941.8,28932.4,28941.2,165.0
1784726280,28941.2,28953.2,28940.9,28952.3,171.0
1784726340,28952.6,28957.6,28947.7,28949.2,151.0
1784726400,28949.3,28985.7,28949.2,28968.4,241.0
1784726460,28968.3,28982.6,28966.6,28978.7,235.0
1784726520,28977.8,28981.7,28970.9,28979.1,225.0
1784726580,28978.7,28978.8,28967.9,28971.1,178.0
1784726640,28970.9,28984.7,28969.2,28981.1,194.0
1784726700,28981.4,28983.3,28976.7,28978.7,177.0
1784726760,28978.7,28982.6,28974.3,28980.6,165.0
1784726820,28980.2,28982.4,28978.3,28981.4,189.0
1784726880,28981.9,28984.2,28977.6,28979.8,175.0
1784726940,28979.8,28983.4,28975.1,28980.3,178.0
1784727000,28942.884765625,28959.880859375,28937.8125,28955.265625,0.0
1784727060,28965.173828125,28966.853515625,28937.318359375,28966.853515625,9720625.0
1784727120,28953.40234375,28985.4375,28951.41015625,28985.4375,4913370.0
1784727180,28989.9765625,29000.935546875,28986.791015625,28986.791015625,4766683.0
1784727240,28987.869140625,28987.869140625,28975.626953125,28984.3203125,3956760.0
1784727300,28992.416015625,28992.416015625,28984.607421875,28992.109375,4064345.0
1784727360,28984.697265625,28984.95703125,28960.953125,28978.255859375,5489557.0
1784727420,28977.087890625,29000.228515625,28974.841796875,28996.173828125,3575652.0
1784727480,28994.060546875,28994.212890625,28955.208984375,28955.208984375,3584264.0
1784727540,28951.701171875,28994.40625,28951.701171875,28991.310546875,4194661.0
1784727600,28991.041015625,28991.041015625,28972.0,28979.775390625,4777970.0
1784727660,28975.65234375,29001.46484375,28974.1484375,28990.15625,4028929.0
1784727720,28999.162109375,29013.759765625,28999.162109375,29005.345703125,3944691.0
1784727780,29000.142578125,29020.208984375,28998.748046875,29010.287109375,3665636.0
1784727840,29010.79296875,29019.37109375,29007.189453125,29018.306640625,3310230.0
1784727900,29023.21875,29052.4453125,29023.21875,29047.669921875,3896585.0
1784727960,29040.962890625,29044.140625,29035.998046875,29038.283203125,4000223.0
1784728020,29029.76171875,29032.95703125,29012.017578125,29012.017578125,2920755.0
1784728080,29011.224609375,29016.765625,28995.490234375,29011.095703125,3160396.0
1784728140,29012.0078125,29019.19140625,29005.517578125,29005.517578125,3563560.0
1784728200,29002.728515625,29012.419921875,28996.94140625,28997.07421875,3111715.0
1784728260,28999.818359375,29032.376953125,28999.818359375,29020.740234375,3662256.0
1784728320,29022.306640625,29037.4296875,29022.306640625,29037.4296875,3865077.0
1784728380,29036.400390625,29061.72265625,29036.400390625,29061.72265625,3058108.0
1784728440,29065.22265625,29070.720703125,29065.09375,29070.720703125,3236355.0
1784728500,29074.234375,29081.21484375,29070.48828125,29072.109375,3303613.0
1784728560,29077.201171875,29088.53515625,29077.201171875,29088.53515625,3586292.0
1784728620,29090.384765625,29093.220703125,29075.337890625,29093.220703125,3860600.0
1784728680,29092.57421875,29095.203125,29085.072265625,29087.626953125,3432921.0
1784728740,29090.71875,29108.32421875,29090.71875,29108.32421875,3287977.0
1784728800,29108.220703125,29112.818359375,29100.19140625,29112.818359375,3932611.0
1784728860,29115.59375,29116.671875,29098.34765625,29098.34765625,3423906.0
1784728920,29097.583984375,29098.5390625,29085.70703125,29093.203125,2789542.0
1784728980,29092.990234375,29098.443359375,29073.638671875,29075.5390625,2923032.0
1784729040,29077.556640625,29089.669921875,29077.556640625,29087.498046875,2748054.0
1784729100,29090.033203125,29110.16796875,29085.849609375,29110.16796875,3899904.0
1784729160,29107.80859375,29107.80859375,29092.89453125,29093.791015625,3167911.0
1784729220,29090.212890625,29090.212890625,29068.748046875,29073.67578125,2809313.0
1784729280,29071.10546875,29076.5234375,29065.89453125,29071.09765625,3393896.0
1784729340,29071.6328125,29075.947265625,29055.755859375,29055.755859375,2506825.0
1784729400,29057.333984375,29070.888671875,29052.388671875,29070.888671875,3015125.0
1784729460,29072.169921875,29088.943359375,29072.169921875,29087.498046875,2649468.0
1784729520,29085.654296875,29095.36328125,29081.15625,29081.15625,2455492.0
1784729580,29070.529296875,29079.68359375,29060.330078125,29065.138671875,2667661.0
1784729640,29063.734375,29071.251953125,29063.404296875,29071.251953125,2418058.0
1784729700,29072.025390625,29072.025390625,29036.23828125,29036.23828125,3654619.0
1784729760,29044.08984375,29051.21875,29036.607421875,29049.412109375,2776217.0
1784729820,29049.416015625,29058.53125,29033.4453125,29058.53125,2232125.0
1784729880,29061.923828125,29061.923828125,29047.564453125,29048.673828125,2329981.0
1784729940,29043.90234375,29083.828125,29043.90234375,29083.828125,2000066.0
1784730000,29082.36328125,29094.478515625,29079.748046875,29094.150390625,2788112.0
1784730060,29096.953125,29107.76953125,29093.560546875,29104.34765625,2562842.0
1784730120,29098.25,29100.064453125,29083.96484375,29083.96484375,2296736.0
1784730180,29071.826171875,29071.826171875,29042.33203125,29047.275390625,3060245.0
1784730240,29047.609375,29047.669921875,29033.958984375,29047.669921875,2426093.0
1784730300,29058.310546875,29063.47265625,29050.30859375,29059.990234375,2242828.0
1784730360,29062.23046875,29065.8515625,29047.310546875,29048.90625,1944822.0
1784730420,29049.892578125,29057.783203125,29041.388671875,29048.060546875,1849554.0
1784730480,29050.658203125,29052.68359375,29040.4375,29049.17578125,1858103.0
1784730540,29048.748046875,29057.796875,29047.37890625,29052.107421875,1817535.0
1784730600,29064.08203125,29069.287109375,29054.642578125,29068.23828125,2739130.0
1784730660,29066.912109375,29066.912109375,29056.708984375,29065.5,2682917.0
1784730720,29072.158203125,29090.556640625,29072.158203125,29089.9140625,2009464.0
1784730780,29087.34375,29089.2421875,29079.787109375,29079.787109375,2407709.0
1784730840,29069.8359375,29073.404296875,29060.55859375,29061.30859375,2176403.0
1784730900,29053.6796875,29060.513671875,29046.974609375,29058.662109375,2269031.0
1784730960,29062.70703125,29076.373046875,29060.09765625,29076.373046875,1982284.0
1784731020,29074.876953125,29077.2421875,29065.091796875,29065.091796875,1909252.0
1784731080,29061.53515625,29061.53515625,29047.375,29057.84765625,1996644.0
1784731140,29055.24609375,29055.24609375,29045.388671875,29046.505859375,1914384.0
1784731200,29049.59765625,29061.94921875,29048.755859375,29056.330078125,1865018.0
1784731260,29052.841796875,29054.025390625,29026.880859375,29026.880859375,2020213.0
1784731320,29021.474609375,29033.919921875,29013.71875,29030.431640625,2646521.0
1784731380,29027.318359375,29027.318359375,29018.205078125,29018.205078125,1918695.0
1784731440,29021.8984375,29028.0,29021.83203125,29024.48828125,1764359.0
1784731500,29024.494140625,29032.2578125,29015.189453125,29032.2578125,1769514.0
1784731560,29031.685546875,29058.103515625,29031.685546875,29056.412109375,2116478.0
1784731620,29050.548828125,29050.548828125,29044.15625,29044.61328125,1990595.0
1784731680,29046.13671875,29061.3359375,29046.13671875,29055.056640625,1524771.0
1784731740,29058.619140625,29058.619140625,29042.6015625,29057.169921875,2246022.0
1784731800,29054.8671875,29057.171875,29047.705078125,29051.396484375,1845038.0
1784731860,29052.6875,29052.6875,29025.857421875,29043.205078125,1910694.0
1784731920,29046.12890625,29054.5078125,29033.349609375,29033.685546875,1964035.0
1784731980,29036.693359375,29048.923828125,29036.693359375,29038.951171875,1914275.0
1784732040,29041.150390625,29051.287109375,29040.41796875,29040.41796875,1790826.0
1784732100,29027.259765625,29030.158203125,29020.490234375,29030.158203125,2454420.0
1784732160,29039.466796875,29046.767578125,29035.470703125,29044.08203125,2108398.0
1784732220,29046.2265625,29060.939453125,29046.2265625,29057.88671875,2161358.0
1784732280,29063.435546875,29077.55078125,29063.435546875,29073.60546875,2352577.0
1784732340,29072.349609375,29079.337890625,29071.8125,29079.337890625,1881392.0
1784732400,29082.974609375,29096.208984375,29082.974609375,29096.208984375,2270515.0
1784732460,29097.962890625,29099.94921875,29084.513671875,29084.513671875,2361840.0
1784732520,29080.654296875,29092.072265625,29076.74609375,29092.072265625,1894739.0
1784732580,29096.78125,29105.6875,29096.78125,29097.529296875,1990836.0
1784732640,29099.154296875,29107.5546875,29099.154296875,29105.95703125,2017464.0
1784732700,29106.3125,29122.935546875,29099.08203125,29122.935546875,1971835.0
1784732760,29125.4765625,29132.041015625,29125.4765625,29127.193359375,3345037.0
1784732820,29125.59375,29130.265625,29121.90234375,29130.078125,2555984.0
1784732880,29129.953125,29132.31640625,29127.93359375,29129.21484375,2594609.0
1784732940,29134.630859375,29134.630859375,29126.03515625,29127.044921875,2696981.0
1784733000,29125.396484375,29144.255859375,29125.396484375,29144.255859375,2691437.0
1784733060,29146.697265625,29146.697265625,29133.66015625,29133.66015625,2391329.0
1784733120,29123.494140625,29137.623046875,29123.494140625,29137.623046875,2755087.0
1784733180,29139.29296875,29139.29296875,29130.80859375,29134.431640625,2944746.0
1784733240,29133.953125,29139.951171875,29130.927734375,29139.951171875,2171488.0
1784733300,29141.71484375,29145.607421875,29137.701171875,29143.671875,2208574.0
1784733360,29143.9921875,29146.01953125,29136.703125,29142.130859375,2339593.0
1784733420,29145.478515625,29147.70703125,29135.9609375,29135.9609375,2503054.0
1784733480,29131.306640625,29135.013671875,29131.306640625,29131.431640625,2754048.0
1784733540,29130.31640625,29140.939453125,29130.31640625,29140.939453125,2527906.0
1784733600,29142.365234375,29156.220703125,29142.365234375,29156.220703125,2380437.0
1784733660,29157.568359375,29157.568359375,29139.474609375,29139.474609375,2491599.0
1784733720,29136.880859375,29141.515625,29132.69140625,29140.9453125,2725036.0
1784733780,29143.330078125,29143.330078125,29133.908203125,29141.6328125,2357753.0
1784733840,29152.48828125,29158.2734375,29152.48828125,29154.14453125,2213109.0
1784733900,29153.990234375,29157.484375,29153.818359375,29157.484375,1754819.0
1784733960,29163.681640625,29168.251953125,29162.234375,29168.251953125,2180349.0
1784734020,29168.66015625,29175.751953125,29166.88671875,29168.607421875,2541600.0
1784734080,29168.08984375,29168.08984375,29160.66015625,29164.478515625,2073759.0
1784734140,29164.451171875,29164.9609375,29160.103515625,29160.103515625,1717017.0
1784734200,29159.248046875,29167.0703125,29154.701171875,29167.0703125,1893680.0
1784734260,29164.67578125,29165.689453125,29159.552734375,29159.552734375,1848667.0
1784734320,29159.10546875,29159.10546875,29142.390625,29142.787109375,2039818.0
1784734380,29142.888671875,29143.447265625,29132.90234375,29132.90234375,2451496.0
1784734440,29132.580078125,29132.580078125,29123.82421875,29128.646484375,2179501.0
1784734500,29126.953125,29137.7421875,29126.953125,29137.5234375,1918895.0
1784734560,29138.12109375,29139.857421875,29134.998046875,29139.7734375,1714787.0
1784734620,29140.091796875,29140.091796875,29117.548828125,29124.904296875,2043060.0
1784734680,29129.34375,29132.705078125,29119.408203125,29121.48828125,1887048.0
1784734740,29118.36328125,29118.86328125,29114.47265625,29116.794921875,1927501.0
1784734800,29115.564453125,29129.150390625,29108.423828125,29127.671875,1705099.0
1784734860,29126.9140625,29135.55859375,29126.9140625,29128.091796875,1989253.0
1784734920,29131.068359375,29133.79296875,29126.966796875,29126.966796875,1669642.0
1784734980,29126.01953125,29126.01953125,29115.90234375,29117.29296875,1363116.0
1784735040,29119.810546875,29126.826171875,29119.810546875,29120.453125,1496222.0
1784735100,29125.125,29137.322265625,29125.125,29134.513671875,1661317.0
1784735160,29136.736328125,29141.2265625,29128.482421875,29128.482421875,1500201.0
1784735220,29131.513671875,29135.5546875,29129.1484375,29135.5546875,1343641.0
1784735280,29131.970703125,29136.736328125,29131.970703125,29135.71484375,1463189.0
1784735340,29135.162109375,29138.63671875,29130.37890625,29138.63671875,1511401.0
1784735400,29140.36328125,29145.12890625,29140.36328125,29143.041015625,1569343.0
1784735460,29142.357421875,29157.94921875,29142.357421875,29157.94921875,1596701.0
1784735520,29156.7578125,29162.75390625,29156.341796875,29162.75390625,2049064.0
1784735580,29162.861328125,29164.546875,29147.658203125,29147.658203125,1877264.0
1784735640,29149.236328125,29149.744140625,29139.3046875,29139.3046875,1606964.0
1784735700,29135.748046875,29144.55078125,29135.748046875,29144.55078125,1762196.0
1784735760,29144.728515625,29144.728515625,29138.767578125,29139.0078125,1516785.0
1784735820,29140.927734375,29143.626953125,29135.67578125,29143.626953125,1434447.0
1784735880,29143.470703125,29156.482421875,29143.470703125,29156.482421875,2307462.0
1784735940,29154.41796875,29166.1796875,29154.41796875,29166.1796875,1763794.0
1784736000,29165.849609375,29165.849609375,29159.73828125,29159.73828125,1873918.0
1784736060,29160.7890625,29161.3984375,29148.388671875,29150.224609375,2558646.0
1784736120,29149.587890625,29156.482421875,29149.17578125,29156.482421875,805985.0
1784736180,29156.68359375,29156.68359375,29149.6875,29153.056640625,2375514.0
1784736240,29153.34375,29155.623046875,29148.75390625,29153.271484375,843978.0
1784736300,29153.52734375,29157.908203125,29149.01953125,29157.908203125,2523517.0
1784736360,29157.9140625,29164.57421875,29157.9140625,29159.125,797456.0
1784736420,29159.095703125,29161.791015625,29156.474609375,29161.755859375,2024193.0
1784736480,29161.0390625,29161.615234375,29157.271484375,29159.513671875,576089.0
1784736540,29159.33984375,29161.833984375,29157.859375,29161.3359375,2080760.0
1784736600,29161.486328125,29161.615234375,29159.123046875,29159.21875,845594.0
1784736660,29158.26171875,29162.75390625,29151.4921875,29151.4921875,1696742.0
1784736720,29150.619140625,29160.94140625,29150.619140625,29159.490234375,1726599.0
1784736780,29159.775390625,29163.12109375,29157.123046875,29157.525390625,1437128.0
1784736840,29158.642578125,29166.1015625,29158.642578125,29163.658203125,1793109.0
1784736900,29162.498046875,29169.6328125,29162.498046875,29165.248046875,2011355.0
1784736960,29163.625,29168.962890625,29160.177734375,29163.58203125,1715474.0
1784737020,29162.37109375,29167.787109375,29155.5703125,29157.119140625,2228449.0
1784737080,29156.154296875,29164.171875,29155.2890625,29163.326171875,1838220.0
1784737140,29163.81640625,29165.947265625,29163.357421875,29163.7578125,1685388.0
1784737200,29163.15234375,29163.15234375,29149.728515625,29152.705078125,1780589.0
1784737260,29154.404296875,29156.552734375,29150.302734375,29150.775390625,1789489.0
1784737320,29151.876953125,29154.28125,29148.427734375,29150.00390625,1446300.0
1784737380,29150.296875,29152.392578125,29148.8671875,29148.8671875,1925602.0
1784737440,29146.22265625,29150.0546875,29144.3203125,29148.646484375,1700289.0
1784737500,29147.9765625,29147.9765625,29144.126953125,29146.833984375,1635177.0
1784737560,29147.802734375,29147.802734375,29134.802734375,29139.171875,1803909.0
1784737620,29139.3359375,29144.3046875,29139.3359375,29143.3671875,2200144.0
1784737680,29142.52734375,29142.939453125,29137.142578125,29142.939453125,2544625.0
1784737740,29143.1875,29146.275390625,29142.783203125,29144.0234375,610669.0
1784737800,29144.041015625,29147.435546875,29142.439453125,29147.435546875,2256659.0
1784737860,29146.857421875,29156.39453125,29146.857421875,29154.4765625,1073248.0
1784737920,29154.099609375,29156.53125,29152.869140625,29156.53125,2050891.0
1784737980,29156.552734375,29160.482421875,29153.4921875,29160.482421875,842740.0
1784738040,29160.998046875,29163.517578125,29152.75,29156.779296875,2791078.0
1784738100,29156.51171875,29156.5703125,29151.78125,29152.173828125,799097.0
1784738160,29152.46875,29152.46875,29145.70703125,29145.97265625,2052276.0
1784738220,29145.640625,29146.076171875,29138.005859375,29138.005859375,712630.0
1784738280,29137.64453125,29149.443359375,29137.64453125,29149.01171875,2998016.0
1784738340,29149.423828125,29149.814453125,29137.60546875,29140.552734375,659284.0
1784738400,29140.673828125,29140.673828125,29124.96484375,29124.96484375,2384587.0
1784738460,29126.48828125,29128.21484375,29125.947265625,29126.580078125,1080595.0
1784738520,29124.9765625,29128.45703125,29120.78125,29121.98828125,2689967.0
1784738580,29120.169921875,29122.515625,29116.677734375,29117.0859375,678429.0
1784738640,29118.314453125,29124.55859375,29118.314453125,29123.751953125,1406181.0
1784738700,29124.44921875,29130.845703125,29118.763671875,29118.763671875,1677617.0
1784738760,29119.876953125,29125.505859375,29112.25,29112.25,1559791.0
1784738820,29112.20703125,29114.880859375,29111.314453125,29114.880859375,1741367.0
1784738880,29114.70703125,29121.591796875,29114.70703125,29121.591796875,2581425.0
1784738940,29124.12890625,29124.12890625,29119.736328125,29121.154296875,1453820.0
1784739000,29120.037109375,29123.09375,29115.138671875,29123.09375,1837246.0
1784739060,29123.431640625,29127.306640625,29121.279296875,29122.259765625,1449472.0
1784739120,29120.9296875,29127.51953125,29120.359375,29126.884765625,1297085.0
1784739180,29127.19140625,29127.92578125,29118.986328125,29123.09765625,1261971.0
1784739240,29123.0546875,29126.51953125,29122.7578125,29124.046875,1238232.0
1784739300,29124.212890625,29146.103515625,29122.958984375,29146.103515625,1237562.0
1784739360,29148.447265625,29148.447265625,29145.3515625,29147.66796875,1777139.0
1784739420,29148.201171875,29154.546875,29148.201171875,29150.3671875,1389696.0
1784739480,29148.8125,29151.234375,29147.125,29148.93359375,1242244.0
1784739540,29150.11328125,29150.11328125,29143.146484375,29143.7890625,1993721.0
1784739600,29143.015625,29155.5546875,29142.849609375,29155.38671875,704038.0
1784739660,29153.564453125,29156.966796875,29150.810546875,29151.4296875,2456286.0
1784739720,29149.896484375,29151.095703125,29143.93359375,29144.93359375,630944.0
1784739780,29144.869140625,29146.59765625,29136.734375,29141.05859375,1780350.0
1784739840,29140.26171875,29140.26171875,29136.30859375,29140.1015625,954563.0
1784739900,29141.31640625,29149.08203125,29141.31640625,29146.576171875,1865453.0
1784739960,29146.94140625,29153.3828125,29144.60546875,29153.3828125,1019212.0
1784740020,29152.919921875,29161.5859375,29151.83984375,29161.5859375,2396936.0
1784740080,29161.76953125,29161.76953125,29155.57421875,29157.482421875,882307.0
1784740140,29157.716796875,29157.716796875,29150.751953125,29157.30859375,1826935.0
1784740200,29157.763671875,29159.6015625,29155.068359375,29157.794921875,662606.0
1784740260,29158.78125,29159.33203125,29152.767578125,29155.951171875,2101879.0
1784740320,29157.15234375,29157.15234375,29151.59375,29151.78515625,581968.0
1784740380,29152.486328125,29152.486328125,29146.029296875,29148.224609375,1775209.0
1784740440,29147.169921875,29148.029296875,29141.453125,29143.310546875,640171.0
1784740500,29144.19921875,29144.513671875,29134.193359375,29135.431640625,1664620.0
1784740560,29135.599609375,29139.865234375,29134.10546875,29135.072265625,1488856.0
1784740620,29135.201171875,29143.490234375,29135.201171875,29143.490234375,1351598.0
1784740680,29143.080078125,29146.80859375,29143.080078125,29146.392578125,1395373.0
1784740740,29145.181640625,29149.169921875,29144.19140625,29144.19140625,1329609.0
1784740800,29142.853515625,29142.853515625,29134.736328125,29135.8359375,1413864.0
1784740860,29137.404296875,29139.0625,29134.482421875,29134.640625,1347448.0
1784740920,29133.7421875,29138.6484375,29129.78515625,29138.6484375,1503541.0
1784740980,29138.765625,29145.9921875,29138.765625,29143.00390625,1782317.0
1784741040,29142.818359375,29147.484375,29141.748046875,29145.10546875,1786129.0
1784741100,29144.66796875,29144.66796875,29135.830078125,29135.830078125,1677612.0
1784741160,29136.97265625,29136.97265625,29131.974609375,29134.841796875,2002617.0
1784741220,29134.3828125,29138.63671875,29134.3828125,29138.28515625,706385.0
1784741280,29137.490234375,29148.115234375,29136.498046875,29147.203125,2333133.0
1784741340,29149.041015625,29149.041015625,29139.51953125,29139.51953125,1095029.0
1784741400,29137.2734375,29144.90625,29137.2734375,29144.30078125,1979770.0
1784741460,29145.0078125,29151.189453125,29145.0078125,29148.0546875,1984315.0
1784741520,29147.96484375,29147.96484375,29129.537109375,29129.837890625,3424394.0
1784741580,29130.5,29130.69921875,29117.140625,29119.625,1879985.0
1784741640,29121.650390625,29121.650390625,29114.494140625,29119.04296875,3181724.0
1784741700,29118.083984375,29123.662109375,29115.62109375,29122.8828125,1711752.0
1784741760,29122.39453125,29129.3046875,29122.39453125,29129.3046875,1359093.0
1784741820,29129.046875,29137.66015625,29129.005859375,29137.66015625,1429104.0
1784741880,29139.310546875,29141.734375,29137.740234375,29138.19140625,1305835.0
1784741940,29138.646484375,29146.447265625,29138.634765625,29146.447265625,1351939.0
1784742000,29145.923828125,29145.923828125,29136.50390625,29136.91015625,1508084.0
1784742060,29137.236328125,29137.236328125,29131.66015625,29131.67578125,1547637.0
1784742120,29130.982421875,29130.982421875,29125.30859375,29125.30859375,1297325.0
1784742180,29126.337890625,29127.2265625,29123.931640625,29123.931640625,1151785.0
1784742240,29124.0234375,29130.287109375,29124.0234375,29128.091796875,1245105.0
1784742300,29128.265625,29130.81640625,29125.765625,29129.251953125,1473655.0
1784742360,29128.76953125,29129.201171875,29123.89453125,29125.69140625,1268989.0
1784742420,29125.59375,29126.083984375,29118.12890625,29118.12890625,6500010.0
1784742480,29118.53515625,29120.5546875,29113.984375,29114.056640625,515864.0
1784742540,29114.5,29119.4453125,29113.35546875,29113.35546875,1898259.0
1784742600,29113.66796875,29113.830078125,29110.22265625,29111.626953125,665097.0
1784742660,29112.935546875,29117.076171875,29112.935546875,29115.3515625,1682358.0
1784742720,29115.013671875,29115.830078125,29104.3125,29105.052734375,1047611.0
1784742780,29104.552734375,29104.552734375,29091.318359375,29091.318359375,2838041.0
1784742840,29089.529296875,29090.3203125,29084.818359375,29084.818359375,913119.0
1784742900,29083.65234375,29083.65234375,29068.68359375,29080.55078125,3287967.0
1784742960,29082.3828125,29085.84765625,29080.953125,29083.619140625,863296.0
1784743020,29084.6171875,29090.40234375,29079.873046875,29080.314453125,2261746.0
1784743080,29080.228515625,29082.966796875,29078.20703125,29078.68359375,881712.0
1784743140,29077.662109375,29077.662109375,29073.923828125,29075.03125,2251284.0
1784743200,29077.923828125,29090.982421875,29077.625,29089.39453125,875589.0
1784743260,29088.935546875,29088.935546875,29076.171875,29080.48828125,2250937.0
1784743320,29081.60546875,29081.60546875,29066.517578125,29072.515625,932099.0
1784743380,29072.91796875,29079.6953125,29072.91796875,29078.2890625,1883063.0
1784743440,29080.1875,29087.3125,29077.978515625,29086.740234375,1383935.0
1784743500,29086.142578125,29091.37890625,29081.48046875,29087.3125,1532701.0
1784743560,29087.4765625,29091.0234375,29086.583984375,29090.96484375,1237266.0
1784743620,29090.650390625,29098.42578125,29087.84375,29098.42578125,1244892.0
1784743680,29098.904296875,29101.654296875,29094.837890625,29094.837890625,1246799.0
1784743740,29093.4140625,29093.4140625,29080.22265625,29081.921875,1382601.0
1784743800,29080.724609375,29084.26171875,29073.4765625,29082.9609375,2118488.0
1784743860,29084.40234375,29087.625,29081.13671875,29081.13671875,1507606.0
1784743920,29080.0859375,29080.48828125,29069.453125,29070.6953125,2004068.0
1784743980,29071.095703125,29073.255859375,29064.4296875,29065.240234375,1557657.0
1784744040,29066.048828125,29066.451171875,29059.203125,29059.203125,1611456.0
1784744100,29058.087890625,29060.57421875,29055.982421875,29059.357421875,1849603.0
1784744160,29059.70703125,29066.173828125,29058.849609375,29061.83203125,1414856.0
1784744220,29062.453125,29064.619140625,29056.43359375,29059.865234375,1529746.0
1784744280,29059.478515625,29070.59375,29059.478515625,29070.59375,2339316.0
1784744340,29070.087890625,29072.71484375,29062.8671875,29063.97265625,655963.0
1784744400,29064.42578125,29071.44921875,29058.146484375,29070.884765625,2545586.0
1784744460,29071.4921875,29080.990234375,29071.4921875,29072.447265625,669966.0
1784744520,29070.400390625,29070.400390625,29066.0078125,29066.943359375,1786231.0
1784744580,29066.6484375,29067.4453125,29058.755859375,29058.755859375,992524.0
1784744640,29059.12890625,29069.548828125,29058.44921875,29063.6015625,2503839.0
1784744700,29063.294921875,29066.724609375,29061.884765625,29065.01953125,680970.0
1784744760,29065.830078125,29066.630859375,29062.54296875,29064.041015625,2254322.0
1784744820,29067.048828125,29067.048828125,29059.935546875,29064.064453125,731679.0
1784744880,29063.8046875,29076.84765625,29063.8046875,29076.84765625,2235185.0
1784744940,29077.380859375,29077.380859375,29072.287109375,29072.287109375,625274.0
1784745000,29072.32421875,29072.32421875,29055.080078125,29058.94140625,3186911.0
1784745060,29058.455078125,29058.455078125,29045.984375,29046.580078125,2126239.0
1784745120,29046.396484375,29047.943359375,29041.171875,29041.171875,2678583.0
1784745180,29043.19140625,29050.736328125,29043.103515625,29049.9140625,1093249.0
1784745240,29049.673828125,29051.6953125,29043.7890625,29045.513671875,1724096.0
1784745300,29045.396484375,29057.8984375,29043.14453125,29057.8984375,1628408.0
1784745360,29060.9609375,29064.625,29060.9609375,29064.119140625,1405685.0
1784745420,29064.619140625,29069.314453125,29063.095703125,29063.76171875,1444010.0
1784745480,29065.2265625,29068.583984375,29064.31640625,29064.466796875,1590880.0
1784745540,29064.9296875,29065.533203125,29055.849609375,29062.955078125,1572605.0
1784745600,29065.5390625,29065.673828125,29057.828125,29057.828125,2147869.0
1784745660,29057.98828125,29064.09765625,29057.98828125,29064.09765625,1419650.0
1784745720,29063.8671875,29063.873046875,29058.4609375,29058.4609375,1353079.0
1784745780,29058.203125,29063.41015625,29058.13671875,29063.19921875,1494192.0
1784745840,29063.177734375,29063.271484375,29061.767578125,29062.41796875,1336216.0
1784745900,29062.02734375,29075.32421875,29060.9140625,29075.32421875,1393907.0
1784745960,29073.515625,29075.052734375,29070.83203125,29075.052734375,1581284.0
1784746020,29075.748046875,29075.748046875,29072.466796875,29074.416015625,1277319.0
1784746080,29074.083984375,29079.990234375,29074.083984375,29076.025390625,1400848.0
1784746140,29076.337890625,29076.337890625,29065.064453125,29065.376953125,1516389.0
1784746200,29062.580078125,29064.3515625,29057.5625,29057.5625,1788978.0
1784746260,29058.203125,29068.826171875,29058.203125,29064.638671875,2470243.0
1784746320,29065.30859375,29065.30859375,29058.48828125,29061.587890625,741856.0
1784746380,29061.53125,29073.521484375,29061.53125,29073.521484375,2467600.0
1784746440,29073.513671875,29083.640625,29073.513671875,29083.072265625,957143.0
1784746500,29083.287109375,29090.23828125,29083.287109375,29090.23828125,3029273.0
1784746560,29089.66015625,29090.740234375,29077.091796875,29079.263671875,1074452.0
1784746620,29080.32421875,29083.892578125,29079.234375,29083.892578125,2357742.0
1784746680,29084.33203125,29091.330078125,29084.33203125,29087.962890625,856490.0
1784746740,29086.705078125,29090.388671875,29082.302734375,29082.302734375,2568784.0
1784746800,29081.974609375,29084.4921875,29080.44921875,29083.8515625,1099400.0
1784746860,29083.61328125,29086.474609375,29070.84375,29072.896484375,3043611.0
1784746920,29075.52734375,29078.650390625,29074.005859375,29075.02734375,1291026.0
1784746980,29074.572265625,29081.703125,29074.572265625,29081.703125,2943861.0
1784747040,29082.90625,29090.173828125,29082.90625,29085.12890625,1478023.0
1784747100,29082.830078125,29087.078125,29082.830078125,29083.890625,3493858.0
1784747160,29077.859375,29086.931640625,29077.7890625,29086.931640625,1191458.0
1784747220,29087.2265625,29087.2265625,29077.662109375,29078.1640625,1890696.0
1784747280,29077.08984375,29081.669921875,29074.3125,29079.150390625,1988023.0
1784747340,29079.548828125,29082.642578125,29077.953125,29081.962890625,1861401.0
1784747400,29080.34765625,29080.34765625,29074.970703125,29076.17578125,2265618.0
1784747460,29076.453125,29076.515625,29068.125,29068.30859375,2047490.0
1784747520,29067.6875,29067.6875,29060.00390625,29060.365234375,2933473.0
1784747580,29059.646484375,29061.837890625,29056.93359375,29056.93359375,2359574.0
1784747640,29057.14453125,29058.544921875,29050.78125,29057.78125,2147408.0
1784747700,29058.20703125,29059.60546875,29052.693359375,29057.390625,2185100.0
1784747760,29059.154296875,29072.482421875,29057.421875,29071.517578125,2237272.0
1784747820,29070.2421875,29073.845703125,29068.255859375,29073.810546875,2141473.0
1784747880,29072.626953125,29076.083984375,29069.490234375,29074.6796875,2244068.0
1784747940,29075.869140625,29079.0859375,29075.0234375,29075.837890625,2149027.0
1784748000,29075.5234375,29075.5234375,29068.3125,29068.3125,2119747.0
1784748060,29067.384765625,29067.85546875,29060.70703125,29064.7890625,1779334.0
1784748120,29064.896484375,29079.73828125,29063.51171875,29079.73828125,2781501.0
1784748180,29079.23046875,29080.669921875,29077.96875,29078.154296875,986891.0
1784748240,29078.66796875,29079.8125,29072.140625,29072.140625,3490313.0
1784748300,29071.455078125,29072.083984375,29066.4375,29069.044921875,1218256.0
1784748360,29069.779296875,29072.853515625,29061.71875,29062.98828125,2919811.0
1784748420,29063.861328125,29077.857421875,29063.861328125,29076.8984375,1081110.0
1784748480,29076.435546875,29092.619140625,29076.435546875,29091.4765625,3579603.0
1784748540,29092.38671875,29092.38671875,29085.427734375,29086.046875,1666292.0
1784748600,29084.234375,29087.85546875,29068.154296875,29068.154296875,4425291.0
1784748660,29067.498046875,29073.896484375,29066.646484375,29068.01171875,1457429.0
1784748720,29069.201171875,29070.81640625,29066.849609375,29067.9375,3339274.0
1784748780,29068.515625,29072.76171875,29063.916015625,29067.87109375,1452012.0
1784748840,29067.685546875,29067.775390625,29059.79296875,29060.568359375,3904507.0
1784748900,29063.62109375,29067.515625,29060.841796875,29060.841796875,1390509.0
1784748960,29060.248046875,29060.248046875,29048.5390625,29051.97265625,4293449.0
1784749020,29051.205078125,29052.6640625,29044.1484375,29045.236328125,1124534.0
1784749080,29045.390625,29045.390625,29030.150390625,29033.6640625,2716403.0
1784749140,29031.21875,29033.41796875,29028.154296875,29032.962890625,3365834.0
1784749200,29033.470703125,29039.48828125,29033.470703125,29034.70703125,2806198.0
1784749260,29034.861328125,29040.974609375,29028.9765625,29040.974609375,2938720.0
1784749320,29041.037109375,29051.58984375,29041.037109375,29047.10546875,3717210.0
1784749380,29047.041015625,29051.3046875,29046.8359375,29050.814453125,2832982.0
1784749440,29046.46484375,29053.59375,29041.12890625,29042.869140625,3360970.0
1784749500,29043.197265625,29050.81640625,29043.197265625,29046.826171875,3872778.0
1784749560,29045.900390625,29050.306640625,29041.52734375,29041.52734375,3154923.0
1784749620,29041.484375,29048.771484375,29041.392578125,29046.54296875,2881577.0
1784749680,29046.16015625,29050.060546875,29044.759765625,29049.375,3807232.0
1784749740,29049.279296875,29058.078125,29049.279296875,29054.248046875,4488522.0
1784749800,29073.02734375,29073.02734375,29037.509765625,29037.509765625,4488874.0
1784749860,29036.7265625,29039.9609375,29032.91796875,29036.015625,8817501.0
1784749920,29036.79296875,29052.86328125,29036.79296875,29042.587890625,2423662.0
1784749980,29045.685546875,29051.171875,29039.181640625,29046.15234375,4487937.0
1784750040,29042.087890625,29045.375,29025.986328125,29030.3671875,5612477.0
1784750100,29019.28515625,29019.28515625,29006.13671875,29007.234375,7496051.0
1784750160,29007.826171875,29011.125,29003.365234375,29005.849609375,7053969.0
1784750220,29009.53515625,29023.193359375,29009.53515625,29016.158203125,6440419.0
1784750280,29017.658203125,29029.107421875,29017.658203125,29021.712890625,6726500.0
1784750340,29028.19140625,29031.0390625,28997.4296875,28997.4296875,6387325.0
1784750400,28998.099609375,28998.099609375,28998.099609375,28998.099609375,0.0
1784750460,29143.8,29143.8,29134.1,29137.5,195.0
1784750520,29136.1,29138.2,29128.1,29132.3,227.0
1784750580,29132.3,29133.6,29122.7,29129.1,226.0
1784750640,29129.0,29129.0,29122.1,29127.2,199.0
1784750700,29127.0,29137.7,29126.6,29134.1,207.0
1784750760,29134.0,29141.1,29130.8,29140.1,217.0
1784750820,29140.2,29149.7,29137.3,29149.3,202.0
1784750880,29149.2,29149.7,29142.2,29145.6,194.0
1784750940,29145.6,29145.8,29137.7,29144.8,204.0
1784751000,29145.0,29146.7,29141.3,29145.1,212.0
1784751060,29145.0,29146.5,29139.0,29143.2,214.0
1784751120,29143.2,29145.7,29138.0,29139.8,199.0
1784751180,29139.7,29139.7,29131.5,29133.7,217.0
1784751240,29133.7,29135.0,29126.1,29129.0,232.0
1784751300,29129.6,29132.3,29121.1,29123.8,223.0
1784751360,29124.1,29128.6,29120.5,29123.3,229.0
1784751420,29123.6,29132.7,29121.2,29132.2,221.0
1784751480,29132.0,29137.0,29131.2,29133.7,216.0
1784751540,29133.7,29136.2,29128.6,29129.0,230.0
1784751600,29129.2,29129.2,29119.3,29121.3,210.0
1784751660,29121.6,29127.5,29117.5,29117.7,233.0
1784751720,29117.0,29125.2,29114.3,29124.2,228.0
1784751780,29124.0,29132.0,29123.8,29129.7,215.0
1784751840,29129.3,29135.1,29126.8,29132.3,216.0
1784751900,29132.1,29132.1,29122.2,29122.8,205.0
1784751960,29122.8,29124.0,29117.6,29122.2,228.0
1784752020,29122.2,29127.0,29120.8,29125.5,194.0
1784752080,29125.0,29136.5,29122.3,29133.8,215.0
1784752140,29133.8,29137.7,29124.6,29124.6,211.0
1784752200,29124.3,29131.5,29122.5,29131.3,204.0
1784752260,29131.2,29138.5,29130.8,29132.8,204.0
1784752320,29133.5,29133.7,29111.6,29115.8,222.0
1784752380,29115.6,29115.8,29104.2,29109.0,221.0
1784752440,29109.3,29109.6,29101.2,29103.0,235.0
1784752500,29102.7,29112.1,29100.0,29108.3,233.0
1784752560,29108.7,29116.2,29108.0,29115.1,208.0
1784752620,29115.5,29126.7,29114.2,29125.7,222.0
1784752680,29125.5,29130.7,29121.0,29123.7,219.0
1784752740,29122.8,29134.2,29122.2,29133.0,218.0
1784752800,29133.0,29133.0,29121.6,29124.1,214.0
1784752860,29124.1,29124.1,29116.2,29116.7,204.0
1784752920,29116.7,29118.1,29111.2,29112.7,221.0
1784752980,29112.8,29116.0,29108.2,29110.1,197.0
1784753040,29110.1,29116.6,29110.1,29112.8,205.0
1784753100,29113.7,29117.1,29110.7,29113.3,200.0
1784753160,29113.2,29116.2,29109.2,29112.2,221.0
1784753220,29112.1,29112.8,29104.8,29106.0,201.0
1784753280,29106.8,29108.5,29100.6,29101.8,200.0
1784753340,29102.0,29108.2,29101.0,29101.2,218.0
1784753400,29101.0,29102.8,29097.7,29099.0,206.0
1784753460,29099.0,29106.5,29099.0,29103.2,219.0
1784753520,29103.5,29103.8,29088.0,29090.8,219.0
1784753580,29090.6,29091.2,29077.2,29077.5,227.0
1784753640,29078.1,29079.3,29069.5,29069.6,252.0
1784753700,29070.0,29072.2,29053.2,29070.2,245.0
1784753760,29070.3,29074.7,29067.1,29071.1,244.0
1784753820,29071.0,29080.0,29065.8,29068.6,225.0
1784753880,29068.6,29073.8,29063.6,29063.8,229.0
1784753940,29062.5,29066.8,29058.3,29063.6,236.0
1784754000,29063.0,29080.3,29062.7,29077.5,243.0
1784754060,29077.6,29079.2,29061.5,29068.7,234.0
1784754120,29068.6,29070.2,29051.5,29060.6,247.0
1784754180,29060.8,29066.8,29058.8,29066.8,233.0
1784754240,29067.6,29073.0,29062.1,29071.3,222.0
1784754300,29071.6,29078.2,29065.1,29073.3,239.0
1784754360,29072.5,29078.2,29071.2,29076.6,230.0
1784754420,29075.5,29088.0,29072.8,29087.5,213.0
1784754480,29086.8,29089.1,29078.6,29078.6,214.0
1784754540,29078.6,29078.6,29064.5,29064.8,226.0
1784754600,29064.8,29069.3,29056.5,29068.2,236.0
1784754660,29068.2,29072.3,29064.3,29064.6,225.0
1784754720,29064.6,29066.1,29052.3,29055.0,221.0
1784754780,29055.1,29060.0,29048.0,29052.6,229.0
1784754840,29052.1,29054.6,29044.1,29044.1,214.0
1784754900,29043.3,29048.7,29041.5,29047.1,229.0
1784754960,29046.3,29053.7,29043.0,29049.1,238.0
1784755020,29050.0,29054.2,29043.2,29046.5,224.0
1784755080,29046.8,29057.8,29046.8,29057.7,226.0
1784755140,29057.6,29060.0,29047.8,29050.8,217.0
1784755200,29050.8,29061.6,29043.5,29061.2,218.0
1784755260,29061.2,29072.1,29058.1,29058.7,225.0
1784755320,29057.6,29058.1,29052.1,29056.6,232.0
1784755380,29056.0,29057.2,29044.8,29046.1,224.0
1784755440,29046.1,29057.3,29045.3,29048.6,228.0
1784755500,29048.5,29053.0,29046.3,29051.1,197.0
1784755560,29051.2,29054.2,29046.5,29050.3,223.0
1784755620,29050.5,29055.2,29044.8,29051.0,213.0
1784755680,29051.0,29065.3,29049.6,29064.6,214.0
1784755740,29064.7,29066.6,29057.8,29058.5,211.0
1784755800,29058.3,29058.7,29041.8,29047.6,223.0
1784755860,29047.6,29047.7,29032.3,29035.2,224.0
1784755920,29034.8,29035.3,29027.0,29029.6,225.0
1784755980,29029.8,29039.2,29029.1,29038.3,221.0
1784756040,29038.0,29039.6,29031.8,29033.6,214.0
1784756100,29033.0,29049.7,29030.6,29049.7,232.0
1784756160,29049.7,29054.2,29048.5,29053.0,232.0
1784756220,29052.8,29058.1,29049.1,29052.3,220.0
1784756280,29052.7,29058.5,29051.3,29051.6,205.0
1784756340,29051.6,29052.8,29041.3,29051.8,209.0
1784756400,29052.6,29054.7,29043.7,29046.0,226.0
1784756460,29046.0,29052.1,29043.7,29051.8,202.0
1784756520,29051.8,29051.8,29043.0,29043.2,198.0
1784756580,29043.1,29050.5,29042.3,29050.3,196.0
1784756640,29050.3,29051.1,29047.5,29047.6,180.0
1784756700,29047.2,29064.1,29046.3,29062.6,214.0
1784756760,29062.8,29064.0,29057.2,29063.2,212.0
1784756820,29063.1,29063.2,29058.7,29061.7,188.0
1784756880,29061.3,29067.8,29060.6,29062.1,212.0
1784756940,29062.0,29062.5,29050.8,29051.6,203.0
1784757000,29051.5,29052.8,29043.8,29047.8,215.0
1784757060,29048.0,29057.5,29045.2,29052.3,227.0
1784757120,29052.6,29055.1,29044.1,29050.0,209.0
1784757180,29050.1,29062.1,29049.3,29062.1,207.0
1784757240,29062.1,29073.6,29061.1,29072.3,202.0
1784757300,29072.3,29076.7,29070.7,29076.2,207.0
1784757360,29076.2,29077.6,29062.2,29067.2,222.0
1784757420,29067.6,29070.2,29064.7,29069.8,197.0
1784757480,29070.0,29076.8,29069.7,29072.5,201.0
1784757540,29072.6,29075.7,29064.3,29064.3,209.0
1784757600,29064.7,29069.0,29061.6,29067.5,218.0
1784757660,29067.6,29072.1,29053.5,29059.7,247.0
1784757720,29059.7,29063.5,29057.6,29058.0,220.0
1784757780,29058.3,29068.1,29058.3,29067.7,225.0
1784757840,29068.0,29076.5,29067.5,29068.0,215.0
1784757900,29067.6,29072.7,29064.5,29064.5,214.0
1784757960,29064.5,29071.7,29059.5,29071.7,212.0
1784758020,29071.6,29072.2,29060.5,29061.7,227.0
1784758080,29061.6,29070.2,29059.7,29065.1,214.0
1784758140,29065.1,29068.3,29064.5,29065.1,199.0
1784758200,29065.0,29065.0,29059.0,29060.7,228.0
1784758260,29060.7,29062.3,29050.2,29054.1,210.0
1784758320,29053.6,29054.3,29042.8,29044.5,230.0
1784758380,29044.5,29047.7,29040.6,29042.5,229.0
1784758440,29043.1,29044.3,29034.2,29043.3,237.0
1784758500,29043.5,29048.6,29036.6,29044.6,247.0
1784758560,29044.8,29059.3,29043.8,29057.8,231.0
1784758620,29057.5,29060.5,29053.8,29057.5,227.0
1784758680,29057.8,29061.7,29052.5,29059.3,220.0
1784758740,29059.2,29065.1,29058.8,29059.3,211.0
1784758800,29059.0,29059.8,29051.8,29052.0,213.0
1784758860,29051.6,29054.6,29043.2,29050.3,211.0
1784758920,29050.3,29063.7,29046.1,29063.6,230.0
1784758980,29063.0,29066.1,29060.8,29063.0,204.0
1784759040,29063.1,29065.2,29056.3,29056.6,209.0
1784759100,29056.3,29058.2,29049.3,29055.1,230.0
1784759160,29055.1,29059.7,29046.7,29049.6,202.0
1784759220,29049.6,29063.5,29046.8,29063.5,215.0
1784759280,29063.1,29077.6,29062.3,29076.3,204.0
1784759340,29076.7,29078.2,29070.5,29072.2,202.0
1784759400,29069.5,29073.0,29052.1,29052.6,251.0
1784759460,29052.8,29058.6,29049.3,29054.0,235.0
1784759520,29053.8,29056.3,29051.3,29054.1,212.0
1784759580,29054.0,29059.2,29049.7,29052.1,217.0
1784759640,29051.8,29053.7,29044.8,29048.5,216.0
1784759700,29048.2,29054.6,29044.2,29045.1,220.0
1784759760,29045.2,29045.3,29032.3,29038.0,235.0
1784759820,29037.8,29039.8,29031.8,29033.1,224.0
1784759880,29033.2,29033.2,29013.7,29018.0,241.0
1784759940,29017.6,29020.8,29011.8,29018.6,228.0
1784760000,29018.6,29028.3,29018.6,29022.5,233.0
1784760060,29022.3,29028.2,29014.5,29028.2,232.0
1784760120,29028.0,29038.3,29027.6,29035.8,239.0
1784760180,29035.8,29040.2,29034.1,29038.0,215.0
1784760240,29038.1,29042.1,29029.2,29030.7,241.0
1784760300,29031.5,29040.7,29030.3,29032.2,239.0
1784760360,29031.5,29038.7,29027.6,29028.8,230.0
1784760420,29029.2,29038.0,29027.7,29032.8,227.0
1784760480,29032.8,29039.1,29031.6,29037.6,233.0
1784760540,29038.3,29046.5,29038.3,29043.0,212.0
1784760600,29057.0,29063.5,29027.3,29027.5,238.0
1784760660,29027.6,29030.3,29023.1,29028.1,234.0
1784760720,29024.8,29046.2,29024.0,29035.6,239.0
1784760780,29035.8,29041.1,29028.6,29033.0,225.0
1784760840,29031.0,29036.0,29017.7,29022.2,244.0
1784760900,29014.2,29014.2,28997.2,29000.5,253.0
1784760960,29000.3,29003.1,28993.8,28995.2,244.0
1784761020,28996.8,29013.0,28996.8,29007.6,248.0
1784761080,29006.2,29019.7,29005.6,29011.1,235.0
1784761140,29011.3,29022.5,28978.3,28978.3,269.0
1784761200,28977.8,29022.6,28977.8,29021.8,264.0
1784761260,29022.6,29037.0,28964.5,29021.5,263.0
1784761320,29019.5,29051.6,28963.5,29004.3,285.0
1784761380,29020.3,29043.6,28982.0,29023.8,254.0
1784761440,29023.8,29023.8,28963.2,28965.7,254.0
1784761500,28971.7,28990.3,28941.7,28948.1,257.0
1784761560,28948.5,28964.5,28938.7,28960.6,244.0
1784761620,28960.6,28989.0,28959.6,28975.1,247.0
1784761680,28973.3,28986.3,28967.6,28984.7,222.0
1784761740,28985.3,28990.3,28973.8,28973.8,191.0
1784761800,28973.7,28982.2,28963.7,28970.8,201.0
1784761860,28970.5,28998.8,28970.1,28996.3,188.0
1784761920,28996.3,29017.3,28992.2,28998.8,214.0
1784761980,28998.8,29037.6,28997.7,29031.2,229.0
1784762040,29032.7,29068.2,29028.6,29068.2,223.0
1784762100,29064.7,29074.5,29059.5,29060.0,238.0
1784762160,29057.8,29058.0,29042.1,29052.0,239.0
1784762220,29051.7,29066.2,29051.0,29064.0,197.0
1784762280,29063.2,29077.8,29052.7,29073.3,194.0
1784762340,29072.7,29076.3,29064.1,29067.6,185.0
1784762400,29067.7,29068.8,29049.2,29049.6,169.0
1784762460,29049.5,29050.7,29035.1,29035.8,166.0
1784762520,29035.8,29056.6,29033.5,29056.6,181.0
1784762580,29055.8,29062.2,29045.1,29050.6,168.0
1784762640,29051.6,29058.7,29046.6,29052.3,121.0
1784762700,29053.3,29058.5,29043.5,29043.6,128.0
1784762760,29043.6,29046.0,29027.6,29027.8,161.0
1784762820,29028.0,29036.0,29025.3,29029.3,142.0
1784762880,29029.3,29031.8,29022.8,29027.0,126.0
1784762940,29027.1,29037.0,29025.3,29037.0,126.0
1784763000,29036.2,29036.2,29025.5,29029.2,106.0
1784763060,29029.5,29031.6,29019.5,29030.1,162.0
1784763120,29030.1,29036.6,29027.2,29034.2,149.0
1784763180,29034.2,29043.5,29033.5,29040.0,105.0
1784763240,29040.0,29040.0,29030.7,29033.6,146.0
1784763300,29033.6,29038.5,29031.2,29034.2,140.0
1784763360,29035.2,29039.1,29021.3,29022.2,149.0
1784763420,29022.7,29026.8,29016.1,29018.8,142.0
1784763480,29017.1,29024.3,29002.8,29006.7,176.0
1784763540,29006.7,29023.0,29005.6,29015.2,163.0
1784763600,29015.5,29017.1,29007.3,29009.0,143.0
1784763660,29009.0,29017.8,29009.0,29015.5,148.0
1784763720,29015.5,29019.0,29011.0,29012.7,150.0
1784763780,29013.3,29015.6,29004.7,29008.6,116.0
1784763840,29008.2,29010.3,29002.3,29003.1,132.0
1784763900,29003.3,29005.3,28997.7,29003.7,133.0
1784763960,29003.7,29007.1,29001.3,29004.5,118.0
1784764020,29004.5,29014.5,29003.2,29011.7,115.0
1784764080,29011.7,29017.1,29009.7,29009.8,126.0
1784764140,29009.8,29009.8,29005.6,29007.7,135.0
1784764200,29007.6,29021.8,29007.6,29021.2,159.0
1784764260,29021.2,29029.0,29015.8,29018.6,126.0
1784764320,29018.7,29024.0,29018.6,29022.2,126.0
1784764380,29022.1,29031.1,29022.0,29022.8,149.0
1784764440,29023.3,29025.6,29015.1,29021.5,123.0
1784764500,29021.2,29021.2,29012.5,29013.6,123.0
1784764560,29013.6,29015.6,29005.5,29011.1,145.0
1784764620,29011.2,29013.8,29008.8,29011.8,151.0
1784764680,29012.2,29012.8,29000.1,29000.1,175.0
1784768400,28953.9,28963.4,28927.6,28928.1,187.0
1784768460,28929.1,28938.1,28914.3,28916.4,199.0
1784768520,28916.8,28917.6,28898.9,28909.8,177.0
1784768580,28910.1,28921.5,28904.5,28907.8,175.0
1784768640,28907.3,28907.5,28900.6,28900.8,119.0
1784768700,28900.6,28904.4,28888.5,28895.3,130.0
1784768760,28895.3,28899.8,28888.6,28899.0,139.0
1784768820,28900.4,28900.9,28883.5,28888.1,124.0
1784768880,28888.1,28895.8,28888.1,28892.5,150.0
1784768940,28892.5,28896.6,28889.1,28889.8,155.0
1784769000,28889.4,28904.1,28888.1,28895.8,145.0
1784769060,28895.8,28899.1,28892.4,28897.8,116.0
1784769120,28897.6,28907.6,28896.6,28907.5,158.0
1784769180,28907.5,28911.0,28900.1,28911.0,133.0
1784769240,28910.9,28914.6,28907.1,28907.5,107.0
1784769300,28907.5,28915.9,28907.5,28909.5,138.0
1784769360,28909.3,28914.3,28906.1,28907.1,116.0
1784769420,28907.1,28908.9,28893.4,28901.9,146.0
1784769480,28901.9,28909.3,28901.5,28907.4,120.0
1784769540,28907.3,28910.6,28905.6,28905.6,114.0
1784769600,28905.8,28913.9,28903.9,28913.1,131.0
1784769660,28913.1,28918.0,28909.0,28909.0,122.0
1784769720,28909.0,28911.5,28904.1,28907.3,143.0
1784769780,28907.3,28908.1,28904.4,28905.3,114.0
1784769840,28905.4,28912.4,28901.1,28911.9,131.0
1784769900,28911.9,28921.4,28911.9,28919.0,97.0
1784769960,28919.0,28928.5,28918.5,28928.4,111.0
1784770020,28927.5,28927.6,28920.5,28921.1,140.0
1784770080,28921.3,28924.6,28906.9,28907.5,154.0
1784770140,28907.5,28909.8,28899.3,28904.5,138.0
1784770200,28904.5,28907.5,28899.8,28905.0,139.0
1784770260,28904.9,28910.6,28902.1,28909.1,124.0
1784770320,28909.1,28909.1,28901.8,28902.6,114.0
1784770380,28902.6,28910.6,28901.6,28909.3,102.0
1784770440,28909.1,28909.1,28899.4,28902.0,109.0
1784770500,28902.0,28905.5,28899.3,28905.3,110.0
1784770560,28905.3,28907.5,28898.4,28900.0,127.0
1784770620,28899.8,28899.8,28883.0,28883.3,145.0
1784770680,28883.3,28885.9,28880.3,28882.0,150.0
1784770740,28882.0,28882.6,28868.4,28870.0,161.0
1784770800,28870.5,28870.6,28864.9,28867.8,168.0
1784770860,28868.1,28870.9,28864.0,28869.0,145.0
1784770920,28869.0,28877.3,28866.5,28867.3,130.0
1784770980,28867.3,28873.1,28864.4,28871.0,138.0
1784771040,28871.0,28871.9,28867.6,28868.5,122.0
1784771100,28868.5,28870.9,28862.9,28863.4,132.0
1784771160,28863.4,28867.5,28862.0,28866.5,114.0
1784771220,28866.5,28868.5,28864.0,28864.0,108.0
1784771280,28863.9,28873.5,28863.9,28868.6,113.0
1784771340,28868.6,28887.1,28868.1,28885.0,145.0
1784771400,28885.1,28885.5,28878.9,28879.6,123.0
1784771460,28879.8,28891.3,28879.4,28890.9,111.0
1784771520,28890.9,28895.8,28888.9,28894.5,123.0
1784771580,28894.5,28897.3,28893.6,28895.0,98.0
1784771640,28895.0,28901.6,28893.4,28901.4,99.0
1784771700,28901.0,28903.5,28898.3,28901.6,116.0
1784771760,28901.6,28906.6,28901.0,28905.4,141.0
1784771820,28905.4,28906.5,28895.6,28895.8,129.0
1784771880,28895.8,28898.1,28895.0,28896.0,79.0
1784771940,28896.1,28897.9,28891.4,28894.6,98.0
1784772000,28894.6,28897.6,28889.0,28891.4,125.0
1784772060,28891.4,28902.8,28889.5,28897.4,137.0
1784772120,28897.3,28898.1,28889.8,28894.3,105.0
1784772180,28894.4,28894.4,28888.1,28889.9,108.0
1784772240,28889.9,28891.8,28850.5,28861.1,178.0
1784772300,28861.9,28863.9,28855.0,28855.4,167.0
1784772360,28855.5,28860.9,28855.0,28857.1,139.0
1784772420,28857.1,28864.4,28855.0,28864.0,123.0
1784772480,28862.3,28863.0,28857.9,28861.9,108.0
1784772540,28861.9,28863.9,28855.0,28856.1,108.0
1784772600,28856.1,28868.3,28852.4,28861.8,160.0
1784772660,28861.6,28869.1,28861.6,28864.4,135.0
1784772720,28864.1,28884.9,28864.1,28882.8,120.0
1784772780,28882.8,28889.1,28881.8,28889.0,149.0
1784772840,28889.0,28889.9,28884.8,28886.1,120.0
1784772900,28886.1,28888.6,28883.0,28887.3,104.0
1784772960,28887.8,28888.4,28878.9,28879.4,104.0
1784773020,28879.1,28879.1,28866.4,28866.5,119.0
1784773080,28866.6,28869.9,28859.0,28868.3,137.0
1784773140,28868.4,28869.9,28860.5,28865.4,116.0
1784773200,28865.1,28871.6,28865.1,28869.4,115.0
1784773260,28869.4,28871.6,28867.6,28869.8,77.0
1784773320,28869.8,28872.5,28868.6,28868.9,74.0
1784773380,28868.9,28876.1,28868.6,28875.3,81.0
1784773440,28874.5,28878.6,28873.5,28878.6,72.0
1784773500,28878.8,28885.5,28878.6,28881.6,105.0
1784773560,28881.6,28882.6,28879.8,28882.1,99.0
1784773620,28882.1,28882.5,28878.6,28881.9,72.0
1784773680,28881.9,28882.5,28869.1,28875.4,115.0
1784773740,28875.4,28880.5,28874.5,28880.5,93.0
1784773800,28880.5,28887.6,28880.4,28886.3,121.0
1784773860,28886.1,28893.0,28884.0,28890.8,127.0
1784773920,28890.8,28895.9,28889.0,28895.1,124.0
1784773980,28895.1,28899.4,28893.8,28896.4,134.0
1784774040,28896.4,28898.5,28893.9,28895.4,102.0
1784774100,28894.1,28899.8,28893.4,28899.4,111.0
1784774160,28899.4,28900.3,28897.8,28899.9,95.0
1784774220,28899.9,28905.8,28898.3,28898.3,110.0
1784774280,28898.3,28900.6,28896.1,28900.1,96.0
1784774340,28900.1,28903.6,28899.6,28902.1,80.0
1784774400,28902.1,28914.8,28902.1,28913.9,138.0
1784774460,28914.0,28918.8,28912.1,28913.9,146.0
1784774520,28913.5,28915.6,28910.9,28915.4,123.0
1784774580,28915.4,28920.0,28910.5,28916.8,115.0
1784774640,28917.1,28920.0,28915.4,28919.0,129.0
1784774700,28918.9,28941.0,28915.3,28940.6,230.0
1784774760,28940.6,28953.4,28940.6,28950.0,205.0
1784774820,28949.8,28955.6,28947.8,28948.4,185.0
1784774880,28948.5,28959.1,28948.4,28958.8,163.0
1784774940,28958.6,28963.4,28950.0,28950.4,175.0
1784775000,28950.4,28954.9,28944.5,28951.6,165.0
1784775060,28951.6,28957.6,28946.8,28954.6,158.0
1784775120,28954.1,28957.8,28948.9,28951.6,138.0
1784775180,28951.8,28952.4,28942.6,28946.9,150.0
1784775240,28947.1,28949.8,28945.1,28948.6,134.0
1784775300,28948.6,28948.8,28942.0,28944.3,127.0
1784775360,28944.3,28947.0,28942.0,28946.8,143.0
1784775420,28946.8,28949.8,28943.5,28947.0,143.0
1784775480,28947.0,28959.9,28947.0,28959.5,196.0
1784775540,28959.5,28965.5,28954.9,28965.3,174.0
1784775600,28967.9,28976.4,28956.1,28973.5,272.0
1784775660,28972.8,28984.9,28963.1,28984.6,254.0
1784775720,28982.8,28983.8,28957.8,28958.6,226.0
1784775780,28959.1,28967.6,28955.1,28963.9,240.0
1784775840,28964.5,28981.9,28963.0,28978.5,221.0
1784775900,28979.9,28988.4,28979.1,28986.8,236.0
1784775960,28986.1,28991.4,28980.3,28990.4,209.0
1784776020,28990.6,28991.5,28981.8,28989.4,211.0
1784776080,28989.3,28992.5,28984.1,28991.8,207.0
1784776140,28991.9,28995.0,28986.8,28987.3,191.0
1784776200,28987.3,28988.3,28983.6,28986.8,202.0
1784776260,28986.8,28991.6,28983.1,28984.6,191.0
1784776320,28984.8,28984.8,28973.3,28974.9,198.0
1784776380,28975.0,28979.1,28966.1,28969.5,212.0
1784776440,28969.5,28992.0,28969.5,28990.0,213.0
1784776500,28989.5,28990.9,28979.6,28984.4,209.0
1784776560,28984.3,29009.1,28982.1,29009.1,240.0
1784776620,29009.0,29032.8,29006.9,29028.3,229.0
1784776680,29028.6,29029.8,29018.8,29021.8,199.0
1784776740,29022.8,29024.9,29018.8,29021.6,203.0
1784776800,29024.1,29038.8,29023.9,29037.1,221.0
1784776860,29037.0,29038.5,29024.4,29032.5,220.0
1784776920,29032.6,29055.6,29027.6,29054.0,221.0
1784776980,29053.3,29053.8,29047.5,29050.3,208.0
1784777040,29050.3,29055.9,29049.3,29054.6,212.0
1784777100,29055.0,29063.6,29053.3,29062.8,203.0
1784777160,29063.0,29064.0,29054.5,29061.1,190.0
1784777220,29061.8,29078.6,29060.1,29074.6,220.0
1784777280,29074.5,29074.5,29058.9,29058.9,214.0
1784777340,29060.5,29061.4,29048.0,29049.3,227.0
1784777400,29048.1,29055.1,29041.8,29043.3,216.0
1784777460,29043.4,29050.5,29041.5,29046.6,227.0
1784777520,29046.6,29064.3,29045.0,29059.1,239.0
1784777580,29059.4,29061.4,29049.4,29055.6,207.0
1784777640,29055.6,29064.6,29053.9,29062.1,231.0
1784777700,29062.9,29071.4,29062.3,29063.0,212.0
1784777760,29063.0,29068.4,29060.3,29061.4,204.0
1784777820,29061.0,29062.5,29057.3,29061.3,174.0
1784777880,29061.4,29069.6,29055.9,29065.6,186.0
1784777940,29065.6,29065.6,29053.9,29062.3,178.0
1784778000,29062.5,29069.0,29054.6,29058.0,222.0
1784778060,29058.3,29063.9,29055.9,29060.4,206.0
1784778120,29060.6,29069.1,29054.0,29054.3,197.0
1784778180,29054.3,29063.6,29053.9,29056.8,192.0
1784778240,29056.9,29061.3,29054.9,29056.5,178.0
1784778300,29055.5,29066.8,29051.6,29066.5,235.0
1784778360,29066.5,29066.5,29054.5,29059.8,207.0
1784778420,29059.8,29061.3,29056.9,29058.1,166.0
1784778480,29058.4,29062.4,29054.8,29059.9,176.0
1784778540,29060.1,29068.4,29060.0,29066.3,181.0
1784778600,29066.5,29067.8,29055.0,29057.0,191.0
1784778660,29057.9,29104.1,29057.1,29097.6,218.0
1784778720,29096.6,29096.8,29080.6,29084.5,205.0
1784778780,29084.0,29092.4,29074.0,29089.6,206.0
1784778840,29089.6,29098.1,29088.9,29090.9,198.0
1784778900,29091.1,29098.0,29086.9,29095.0,184.0
1784778960,29094.9,29099.1,29089.5,29094.3,180.0
1784779020,29094.0,29094.5,29091.1,29093.5,173.0
1784779080,29093.5,29098.0,29085.4,29087.9,185.0
1784779140,29087.6,29088.4,29078.0,29078.0,205.0
1784779200,29077.9,29086.3,29059.1,29072.5,247.0
1784779260,29073.4,29080.3,29070.5,29072.5,241.0
1784779320,29072.4,29085.1,29070.6,29083.9,235.0
1784779380,29084.6,29090.6,29080.0,29088.9,234.0
1784779440,29088.3,29091.9,29081.4,29084.6,217.0
1784779500,29084.6,29092.4,29082.1,29089.6,204.0
1784779560,29089.6,29089.8,29072.6,29075.1,203.0
1784779620,29075.6,29082.4,29073.4,29082.4,217.0
1784779680,29082.0,29084.9,29074.6,29075.8,189.0
1784779740,29076.4,29082.6,29074.1,29080.6,204.0
1784779800,29080.6,29093.0,29080.6,29087.0,202.0
1784779860,29087.3,29089.6,29084.6,29088.3,188.0
1784779920,29088.5,29090.3,29081.6,29088.5,192.0
1784779980,29088.5,29091.8,29086.6,29090.0,187.0
1784780040,29090.1,29093.6,29087.6,29091.1,196.0
1784780100,29091.5,29095.4,29085.9,29087.9,219.0
1784780160,29087.6,29090.0,29080.0,29080.5,204.0
1784780220,29080.5,29081.8,29069.8,29071.9,207.0
1784780280,29072.5,29075.6,29068.9,29072.4,201.0
1784780340,29072.5,29072.6,29062.8,29064.6,203.0
1784780400,29064.6,29066.4,29055.3,29059.3,204.0
1784780460,29059.6,29078.0,29059.6,29075.3,223.0
1784780520,29075.4,29076.0,29065.6,29066.1,199.0
1784780580,29068.0,29075.1,29064.1,29065.6,207.0
1784780640,29065.6,29075.1,29063.0,29065.5,221.0
1784780700,29065.3,29066.6,29057.3,29063.0,205.0
1784780760,29062.9,29066.1,29059.1,29065.0,222.0
1784780820,29064.8,29075.1,29062.9,29068.4,204.0
1784780880,29067.6,29074.5,29063.0,29067.3,213.0
1784780940,29067.0,29068.4,29059.6,29063.5,224.0
1784781000,29064.1,29070.5,29040.9,29042.5,254.0
1784781060,29041.9,29042.6,29030.6,29031.3,240.0
1784781120,29031.1,29056.4,29031.1,29054.8,247.0
1784781180,29053.8,29058.3,29048.0,29056.9,249.0
1784781240,29057.9,29070.1,29057.3,29067.8,237.0
1784781300,29067.5,29069.9,29062.0,29067.0,215.0
1784781360,29067.1,29075.0,29060.9,29073.4,244.0
1784781420,29073.4,29082.1,29063.0,29063.5,237.0
1784781480,29064.1,29067.9,29055.1,29056.5,225.0
1784781540,29056.5,29067.4,29030.8,29032.1,227.0
1784781600,29032.4,29032.8,29020.8,29022.5,236.0
1784781660,29022.5,29033.9,29021.1,29025.6,216.0
1784781720,29025.4,29031.4,29020.9,29027.9,238.0
1784781780,29028.0,29029.9,29022.9,29028.9,247.0
1784781840,29029.0,29030.9,29003.3,29004.4,221.0
1784781900,29004.5,29018.1,29003.8,29012.6,226.0
1784781960,29012.4,29018.9,29007.6,29018.8,226.0
1784782020,29018.8,29021.1,29010.4,29010.4,214.0
1784782080,29010.0,29012.5,29000.9,29009.1,224.0
1784782140,29009.1,29011.6,29002.4,29005.4,226.0
1784782200,29004.6,29019.0,28998.4,29018.4,216.0
1784782260,29018.9,29030.8,29014.0,29024.4,237.0
1784782320,29024.4,29031.0,29024.0,29025.1,226.0
1784782380,29025.1,29026.5,29009.1,29019.9,240.0
1784782440,29019.9,29033.6,29015.5,29033.6,231.0
1784782500,29033.1,29038.4,29030.5,29036.3,237.0
1784782560,29036.1,29038.8,29031.4,29035.6,224.0
1784782620,29034.8,29036.8,29018.9,29019.9,216.0
1784782680,29019.4,29021.3,29003.6,29006.0,209.0
1784782740,29005.9,29007.3,28998.6,28999.0,198.0
1784782800,28998.9,29003.4,28990.6,28994.8,224.0
1784782860,28994.6,29004.5,28990.8,29001.3,235.0
1784782920,29001.4,29013.0,29000.0,29011.1,230.0
1784782980,29011.1,29011.1,28988.0,28991.4,226.0
1784783040,28991.4,29017.0,28991.1,29016.1,233.0
1784783100,29015.6,29018.1,29003.0,29018.0,248.0
1784783160,29018.0,29022.4,29010.3,29010.3,228.0
1784783220,29010.4,29014.6,29006.1,29012.0,199.0
1784783280,29012.1,29012.1,29002.9,29007.0,199.0
1784783340,29006.9,29007.0,28999.1,29000.4,176.0
1784783400,29000.4,29000.4,28986.9,28988.0,189.0
1784783460,28988.0,28990.9,28983.6,28986.3,214.0
1784783520,28985.8,28986.3,28970.4,28976.4,207.0
1784783580,28976.4,28982.6,28974.9,28978.3,222.0
1784783640,28979.0,28981.0,28971.3,28971.5,196.0
1784783700,28971.6,28977.3,28967.8,28975.4,211.0
1784783760,28975.4,28977.5,28970.5,28974.4,212.0
1784783820,28974.4,28975.1,28962.8,28962.8,209.0
1784783880,28961.8,28961.8,28948.6,28950.5,210.0
1784783940,28950.5,28955.8,28947.9,28952.9,187.0
1784784000,28952.9,28955.5,28948.4,28951.9,194.0
1784784060,28951.9,28954.1,28936.1,28938.1,212.0
1784784120,28938.0,28941.0,28934.5,28934.5,202.0
1784784180,28934.0,28941.4,28928.0,28932.0,204.0
1784784240,28932.0,28937.0,28929.6,28930.8,202.0
1784784300,28930.3,28931.3,28921.9,28922.6,213.0
1784784360,28922.6,28931.5,28920.3,28925.4,212.0
1784784420,28925.0,28926.6,28914.6,28919.1,209.0
1784784480,28919.3,28926.3,28917.3,28921.5,213.0
1784784540,28921.4,28930.3,28917.9,28926.8,203.0
1784784600,28926.5,28936.9,28923.3,28935.4,223.0
1784784660,28934.9,28938.5,28931.8,28938.0,215.0
1784784720,28937.0,28944.0,28931.8,28938.5,230.0
1784784780,28938.5,28947.5,28935.6,28946.1,206.0
1784784840,28946.1,28946.8,28939.9,28946.3,169.0
1784784900,28946.1,28946.3,28920.6,28920.6,201.0
1784784960,28920.5,28927.0,28919.1,28924.0,203.0
1784785020,28924.0,28924.6,28902.9,28905.5,220.0
1784785080,28904.6,28907.0,28893.9,28895.9,204.0
1784785140,28896.3,28900.1,28895.6,28897.1,183.0
1784785200,28897.0,28897.9,28888.8,28890.5,200.0
1784785260,28890.6,28899.3,28881.4,28898.0,222.0
1784785320,28897.6,28899.9,28893.0,28893.3,202.0
1784785380,28893.3,28893.5,28885.1,28886.8,203.0
1784785440,28886.6,28893.0,28882.8,28891.5,200.0
1784785500,28891.3,28902.0,28890.9,28901.6,179.0
1784785560,28901.6,28904.9,28896.6,28903.4,196.0
1784785620,28903.5,28907.0,28901.1,28903.3,199.0
1784785680,28902.8,28915.3,28902.8,28912.3,185.0
1784785740,28912.0,28912.1,28890.8,28891.1,197.0
1784785800,28890.4,28898.4,28887.4,28888.0,206.0
1784785860,28888.3,28905.6,28885.5,28905.5,205.0
1784785920,28905.5,28907.9,28895.6,28906.1,192.0
1784785980,28906.1,28912.5,28905.9,28909.5,198.0
1784786040,28909.3,28917.3,28909.1,28914.4,153.0
1784786100,28915.1,28915.3,28909.1,28911.4,189.0
1784786160,28911.4,28913.3,28906.3,28912.4,144.0
1784786220,28912.9,28913.9,28907.3,28912.6,191.0
1784786280,28912.5,28919.0,28912.3,28916.0,174.0
1784786340,28916.1,28916.3,28910.8,28913.9,172.0
1784786400,28913.8,28919.3,28903.4,28906.4,203.0
1784786460,28906.4,28911.9,28897.6,28909.3,197.0
1784786520,28909.3,28913.1,28908.5,28910.6,175.0
1784786580,28910.6,28912.3,28892.1,28892.1,184.0
1784786640,28893.4,28898.5,28893.4,28896.1,178.0
1784786700,28896.1,28899.8,28885.6,28887.0,201.0
1784786760,28886.9,28900.6,28886.9,28899.4,182.0
1784786820,28898.1,28899.3,28880.9,28884.9,184.0
1784786880,28884.8,28886.8,28868.8,28869.5,184.0
1784786940,28870.0,28874.4,28866.5,28874.0,182.0
1784787000,28873.9,28873.9,28862.8,28863.8,189.0
1784787060,28863.8,28863.9,28852.8,28862.8,179.0
1784787120,28862.8,28866.0,28858.1,28861.1,185.0
1784787180,28861.4,28873.1,28853.8,28872.9,209.0
1784787240,28872.6,28881.8,28870.5,28875.6,208.0
1784787300,28875.9,28881.8,28865.9,28867.4,211.0
1784787360,28867.3,28875.4,28863.0,28867.6,209.0
1784787420,28867.9,28870.5,28865.6,28866.8,179.0
1784787480,28866.4,28875.9,28866.4,28869.6,173.0
1784787540,28869.6,28877.8,28864.9,28877.6,204.0
1784787600,28877.4,28881.0,28871.8,28881.0,203.0
1784787660,28880.9,28893.0,28876.9,28880.1,206.0
1784787720,28880.1,28887.3,28878.1,28886.3,182.0
1784787780,28886.1,28901.9,28886.0,28891.3,192.0
1784787840,28891.3,28893.3,28886.4,28888.1,196.0
1784787900,28889.6,28889.6,28868.1,28874.8,204.0
1784787960,28874.6,28884.1,28874.0,28882.9,176.0
1784788020,28882.8,28886.0,28879.6,28882.9,171.0
1784788080,28883.0,28898.5,28881.3,28897.1,190.0
1784788140,28897.6,28906.3,28897.0,28906.3,186.0
1784788200,28906.0,28935.3,28904.9,28925.0,246.0
1784788260,28924.1,28924.1,28898.5,28898.5,233.0
1784788320,28898.9,28910.0,28895.4,28900.0,223.0
1784788380,28900.0,28905.8,28897.9,28903.8,217.0
1784788440,28902.4,28908.4,28894.8,28904.5,232.0
1784788500,28904.5,28909.6,28898.9,28909.6,239.0
1784788560,28908.8,28914.4,28907.9,28913.0,203.0
1784788620,28913.0,28917.9,28905.9,28907.3,197.0
1784788680,28907.3,28915.0,28907.3,28914.0,207.0
1784788740,28913.9,28921.9,28913.0,28921.0,187.0
1784788800,28921.0,28927.8,28916.9,28920.9,232.0
1784788860,28921.1,28929.8,28920.6,28927.8,208.0
1784788920,28927.5,28927.9,28917.9,28919.4,205.0
1784788980,28919.4,28929.5,28918.4,28929.1,198.0
1784789040,28929.0,28939.0,28927.5,28939.0,176.0
1784789100,28937.3,28942.8,28937.3,28940.5,178.0
1784789160,28939.8,28940.9,28925.8,28927.8,188.0
1784789220,28928.1,28942.6,28927.6,28936.1,198.0
1784789280,28936.4,28945.6,28933.6,28945.5,199.0
1784789340,28945.6,28946.1,28939.9,28942.9,169.0
1784789400,28943.1,28943.9,28938.5,28942.5,162.0
1784789460,28942.1,28943.1,28935.0,28937.4,185.0
1784789520,28937.3,28948.3,28936.8,28945.4,166.0
1784789580,28945.5,28949.3,28944.3,28948.4,161.0
1784789640,28948.1,28950.5,28946.4,28947.1,165.0
1784789700,28947.3,28948.6,28942.5,28943.4,173.0
1784789760,28943.8,28945.9,28940.3,28940.4,177.0
1784789820,28940.3,28943.1,28940.0,28940.0,171.0
1784789880,28940.0,28946.8,28936.5,28946.8,172.0
1784789940,28946.8,28946.8,28933.4,28934.0,180.0
1784790000,28934.6,28936.8,28915.9,28919.4,193.0
1784790060,28918.4,28922.1,28916.1,28918.0,177.0
1784790120,28918.0,28922.3,28912.9,28922.3,167.0
1784790180,28922.9,28926.0,28914.9,28914.9,189.0
1784790240,28914.9,28917.8,28913.4,28916.0,175.0
1784790300,28916.1,28917.9,28902.9,28905.8,207.0
1784790360,28905.9,28906.1,28894.0,28897.1,183.0
1784790420,28896.6,28897.1,28890.5,28894.6,195.0
1784790480,28894.5,28920.9,28893.5,28919.1,216.0
1784790540,28919.1,28923.5,28909.3,28909.3,201.0
1784790600,28909.0,28921.9,28907.5,28915.4,213.0
1784790660,28915.5,28918.9,28910.9,28918.6,196.0
1784790720,28918.4,28940.4,28917.4,28939.6,195.0
1784790780,28939.6,28947.5,28935.9,28947.0,193.0
1784790840,28946.9,28957.5,28944.0,28957.5,184.0
1784790900,28958.1,28962.0,28956.6,28959.0,191.0
1784790960,28959.0,28961.9,28940.8,28941.8,191.0
1784791020,28941.8,28945.6,28936.1,28943.5,205.0
1784791080,28943.3,28949.4,28941.3,28943.0,177.0
1784791140,28942.6,28945.4,28934.6,28935.5,171.0
1784791200,28936.3,28948.1,28936.3,28944.8,194.0
1784791260,28944.8,28955.9,28942.6,28951.4,186.0
1784791320,28951.4,28960.8,28949.1,28959.5,184.0
1784791380,28959.5,28960.3,28954.9,28958.3,153.0
1784791440,28957.9,28964.1,28957.5,28963.4,155.0
1784791500,28963.5,28984.9,28962.0,28983.0,187.0
1784791560,28983.1,28983.5,28978.8,28981.6,185.0
1784791620,28981.6,28984.4,28973.0,28974.6,177.0
1784791680,28974.9,28976.5,28948.6,28959.9,191.0
1784791740,28959.9,28976.0,28958.9,28973.3,191.0
1784791800,28973.3,28982.4,28970.1,28980.0,205.0
1784791860,28980.0,28981.9,28967.3,28971.0,193.0
1784791920,28971.4,28976.4,28967.6,28973.4,196.0
1784791980,28972.9,28983.6,28971.0,28980.5,199.0
1784792040,28980.5,28987.8,28979.0,28986.3,193.0
1784792100,28986.3,28987.8,28973.1,28973.4,189.0
1784792160,28973.9,28982.9,28966.8,28982.9,183.0
1784792220,28983.9,28985.0,28977.4,28977.8,171.0
1784792280,28977.8,28983.9,28974.5,28980.1,170.0
1784792340,28980.1,28983.9,28979.4,28983.9,170.0
1784792400,28983.9,28985.9,28978.1,28981.8,178.0
1784792460,28981.9,28982.9,28973.1,28973.5,180.0
1784792520,28972.9,28973.8,28964.6,28967.6,169.0
1784792580,28967.6,28969.3,28960.5,28963.6,177.0
1784792640,28963.6,28970.8,28963.5,28963.8,169.0
1784792700,28964.3,28971.6,28958.5,28971.1,203.0
1784792760,28971.1,28979.5,28969.6,28973.1,186.0
1784792820,28972.1,28979.4,28971.6,28978.8,163.0
1784792880,28978.5,28978.8,28965.3,28966.6,176.0
1784792940,28966.5,28966.5,28951.5,28951.6,161.0
1784793000,28950.8,28951.4,28944.8,28946.8,179.0
1784793060,28946.8,28951.5,28942.0,28942.9,190.0
1784793120,28942.9,28949.1,28940.1,28940.9,182.0
1784793180,28941.0,28941.8,28935.4,28941.8,180.0
1784793240,28941.8,28949.1,28939.5,28941.6,195.0
1784793300,28941.5,28949.6,28937.3,28939.8,174.0
1784793360,28940.0,28943.3,28934.9,28943.3,181.0
1784793420,28943.5,28948.4,28941.8,28948.4,184.0
1784793480,28948.3,28950.8,28943.1,28946.6,178.0
1784793540,28946.6,28949.5,28943.3,28946.8,186.0
1784793600,28946.6,28950.9,28931.3,28937.1,222.0
1784793660,28933.0,28936.8,28930.0,28930.8,217.0
1784793720,28932.0,28942.0,28929.1,28932.4,206.0
1784793780,28932.4,28939.1,28930.0,28935.1,185.0
1784793840,28934.3,28936.9,28930.1,28935.0,166.0
1784793900,28935.9,28939.0,28930.4,28934.5,200.0
1784793960,28934.1,28939.8,28932.3,28938.5,215.0
1784794020,28938.4,28942.8,28931.9,28939.4,213.0
1784794080,28938.9,28938.9,28929.5,28932.1,218.0
1784794140,28932.0,28937.4,28931.1,28936.4,185.0
1784794200,28936.4,28938.9,28930.9,28934.5,193.0
1784794260,28934.8,28935.6,28928.3,28929.3,195.0
1784794320,28929.3,28934.3,28923.0,28933.3,200.0
1784794380,28933.4,28936.5,28927.0,28934.4,193.0
1784794440,28935.1,28940.8,28933.9,28939.8,197.0
1784794500,28939.4,28939.4,28932.4,28937.9,217.0
1784794560,28938.1,28938.1,28926.8,28928.8,193.0
1784794620,28928.5,28932.8,28925.0,28930.0,207.0
1784794680,28929.8,28941.0,28927.9,28934.4,186.0
1784794740,28934.4,28935.9,28925.6,28933.5,171.0
1784794800,28933.5,28946.3,28931.5,28942.0,216.0
1784794860,28942.0,28950.5,28941.3,28948.6,183.0
1784794920,28948.6,28954.5,28940.6,28940.6,199.0
1784794980,28940.9,28941.5,28928.0,28928.3,215.0
1784795040,28928.1,28943.4,28921.4,28942.3,202.0
1784795100,28942.3,28957.9,28941.1,28952.3,214.0
1784795160,28952.3,28973.4,28952.3,28973.4,206.0
1784795220,28973.8,28981.0,28973.8,28975.4,188.0
1784795280,28975.1,28977.4,28972.4,28974.8,191.0
1784795340,28974.5,28992.8,28974.5,28992.8,198.0
1784795400,28992.8,28999.6,28989.5,28996.6,235.0
1784795460,28996.0,29002.6,28996.0,29001.3,222.0
1784795520,29000.8,29005.4,28995.8,28997.6,212.0
1784795580,28997.5,29000.4,28994.0,28996.9,200.0
1784795640,28997.1,29000.0,28992.9,28995.8,200.0
1784795700,28996.0,28996.3,28988.8,28990.9,186.0
1784795760,28991.1,28994.0,28982.9,28984.3,197.0
1784795820,28984.1,28989.9,28983.8,28985.9,171.0
1784795880,28986.8,28988.4,28970.5,28971.4,186.0
1784795940,28970.6,28974.4,28963.1,28965.8,196.0
1784796000,28966.5,28974.9,28962.4,28974.6,202.0
1784796060,28974.6,28979.8,28972.1,28973.6,186.0
1784796120,28973.8,28974.9,28969.1,28972.1,185.0
1784796180,28972.1,28978.8,28959.8,28959.8,214.0
1784796240,28960.6,28973.5,28958.6,28970.6,212.0
1784796300,28970.4,28971.5,28960.0,28960.6,172.0
1784796360,28961.0,28965.4,28959.1,28963.6,180.0
1784796420,28963.6,28963.9,28955.0,28955.0,195.0
1784796480,28954.5,28954.5,28937.5,28942.1,214.0
1784796540,28942.1,28942.5,28928.5,28928.8,193.0
1784796600,28928.6,28935.1,28920.9,28934.9,225.0
1784796660,28935.5,28940.9,28931.1,28932.6,190.0
1784796720,28933.9,28935.6,28925.9,28930.6,177.0
1784796780,28930.6,28931.6,28926.8,28928.8,205.0
1784796840,28929.1,28930.9,28901.3,28901.5,203.0
1784796900,28904.4,28921.6,28903.1,28917.9,213.0
1784796960,28918.1,28930.0,28916.8,28928.4,189.0
1784797020,28928.4,28928.4,28913.8,28921.4,209.0
1784797080,28921.3,28923.1,28913.1,28915.3,166.0
1784797140,28915.0,28917.0,28906.3,28909.4,181.0
1784797200,28909.4,28923.6,28908.0,28921.1,222.0
1784797260,28920.1,28938.8,28920.1,28933.1,208.0
1784797320,28932.5,28932.5,28923.3,28925.1,195.0
1784797380,28925.8,28928.8,28920.9,28924.5,198.0
1784797440,28924.5,28926.5,28920.3,28923.5,199.0
1784797500,28923.6,28932.6,28922.1,28928.2,220.0
1784797560,28928.6,28928.6,28910.9,28912.7,211.0
1784797620,28912.6,28916.9,28907.0,28911.1,201.0
1784797680,28911.1,28912.1,28905.4,28907.1,199.0
1784797740,28907.2,28908.9,28900.1,28904.9,192.0
1784797800,28905.7,28914.1,28903.5,28911.2,212.0
1784797860,28911.2,28915.7,28905.9,28910.5,222.0
1784797920,28910.6,28919.4,28901.6,28917.6,211.0
1784797980,28918.2,28922.9,28914.9,28919.2,201.0
1784798040,28919.2,28925.7,28918.5,28921.0,187.0
1784798100,28920.7,28923.4,28914.9,28916.7,206.0
1784798160,28916.7,28917.4,28909.6,28912.1,209.0
1784798220,28912.1,28927.0,28910.5,28922.6,199.0
1784798280,28922.4,28926.6,28915.9,28915.9,207.0
1784798340,28915.7,28927.9,28908.9,28923.1,218.0
1784798400,28924.7,28932.4,28922.4,28922.4,216.0
1784798460,28922.4,28927.5,28921.9,28926.0,178.0
1784798520,28925.7,28926.0,28906.0,28908.0,184.0
1784798580,28908.0,28909.0,28901.9,28904.5,194.0
1784798640,28904.5,28914.0,28904.5,28913.5,190.0
1784798700,28913.4,28920.7,28910.1,28918.6,200.0
1784798760,28918.6,28924.4,28916.9,28922.2,213.0
1784798820,28922.2,28923.2,28917.5,28921.4,176.0
1784798880,28921.2,28928.4,28919.0,28925.0,162.0
1784798940,28924.9,28933.4,28920.9,28929.6,177.0
1784799000,28931.0,28934.9,28924.5,28928.1,224.0
1784799060,28928.1,28931.1,28924.0,28927.2,178.0
1784799120,28927.5,28928.4,28921.7,28923.9,183.0
1784799180,28924.1,28926.4,28918.7,28919.2,207.0
1784799240,28919.4,28921.0,28913.6,28919.1,193.0
1784799300,28919.2,28923.2,28905.9,28912.5,200.0
1784799360,28912.4,28923.5,28912.4,28923.0,169.0
1784799420,28923.0,28923.7,28915.2,28917.6,154.0
1784799480,28917.0,28917.5,28911.5,28915.6,154.0
1784799540,28916.6,28917.1,28910.7,28912.4,154.0
1784799600,28912.4,28917.7,28908.2,28911.7,175.0
1784799660,28911.7,28915.4,28909.0,28915.4,172.0
1784799720,28915.4,28919.0,28914.1,28916.9,141.0
1784799780,28916.9,28921.6,28914.1,28914.6,140.0
1784799840,28914.5,28915.0,28904.1,28904.7,168.0
1784799900,28904.7,28914.2,28903.9,28910.6,132.0
1784799960,28910.7,28941.9,28910.7,28940.6,162.0
1784800020,28940.4,28941.6,28933.5,28934.2,152.0
1784800080,28934.2,28937.7,28929.4,28931.7,114.0
1784800140,28931.7,28931.7,28926.5,28927.1,145.0
1784800200,28927.0,28930.9,28925.0,28929.9,145.0
1784800260,28929.9,28930.1,28912.0,28912.6,123.0
1784800320,28912.6,28912.6,28901.4,28908.9,177.0
1784800380,28908.9,28913.6,28908.9,28913.0,156.0
1784800440,28912.9,28913.9,28905.6,28908.6,163.0
1784800500,28908.7,28909.6,28903.0,28906.9,153.0
1784800560,28907.0,28912.1,28904.6,28907.9,161.0
1784800620,28908.0,28910.2,28904.0,28906.4,160.0
1784800680,28906.2,28908.4,28899.1,28904.4,177.0
1784800740,28904.2,28907.7,28902.0,28906.4,161.0
1784800800,28908.7,28909.2,28872.7,28874.6,240.0
1784800860,28875.7,28880.2,28868.4,28874.2,236.0
1784800920,28874.2,28894.4,28870.5,28892.9,233.0
1784800980,28892.9,28897.9,28886.4,28891.5,234.0
1784801040,28892.0,28894.5,28876.4,28883.7,215.0
1784801100,28883.6,28885.2,28872.4,28875.5,215.0
1784801160,28875.7,28876.6,28862.5,28866.5,215.0
1784801220,28866.9,28870.1,28856.1,28857.5,231.0
1784801280,28857.7,28864.6,28853.9,28854.0,205.0
1784801340,28854.5,28856.1,28841.4,28842.1,221.0
1784801400,28842.1,28844.4,28819.7,28820.4,259.0
1784801460,28820.6,28821.1,28796.1,28796.2,234.0
1784801520,28795.6,28806.2,28777.2,28784.7,248.0
1784801580,28784.6,28803.1,28780.0,28801.5,184.0
1784801640,28801.2,28823.7,28799.9,28817.7,247.0
1784801700,28818.4,28829.5,28818.4,28824.6,220.0
1784801760,28824.0,28831.0,28815.0,28831.0,220.0
1784801820,28831.0,28833.1,28821.5,28832.1,222.0
1784801880,28832.1,28835.4,28823.0,28833.4,233.0
1784801940,28833.5,28836.9,28822.7,28835.2,216.0
1784802000,28834.7,28856.4,28834.7,28855.4,166.0
1784802060,28855.4,28856.5,28839.9,28846.9,237.0
1784802120,28846.9,28850.1,28842.2,28842.6,213.0
1784802180,28843.1,28845.2,28840.7,28842.1,200.0
1784802240,28842.1,28844.9,28832.0,28832.1,220.0
1784802300,28832.6,28853.1,28832.1,28848.0,216.0
1784802360,28848.0,28860.9,28847.1,28856.6,223.0
1784802420,28857.2,28858.9,28851.2,28854.5,206.0
1784802480,28854.5,28855.9,28845.1,28845.2,195.0
1784802540,28847.4,28849.0,28837.9,28838.9,218.0
1784802600,28838.9,28842.6,28829.9,28830.6,226.0
1784802660,28830.7,28832.0,28822.7,28825.9,210.0
1784802720,28825.1,28827.6,28811.1,28814.1,213.0
1784802780,28813.1,28817.5,28812.7,28813.0,181.0
1784802840,28813.0,28813.1,28799.0,28804.2,209.0
1784802900,28804.2,28806.2,28801.1,28803.6,198.0
1784802960,28803.9,28812.1,28800.1,28810.5,203.0
1784803020,28810.2,28810.4,28800.5,28806.6,184.0
1784803080,28806.6,28812.6,28801.0,28805.6,190.0
1784803140,28805.5,28813.0,28796.6,28798.7,216.0
1784803200,28801.1,28801.1,28785.9,28787.9,229.0
1784803260,28788.0,28794.0,28784.1,28785.6,212.0
1784803320,28785.9,28786.1,28771.9,28772.0,227.0
1784803380,28772.1,28782.0,28765.4,28782.0,228.0
1784803440,28782.0,28782.0,28760.6,28763.1,198.0
1784803500,28762.5,28762.6,28750.2,28758.1,230.0
1784803560,28758.9,28758.9,28744.9,28755.1,222.0
1784803620,28755.0,28758.2,28747.6,28758.2,206.0
1784803680,28758.0,28774.0,28755.9,28773.9,218.0
1784803740,28773.7,28773.7,28761.6,28765.9,202.0
1784803800,28765.4,28773.1,28757.5,28772.6,206.0
1784803860,28772.6,28773.1,28767.1,28767.7,200.0
1784803920,28766.2,28778.6,28764.2,28774.0,205.0
1784803980,28774.2,28775.4,28766.4,28768.4,216.0
1784804040,28768.1,28788.6,28767.5,28782.4,242.0
1784804100,28781.5,28800.2,28781.5,28796.0,234.0
1784804160,28796.2,28801.0,28793.5,28799.6,217.0
1784804220,28799.5,28807.5,28798.4,28802.6,160.0
1784804280,28802.0,28809.2,28801.1,28805.1,195.0
1784804340,28805.4,28811.1,28803.1,28810.2,230.0
1784804400,28810.5,28815.9,28798.5,28802.1,245.0
1784804460,28804.9,28804.9,28785.4,28786.2,230.0
1784804520,28786.2,28798.5,28782.4,28790.2,240.0
1784804580,28790.4,28805.9,28781.4,28801.7,242.0
1784804640,28803.4,28823.9,28801.5,28816.9,218.0
1784804700,28817.0,28823.6,28813.7,28821.4,202.0
1784804760,28821.2,28840.5,28821.1,28834.1,221.0
1784804820,28834.1,28847.9,28831.4,28847.9,229.0
1784804880,28847.9,28850.4,28843.4,28849.5,215.0
1784804940,28849.1,28858.1,28845.1,28858.1,195.0
1784805000,28857.7,28857.7,28848.5,28850.0,196.0
1784805060,28850.0,28854.1,28842.7,28850.4,197.0
1784805120,28850.4,28864.6,28848.6,28859.2,204.0
1784805180,28859.4,28864.2,28858.2,28860.7,180.0
1784805240,28860.7,28862.7,28856.4,28858.4,176.0
1784805300,28857.7,28865.2,28855.5,28855.6,192.0
1784805360,28855.6,28869.4,28848.0,28869.4,199.0
1784805420,28868.9,28883.0,28867.7,28878.5,224.0
1784805480,28878.5,28883.5,28875.2,28882.1,200.0
1784805540,28881.6,28882.1,28868.4,28872.5,202.0
1784805600,28873.7,28876.9,28866.9,28868.9,197.0
1784805660,28868.7,28870.0,28860.4,28862.1,204.0
1784805720,28862.1,28866.0,28857.2,28857.6,207.0
1784805780,28857.7,28859.9,28842.2,28842.6,199.0
1784805840,28842.5,28851.0,28841.2,28847.5,212.0
1784805900,28847.4,28852.9,28841.5,28851.1,205.0
1784805960,28851.4,28871.6,28846.5,28871.5,208.0
1784806020,28871.0,28871.0,28864.1,28870.0,173.0
1784806080,28870.0,28874.0,28862.2,28865.1,193.0
1784806140,28865.4,28873.9,28862.4,28872.7,208.0
1784806200,28871.7,28882.5,28870.4,28882.4,201.0
1784806260,28881.4,28884.0,28875.5,28878.1,201.0
1784806320,28878.0,28878.5,28863.7,28864.5,197.0
1784806380,28864.5,28873.6,28860.1,28872.5,181.0
1784806440,28872.5,28882.0,28871.1,28879.5,202.0
1784806500,28879.5,28883.0,28866.7,28869.6,193.0
1784806560,28869.6,28873.0,28864.9,28865.0,183.0
1784806620,28864.5,28872.9,28863.5,28869.1,158.0
1784806680,28869.0,28874.2,28866.5,28873.1,189.0
1784806740,28872.7,28873.5,28865.4,28865.6,193.0
1784806800,28865.6,28867.4,28853.9,28853.9,191.0
1784806860,28854.1,28861.7,28854.0,28857.9,171.0
1784806920,28857.9,28874.2,28854.5,28874.2,191.0
1784806980,28874.2,28876.2,28857.0,28857.4,199.0
1784807040,28858.0,28863.9,28857.4,28860.2,181.0
1784807100,28859.9,28863.2,28857.2,28863.0,181.0
1784807160,28863.2,28868.9,28861.2,28867.5,192.0
1784807220,28867.4,28873.2,28863.6,28870.7,198.0
1784807280,28870.4,28873.2,28868.2,28870.5,186.0
1784807340,28870.5,28879.1,28870.5,28872.7,193.0
1784807400,28872.7,28887.7,28868.7,28886.9,189.0
1784807460,28886.1,28887.5,28878.4,28887.2,181.0
1784807520,28887.4,28891.0,28879.4,28881.5,192.0
1784807580,28881.5,28896.5,28881.5,28894.0,179.0
1784807640,28893.4,28900.6,28893.4,28898.4,168.0
1784807700,28898.4,28903.2,28896.9,28902.2,189.0
1784807760,28902.2,28922.1,28901.9,28919.0,170.0
1784807820,28919.1,28926.5,28917.6,28919.6,181.0
1784807880,28919.4,28923.5,28917.9,28923.4,177.0
1784807940,28923.4,28933.1,28922.4,28925.5,193.0
1784808000,28925.5,28925.7,28910.2,28914.0,224.0
1784808060,28914.1,28924.1,28913.0,28918.7,198.0
1784808120,28918.7,28930.5,28917.4,28927.0,208.0
1784808180,28927.0,28959.6,28926.7,28944.0,230.0
1784808240,28944.9,28952.2,28938.1,28949.4,240.0
1784808300,28949.2,28950.5,28939.2,28941.2,202.0
1784808360,28942.0,28949.7,28941.1,28945.4,202.0
1784808420,28945.7,28945.7,28935.2,28936.9,187.0
1784808480,28936.2,28937.0,28931.9,28936.0,189.0
1784808540,28936.0,28939.0,28928.5,28928.9,188.0
1784808600,28929.2,28931.9,28923.6,28931.5,194.0
1784808660,28931.6,28932.1,28918.6,28924.6,180.0
1784808720,28924.1,28925.4,28918.0,28919.0,165.0
1784808780,28919.0,28922.7,28914.6,28917.6,153.0
1784808840,28916.9,28917.4,28902.7,28903.6,201.0
1784808900,28903.9,28907.0,28900.1,28906.5,182.0
1784808960,28906.2,28914.0,28903.1,28913.9,183.0
1784809020,28913.6,28918.4,28911.4,28917.1,159.0
1784809080,28916.5,28919.6,28909.2,28909.9,160.0
1784809140,28909.9,28915.5,28908.0,28911.1,181.0
1784809200,28911.4,28917.9,28910.1,28912.6,175.0
1784809260,28912.6,28914.9,28903.4,28904.1,176.0
1784809320,28904.2,28916.7,28904.2,28911.9,152.0
1784809380,28911.7,28918.9,28910.4,28917.1,151.0
1784809440,28917.1,28925.0,28914.6,28918.1,176.0
1784809500,28918.4,28921.7,28914.0,28917.1,135.0
1784809560,28917.2,28917.2,28911.9,28915.1,143.0
1784809620,28915.6,28919.0,28914.1,28917.1,147.0
1784809680,28917.4,28918.4,28912.7,28915.2,162.0
1784809740,28916.5,28917.6,28907.9,28913.6,158.0
1784809800,28913.2,28913.6,28902.7,28906.5,202.0
1784809860,28906.5,28913.0,28906.4,28909.5,192.0
1784809920,28909.5,28910.4,28904.0,28904.0,154.0
1784809980,28904.0,28909.5,28900.1,28901.0,177.0
1784810040,28900.9,28901.0,28890.1,28896.0,181.0
1784810100,28896.6,28899.5,28893.2,28893.4,169.0
1784810160,28893.4,28898.6,28893.1,28893.5,156.0
1784810220,28893.4,28903.5,28893.4,28896.1,179.0
1784810280,28896.2,28899.4,28893.7,28898.9,161.0
1784810340,28899.2,28899.4,28892.9,28897.6,169.0
1784810400,28897.2,28900.2,28892.1,28894.5,167.0
1784810460,28894.5,28899.0,28891.2,28897.6,185.0
1784810520,28897.6,28899.9,28894.1,28895.4,143.0
1784810580,28895.4,28903.6,28894.1,28897.9,167.0
1784810640,28897.7,28900.0,28895.1,28897.9,176.0
1784810700,28897.9,28909.1,28897.9,28907.5,189.0
1784810760,28907.1,28907.5,28900.0,28900.1,157.0
1784810820,28899.9,28905.9,28899.9,28904.1,147.0
1784810880,28904.1,28905.1,28899.5,28899.5,154.0
1784810940,28899.4,28903.5,28896.2,28897.0,183.0
1784811000,28896.5,28896.5,28885.6,28887.2,188.0
1784811060,28887.2,28889.2,28881.9,28883.4,184.0
1784811120,28884.2,28889.9,28882.9,28885.9,152.0
1784811180,28885.9,28900.0,28885.4,28894.7,184.0
1784811240,28894.5,28895.9,28886.4,28886.4,170.0
1784811300,28889.5,28890.1,28879.0,28890.1,207.0
1784811360,28890.0,28890.1,28881.2,28882.2,178.0
1784811420,28881.6,28882.2,28878.4,28879.9,167.0
1784811480,28879.7,28881.1,28869.4,28871.7,173.0
1784811540,28871.7,28878.4,28867.9,28877.4,188.0
1784811600,28877.4,28887.0,28868.5,28869.2,223.0
1784811660,28869.9,28879.6,28869.7,28875.9,181.0
1784811720,28875.9,28888.0,28875.9,28882.4,176.0
1784811780,28882.2,28886.9,28876.0,28884.2,151.0
1784811840,28883.5,28886.2,28880.2,28881.6,178.0
1784811900,28881.7,28884.2,28879.0,28879.0,186.0
1784811960,28878.9,28884.6,28871.2,28879.0,188.0
1784812020,28879.1,28888.5,28875.9,28888.2,177.0
1784812080,28888.2,28889.5,28868.1,28873.2,185.0
1784812140,28873.2,28873.2,28868.9,28870.9,156.0
1784812200,28871.0,28871.9,28861.9,28866.9,152.0
1784812260,28866.9,28868.1,28862.6,28864.0,149.0
1784812320,28864.0,28868.7,28861.6,28868.0,149.0
1784812380,28868.0,28868.9,28862.4,28865.1,139.0
1784812440,28865.1,28870.1,28861.0,28865.2,156.0
1784812500,28865.4,28869.9,28863.5,28868.4,162.0
1784812560,28868.4,28876.7,28859.5,28872.0,180.0
1784812620,28872.1,28873.0,28866.2,28868.2,181.0
1784812680,28867.7,28874.2,28864.6,28867.5,174.0
1784812740,28866.5,28869.5,28863.2,28863.2,165.0
1784812800,28863.2,28870.4,28861.0,28867.6,183.0
1784812860,28868.0,28877.2,28862.9,28873.5,191.0
1784812920,28873.7,28875.4,28871.7,28874.1,191.0
1784812980,28873.9,28878.7,28868.1,28870.5,178.0
1784813040,28870.2,28871.9,28863.9,28871.9,186.0
1784813100,28873.0,28880.1,28868.7,28879.7,174.0
1784813160,28879.9,28883.7,28874.2,28883.5,176.0
1784813220,28883.5,28886.0,28878.0,28878.6,167.0
1784813280,28878.5,28882.5,28872.6,28872.7,167.0
1784813340,28872.7,28880.0,28872.4,28875.5,152.0
1784813400,28543.544921875,28553.19921875,28512.03515625,28528.84375,0.0
1784813460,28549.41015625,28560.205078125,28536.95703125,28560.205078125,10646750.0
1784813520,28571.255859375,28584.623046875,28560.390625,28583.53515625,11778441.0
1784813580,28564.86328125,28576.96875,28549.984375,28563.734375,8907928.0
1784813640,28577.353515625,28599.97265625,28574.9375,28599.97265625,5987006.0
1784813700,28608.1015625,28613.353515625,28595.943359375,28597.12890625,6398387.0
1784813760,28584.4296875,28634.021484375,28584.4296875,28634.021484375,6409709.0
1784813820,28631.453125,28650.060546875,28627.83984375,28647.36328125,6721741.0
1784813880,28650.556640625,28657.818359375,28620.298828125,28625.44921875,6602087.0
1784813940,28631.232421875,28641.2109375,28623.076171875,28637.537109375,5234273.0
1784814000,28657.755859375,28664.5,28653.28125,28659.529296875,5771309.0
1784814060,28660.798828125,28672.619140625,28660.490234375,28660.490234375,5909671.0
1784814120,28670.486328125,28705.763671875,28669.34375,28705.763671875,5345100.0
1784814180,28713.537109375,28723.90625,28710.2265625,28716.927734375,4981443.0
1784814240,28717.90234375,28717.90234375,28699.201171875,28700.326171875,5133780.0
1784814300,28702.328125,28702.328125,28673.2734375,28688.052734375,5673142.0
1784814360,28692.0546875,28695.265625,28666.7890625,28695.265625,6018466.0
1784814420,28691.16015625,28691.16015625,28672.15625,28672.15625,5112143.0
1784814480,28671.619140625,28671.619140625,28638.501953125,28638.501953125,5209991.0
1784814540,28641.91015625,28641.91015625,28600.94140625,28601.83203125,5039371.0
1784814600,28601.12109375,28618.21484375,28598.4375,28617.623046875,5148128.0
1784814660,28619.25,28619.25,28570.798828125,28573.275390625,4715007.0
1784814720,28583.9140625,28583.9140625,28562.412109375,28570.900390625,5064679.0
1784814780,28576.8046875,28614.12890625,28576.8046875,28611.40234375,4784052.0
1784814840,28614.24609375,28654.728515625,28614.24609375,28654.728515625,4694734.0
1784814900,28659.751953125,28669.748046875,28652.912109375,28660.716796875,4626279.0
1784814960,28638.41015625,28638.41015625,28607.880859375,28607.880859375,4288323.0
1784815020,28604.587890625,28604.587890625,28575.19921875,28582.65625,3765647.0
1784815080,28575.630859375,28575.630859375,28544.8359375,28560.59765625,4474773.0
1784815140,28570.771484375,28574.158203125,28551.138671875,28551.138671875,3196705.0
1784815200,28563.017578125,28604.2421875,28563.017578125,28602.787109375,4197728.0
1784815260,28592.078125,28592.078125,28557.19921875,28566.05078125,4097385.0
1784815320,28557.2578125,28570.041015625,28557.2578125,28566.69140625,3651530.0
1784815380,28571.1953125,28582.04296875,28567.517578125,28568.955078125,3421220.0
1784815440,28570.064453125,28603.033203125,28570.064453125,28597.91796875,3123414.0
1784815500,28594.060546875,28632.337890625,28594.060546875,28632.337890625,3789652.0
1784815560,28630.65625,28636.669921875,28624.095703125,28624.095703125,3817533.0
1784815620,28621.240234375,28630.494140625,28617.091796875,28621.931640625,4122131.0
1784815680,28622.736328125,28637.37890625,28567.306640625,28567.306640625,4533100.0
1784815740,28563.51171875,28563.51171875,28528.630859375,28552.3203125,4419239.0
1784815800,28555.8828125,28584.48828125,28555.8828125,28570.263671875,4201709.0
1784815860,28571.369140625,28571.814453125,28544.216796875,28571.814453125,4118954.0
1784815920,28585.4765625,28597.943359375,28578.24609375,28585.248046875,3832598.0
1784815980,28598.29296875,28600.34765625,28583.580078125,28591.3359375,3207628.0
1784816040,28595.189453125,28595.189453125,28539.359375,28548.115234375,2822573.0
1784816100,28543.90625,28561.8203125,28539.01953125,28542.263671875,3858977.0
1784816160,28538.59765625,28559.04296875,28530.10546875,28559.04296875,3470692.0
1784816220,28556.611328125,28561.423828125,28543.90625,28554.724609375,2889178.0
1784816280,28564.421875,28579.966796875,28564.220703125,28567.38671875,3167801.0
1784816340,28559.37109375,28559.822265625,28546.232421875,28546.232421875,3223940.0
1784816400,28550.125,28566.75390625,28542.03515625,28555.611328125,2894393.0
1784816460,28551.724609375,28593.53515625,28551.724609375,28593.53515625,3161993.0
1784816520,28596.138671875,28617.697265625,28594.521484375,28607.703125,3513958.0
1784816580,28610.892578125,28610.892578125,28577.552734375,28577.552734375,3494669.0
1784816640,28578.787109375,28578.787109375,28539.3984375,28553.0390625,3791691.0
1784816700,28542.796875,28581.2421875,28541.65625,28580.123046875,3037818.0
1784816760,28567.021484375,28567.021484375,28541.900390625,28553.138671875,3207537.0
1784816820,28556.416015625,28556.416015625,28544.306640625,28552.369140625,2848043.0
1784816880,28556.734375,28574.384765625,28553.59375,28555.060546875,3123591.0
1784816940,28543.8671875,28572.498046875,28543.8671875,28572.498046875,2923791.0
1784817000,28575.7890625,28583.91015625,28567.11328125,28571.203125,2684259.0
1784817060,28563.53515625,28584.591796875,28558.521484375,28558.521484375,3134647.0
1784817120,28554.509765625,28554.509765625,28521.44140625,28521.44140625,3031149.0
1784817180,28519.275390625,28529.580078125,28487.42578125,28487.42578125,5320073.0
1784817240,28490.86328125,28517.375,28490.625,28514.01953125,1860838.0
1784817300,28514.25390625,28514.25390625,28494.109375,28496.740234375,3160319.0
1784817360,28496.587890625,28513.025390625,28495.669921875,28508.197265625,3339044.0
1784817420,28519.90234375,28592.048828125,28519.90234375,28592.048828125,3411949.0
1784817480,28594.427734375,28594.427734375,28566.26953125,28573.046875,2946297.0
1784817540,28578.587890625,28596.888671875,28574.55859375,28587.427734375,2429298.0
1784817600,28595.3828125,28605.044921875,28577.759765625,28577.759765625,3370989.0
1784817660,28567.90625,28570.60546875,28527.130859375,28527.130859375,2987416.0
1784817720,28528.154296875,28533.63671875,28499.962890625,28499.962890625,2911779.0
1784817780,28507.078125,28507.078125,28472.79296875,28487.021484375,2782548.0
1784817840,28484.5,28488.826171875,28474.630859375,28485.072265625,3249652.0
1784817900,28478.728515625,28488.7734375,28473.671875,28474.34765625,3299548.0
1784817960,28474.990234375,28496.888671875,28474.990234375,28489.44140625,2863838.0
1784818020,28496.80859375,28502.9609375,28490.0703125,28493.767578125,3417109.0
1784818080,28479.0625,28480.505859375,28466.8515625,28480.505859375,3087400.0
1784818140,28473.9296875,28482.12890625,28463.189453125,28468.76953125,2414453.0
1784818200,28468.904296875,28480.02734375,28452.546875,28459.435546875,3686577.0
1784818260,28454.611328125,28458.2578125,28431.861328125,28433.400390625,3266153.0
1784818320,28432.390625,28455.7578125,28432.390625,28453.58203125,3407699.0
1784818380,28454.326171875,28454.326171875,28430.578125,28435.619140625,2707054.0
1784818440,28428.46484375,28430.78515625,28419.63671875,28421.42578125,2148917.0
1784818500,28419.85546875,28431.72265625,28418.283203125,28418.283203125,2815237.0
1784818560,28420.470703125,28443.0234375,28420.470703125,28443.0234375,2972382.0
1784818620,28449.41015625,28457.345703125,28445.857421875,28456.533203125,2580012.0
1784818680,28451.568359375,28452.58984375,28435.236328125,28436.658203125,2458514.0
1784818740,28435.28515625,28450.751953125,28435.28515625,28441.748046875,2363380.0
1784818800,28439.279296875,28439.484375,28425.5546875,28425.5546875,2814745.0
1784818860,28428.8125,28428.8125,28406.2578125,28416.998046875,3385103.0
1784818920,28411.236328125,28426.728515625,28411.236328125,28414.41796875,2879962.0
1784818980,28410.220703125,28423.58984375,28409.626953125,28413.072265625,2838215.0
1784819040,28408.630859375,28408.630859375,28400.009765625,28403.2421875,2938946.0
1784819100,28405.673828125,28405.673828125,28396.240234375,28397.20703125,2806795.0
1784819160,28391.67578125,28391.67578125,28376.6953125,28376.6953125,2846080.0
1784819220,28378.8984375,28389.185546875,28373.44921875,28384.150390625,2943808.0
1784819280,28383.1796875,28389.509765625,28382.32421875,28387.513671875,3052812.0
1784819340,28385.732421875,28395.53515625,28369.4921875,28371.431640625,3437556.0
1784819400,28365.666015625,28380.861328125,28365.666015625,28370.0390625,3432164.0
1784819460,28364.666015625,28364.666015625,28352.001953125,28352.001953125,2824912.0
1784819520,28347.740234375,28348.234375,28325.04296875,28330.3359375,3210863.0
1784819580,28333.5234375,28346.609375,28333.5234375,28339.416015625,5076474.0
1784819640,28340.95703125,28340.95703125,28324.470703125,28333.611328125,3392664.0
1784819700,28340.54296875,28357.412109375,28336.65625,28351.451171875,1773858.0
1784819760,28349.3359375,28354.87109375,28339.779296875,28353.46484375,3097858.0
1784819820,28352.185546875,28370.734375,28352.185546875,28365.390625,2327323.0
1784819880,28364.517578125,28369.72265625,28360.9140625,28365.056640625,2299227.0
1784819940,28364.787109375,28380.05859375,28364.787109375,28380.05859375,2447101.0
1784820000,28381.107421875,28408.880859375,28381.107421875,28395.1875,3275762.0
1784820060,28398.78515625,28399.212890625,28362.99609375,28362.99609375,2722580.0
1784820120,28358.4921875,28370.83984375,28305.66015625,28317.701171875,2867200.0
1784820180,28331.525390625,28342.947265625,28330.5703125,28332.947265625,4084697.0
1784820240,28334.462890625,28346.697265625,28334.462890625,28346.697265625,2601972.0
1784820300,28336.91796875,28336.91796875,28320.830078125,28324.228515625,2115134.0
1784820360,28323.859375,28323.859375,28308.20703125,28308.431640625,2468544.0
1784820420,28312.294921875,28312.294921875,28302.46484375,28302.46484375,2466564.0
1784820480,28298.185546875,28309.173828125,28291.501953125,28291.501953125,2903032.0
1784820540,28290.31640625,28307.74609375,28290.31640625,28307.74609375,2360339.0
1784820600,28305.162109375,28310.181640625,28290.84375,28291.17578125,2332818.0
1784820660,28289.466796875,28305.26171875,28277.005859375,28305.26171875,2474530.0
1784820720,28317.19921875,28325.85546875,28317.041015625,28319.474609375,2710920.0
1784820780,28319.7734375,28324.412109375,28313.5,28319.748046875,2168889.0
1784820840,28319.94921875,28328.09375,28314.177734375,28327.98046875,2492130.0
1784820900,28335.291015625,28359.568359375,28335.291015625,28353.5390625,2377400.0
1784820960,28347.708984375,28352.763671875,28343.025390625,28352.763671875,2618085.0
1784821020,28358.1640625,28372.310546875,28348.26171875,28360.13671875,2756584.0
1784821080,28358.92578125,28370.32421875,28358.92578125,28370.32421875,3045577.0
1784821140,28368.083984375,28371.515625,28360.095703125,28371.515625,1139860.0
1784821200,28374.021484375,28386.912109375,28374.021484375,28383.716796875,2329079.0
1784821260,28371.341796875,28374.05859375,28359.681640625,28374.05859375,2568932.0
1784821320,28376.947265625,28387.046875,28359.64453125,28359.64453125,2468288.0
1784821380,28354.16796875,28358.49609375,28348.96875,28351.552734375,2309646.0
1784821440,28349.677734375,28353.232421875,28337.8984375,28337.8984375,2043400.0
1784821500,28332.861328125,28350.357421875,28322.3828125,28347.693359375,2050911.0
1784821560,28347.216796875,28348.3515625,28333.892578125,28341.494140625,2267689.0
1784821620,28338.650390625,28344.130859375,28333.083984375,28335.126953125,2147828.0
1784821680,28335.91796875,28347.951171875,28335.91796875,28342.119140625,2536223.0
1784821740,28341.828125,28363.4453125,28341.828125,28361.884765625,2034789.0
1784821800,28352.6796875,28373.84375,28350.384765625,28373.84375,2064375.0
1784821860,28375.6484375,28375.6484375,28359.87109375,28361.19921875,3082938.0
1784821920,28361.59765625,28383.3125,28361.59765625,28381.544921875,2817133.0
1784821980,28377.138671875,28385.05859375,28375.62109375,28380.87890625,1173556.0
1784822040,28387.724609375,28397.83984375,28387.724609375,28397.83984375,2191504.0
1784822100,28397.15625,28411.181640625,28397.15625,28408.517578125,2764284.0
1784822160,28407.96875,28420.17578125,28405.900390625,28408.583984375,2707840.0
1784822220,28412.744140625,28413.6015625,28397.34765625,28410.0703125,2197495.0
1784822280,28413.220703125,28424.521484375,28411.546875,28421.302734375,1761054.0
1784822340,28421.8671875,28428.75,28421.8671875,28428.75,3001352.0
1784822400,28431.599609375,28433.69140625,28422.755859375,28433.69140625,1354745.0
1784822460,28436.375,28436.375,28419.66796875,28429.07421875,2273274.0
1784822520,28430.01953125,28460.04296875,28430.01953125,28460.04296875,2302720.0
1784822580,28460.15234375,28468.5390625,28454.865234375,28464.296875,2609690.0
1784822640,28460.8125,28460.923828125,28450.298828125,28460.923828125,2322164.0
1784822700,28459.55859375,28461.623046875,28426.611328125,28428.587890625,2540210.0
1784822760,28425.966796875,28434.0078125,28422.046875,28422.046875,2082640.0
1784822820,28422.501953125,28428.015625,28422.501953125,28424.591796875,2063682.0
1784822880,28424.400390625,28453.919921875,28424.400390625,28453.919921875,2111757.0
1784822940,28454.259765625,28459.98828125,28452.109375,28459.98828125,2316570.0
1784823000,28461.013671875,28470.91015625,28461.013671875,28469.763671875,2356889.0
1784823060,28465.240234375,28470.9140625,28465.240234375,28470.13671875,1906897.0
1784823120,28469.369140625,28481.515625,28469.244140625,28471.85546875,2551657.0
1784823180,28470.802734375,28476.6328125,28467.443359375,28467.78125,1986744.0
1784823240,28465.9765625,28474.375,28465.9765625,28473.046875,1941064.0
1784823300,28472.22265625,28480.759765625,28470.75,28480.099609375,1988245.0
1784823360,28480.66015625,28480.66015625,28468.716796875,28468.716796875,2574258.0
1784823420,28465.55859375,28478.7109375,28465.55859375,28476.009765625,1998711.0
1784823480,28476.9375,28479.75,28474.52734375,28478.87890625,2895174.0
1784823540,28474.892578125,28474.892578125,28453.296875,28468.265625,1382375.0
1784823600,28469.810546875,28494.125,28469.810546875,28494.125,3170176.0
1784823660,28492.1015625,28495.751953125,28490.615234375,28494.599609375,936096.0
1784823720,28493.17578125,28509.01953125,28488.7578125,28508.578125,2888472.0
1784823780,28509.46875,28536.634765625,28508.953125,28534.560546875,1189904.0
1784823840,28534.19921875,28535.0390625,28528.892578125,28530.64453125,3768010.0
1784823900,28533.890625,28536.47265625,28529.25390625,28531.390625,1019973.0
1784823960,28532.111328125,28532.111328125,28518.568359375,28518.568359375,2975519.0
1784824020,28517.013671875,28539.123046875,28517.013671875,28536.71875,2870493.0
1784824080,28537.94921875,28544.8515625,28537.94921875,28544.8515625,4154705.0
1784824140,28548.205078125,28556.501953125,28542.2265625,28547.12109375,1814864.0
1784824200,28550.21875,28550.21875,28530.80078125,28534.177734375,3308728.0
1784824260,28538.228515625,28541.302734375,28534.51953125,28537.673828125,1087442.0
1784824320,28539.126953125,28539.404296875,28532.9921875,28536.9296875,1527230.0
1784824380,28536.83203125,28548.5859375,28534.548828125,28537.783203125,1837398.0
1784824440,28539.255859375,28542.482421875,28531.41015625,28535.5234375,2305407.0
1784824500,28534.109375,28551.19921875,28530.2734375,28546.26171875,1974638.0
1784824560,28547.2109375,28547.2109375,28535.56640625,28545.486328125,2407302.0
1784824620,28544.830078125,28553.099609375,28538.89453125,28553.099609375,1717662.0
1784824680,28550.896484375,28570.0703125,28545.48828125,28570.0703125,1923234.0
1784824740,28571.9453125,28576.404296875,28568.595703125,28569.69140625,2703517.0
1784824800,28570.16796875,28570.16796875,28547.58984375,28547.58984375,2447627.0
1784824860,28549.126953125,28549.126953125,28535.43359375,28538.130859375,2232915.0
1784824920,28537.345703125,28542.615234375,28534.3046875,28542.615234375,1864405.0
1784824980,28542.033203125,28547.994140625,28541.3203125,28546.43359375,1602095.0
1784825040,28546.41015625,28546.41015625,28526.3515625,28526.3515625,1490468.0
1784825100,28527.83984375,28527.83984375,28489.376953125,28489.376953125,1989938.0
1784825160,28487.34375,28487.34375,28480.9453125,28482.791015625,2533546.0
1784825220,28484.669921875,28492.61328125,28479.2109375,28489.984375,1695838.0
1784825280,28493.158203125,28493.158203125,28476.83203125,28478.6953125,1680675.0
1784825340,28479.169921875,28488.828125,28478.38671875,28478.38671875,2559925.0
1784825400,28468.515625,28478.84765625,28467.44140625,28469.3046875,945944.0
1784825460,28468.02734375,28472.583984375,28455.35546875,28457.64453125,2329740.0
1784825520,28463.697265625,28482.18359375,28462.23828125,28471.7265625,976880.0
1784825580,28471.078125,28471.078125,28449.166015625,28452.26953125,2528953.0
1784825640,28451.341796875,28455.373046875,28447.8828125,28449.654296875,736258.0
1784825700,28450.421875,28466.634765625,28450.421875,28458.166015625,3107832.0
1784825760,28457.568359375,28462.447265625,28452.19921875,28459.94921875,902992.0
1784825820,28462.7421875,28472.537109375,28461.353515625,28463.8828125,2747181.0
1784825880,28466.021484375,28472.125,28461.96484375,28462.732421875,790853.0
1784825940,28464.939453125,28481.59765625,28464.939453125,28479.30859375,2815129.0
1784826000,28472.384765625,28495.5078125,28457.64453125,28495.5078125,1066295.0
1784826060,28492.244140625,28493.828125,28484.333984375,28488.865234375,2734159.0
1784826120,28487.01171875,28487.01171875,28470.38671875,28482.74609375,957737.0
1784826180,28482.8203125,28487.8203125,28479.427734375,28486.3046875,2132009.0
1784826240,28483.33203125,28483.33203125,28455.095703125,28455.095703125,709678.0
1784826300,28452.728515625,28452.728515625,28430.8203125,28438.3203125,2388493.0
1784826360,28440.787109375,28451.017578125,28431.94921875,28433.013671875,2072477.0
1784826420,28431.630859375,28450.669921875,28431.630859375,28444.958984375,1381910.0
1784826480,28444.6953125,28463.060546875,28441.869140625,28448.216796875,1483925.0
1784826540,28448.18359375,28467.7890625,28441.43359375,28463.17578125,1408866.0
1784826600,28464.748046875,28483.279296875,28464.748046875,28471.7109375,1601314.0
1784826660,28471.0390625,28476.71875,28470.455078125,28476.71875,1523303.0
1784826720,28478.267578125,28489.576171875,28478.267578125,28489.576171875,2150855.0
1784826780,28488.90234375,28496.728515625,28479.455078125,28479.455078125,764081.0
1784826840,28480.501953125,28483.66796875,28476.08203125,28483.47265625,2539110.0
1784826900,28481.748046875,28485.91015625,28479.8515625,28483.1171875,660469.0
1784826960,28483.708984375,28490.6484375,28482.134765625,28486.169921875,2027404.0
1784827020,28483.55859375,28489.537109375,28466.001953125,28466.001953125,831910.0
1784827080,28467.033203125,28478.05078125,28456.51953125,28472.64453125,2363838.0
1784827140,28474.607421875,28477.67578125,28468.29296875,28477.67578125,720210.0
1784827200,28480.33203125,28510.310546875,28480.33203125,28499.296875,2200873.0
1784827260,28499.84765625,28503.71484375,28480.451171875,28480.451171875,1387592.0
1784827320,28575.8,28600.1,28569.1,28585.8,280.0
1784827380,28584.6,28590.9,28554.0,28557.9,286.0
1784827440,28557.8,28561.4,28514.5,28532.8,277.0
1784827500,28531.1,28564.1,28518.6,28557.4,275.0
1784827560,28558.4,28558.4,28517.4,28534.4,267.0
1784827620,28536.9,28542.1,28518.9,28535.3,279.0
1784827680,28534.1,28559.8,28524.4,28524.9,281.0
1784827740,28525.6,28565.9,28523.4,28556.1,270.0
1784827800,28554.8,28569.8,28541.4,28554.0,274.0
1784827860,28552.5,28572.6,28536.0,28541.4,286.0
1784827920,28539.6,28541.9,28498.8,28505.6,282.0
1784827980,28505.3,28516.0,28467.0,28472.8,284.0
1784828040,28469.3,28502.1,28466.4,28492.3,284.0
1784828100,28492.8,28499.6,28470.1,28477.6,258.0
1784828160,28476.6,28497.9,28474.3,28489.6,285.0
1784828220,28490.8,28580.6,28490.5,28580.6,282.0
1784828280,28578.8,28583.6,28547.1,28556.8,277.0
1784828340,28557.3,28585.9,28553.1,28578.5,278.0
1784828400,28577.9,28593.9,28551.5,28551.6,278.0
1784828460,28552.3,28559.9,28504.6,28511.0,285.0
1784828520,28510.5,28522.6,28477.4,28489.8,281.0
1784828580,28488.6,28494.1,28449.9,28465.4,283.0
1784828640,28466.9,28476.6,28450.1,28468.8,274.0
1784828700,28467.6,28481.1,28454.6,28455.1,283.0
1784828760,28455.9,28482.8,28450.4,28475.3,281.0
1784828820,28477.3,28492.5,28471.5,28472.6,283.0
1784828880,28472.6,28472.6,28449.9,28457.6,275.0
1784828940,28458.1,28467.0,28443.6,28451.9,277.0
1784829000,28452.5,28468.3,28433.1,28436.6,279.0
1784829060,28436.5,28438.4,28410.9,28415.1,280.0
1784829120,28416.0,28441.0,28411.5,28436.4,270.0
1784829180,28434.9,28434.9,28410.0,28412.3,270.0
1784829240,28411.9,28418.3,28401.9,28404.8,273.0
1784829300,28405.0,28420.8,28400.3,28401.3,270.0
1784829360,28401.3,28430.3,28401.3,28429.8,278.0
1784829420,28429.3,28441.3,28423.0,28437.1,282.0
1784829480,28436.1,28437.3,28415.8,28418.0,280.0
1784829540,28417.6,28437.3,28413.1,28419.6,275.0
1784829600,28423.0,28427.1,28407.0,28411.0,273.0
1784829660,28408.6,28411.5,28390.0,28400.3,262.0
1784829720,28400.3,28413.0,28393.5,28393.5,261.0
1784829780,28394.5,28410.5,28391.5,28396.0,264.0
1784829840,28395.1,28395.1,28381.4,28390.9,261.0
1784829900,28390.0,28394.1,28377.9,28377.9,270.0
1784829960,28377.9,28380.0,28356.5,28357.8,279.0
1784830020,28357.3,28375.6,28353.1,28365.4,268.0
1784830080,28365.1,28375.6,28361.6,28370.5,282.0
1784830140,28371.8,28382.0,28348.8,28352.3,274.0
1784830200,28351.3,28366.5,28344.6,28352.3,262.0
1784830260,28351.8,28352.3,28333.6,28333.6,259.0
1784830320,28333.5,28336.3,28310.1,28320.0,277.0
1784830380,28319.8,28332.0,28316.5,28325.8,270.0
1784830440,28325.5,28329.8,28305.9,28317.0,266.0
1784830500,28317.0,28341.1,28315.3,28331.5,273.0
1784830560,28332.4,28340.3,28322.0,28333.1,281.0
1784830620,28334.3,28355.6,28330.5,28347.6,280.0
1784830680,28347.8,28355.5,28340.3,28345.5,270.0
1784830740,28346.1,28360.3,28342.8,28359.4,264.0
1784830800,28359.3,28391.4,28359.3,28378.1,271.0
1784830860,28378.3,28382.8,28341.4,28342.8,269.0
1784830920,28342.5,28356.6,28283.9,28305.6,278.0
1784830980,28309.0,28327.5,28308.4,28313.1,276.0
1784831040,28314.0,28332.3,28312.9,28326.3,271.0
1784831100,28326.3,28330.0,28301.3,28308.3,264.0
1784831160,28310.1,28310.1,28290.3,28297.8,257.0
1784831220,28296.5,28298.4,28282.3,28282.3,263.0
1784831280,28283.6,28301.6,28271.5,28273.5,268.0
1784831340,28273.5,28295.9,28271.0,28288.5,258.0
1784831400,28290.0,28297.8,28269.5,28270.6,264.0
1784831460,28270.4,28293.8,28255.6,28287.6,266.0
1784831520,28287.6,28307.6,28287.6,28302.9,269.0
1784831580,28303.3,28310.9,28291.0,28303.5,264.0
1784831640,28303.8,28313.9,28293.5,28311.6,280.0
1784831700,28311.1,28340.4,28311.0,28327.4,285.0
1784831760,28328.0,28337.1,28316.0,28337.1,268.0
1784831820,28338.0,28359.1,28325.4,28337.3,275.0
1784831880,28337.8,28356.8,28335.5,28354.9,276.0
1784831940,28355.3,28355.8,28336.0,28349.8,274.0
1784832000,28349.3,28373.3,28348.8,28355.8,268.0
1784832060,28355.6,28360.8,28338.6,28359.4,268.0
1784832120,28359.3,28369.8,28329.4,28333.9,270.0
1784832180,28332.5,28343.0,28327.8,28330.5,266.0
1784832240,28329.8,28340.3,28316.8,28316.8,261.0
1784832300,28316.0,28335.9,28301.6,28329.0,268.0
1784832360,28329.6,28334.3,28311.5,28319.4,265.0
1784832420,28319.8,28332.1,28314.9,28319.3,279.0
1784832480,28319.5,28334.8,28317.1,28323.6,270.0
1784832540,28323.8,28350.6,28321.3,28345.0,268.0
1784832600,28344.8,28356.8,28327.8,28354.8,262.0
1784832660,28354.9,28358.3,28336.3,28342.5,268.0
1784832720,28342.9,28365.4,28342.5,28359.5,266.0
1784832780,28359.5,28365.5,28353.1,28361.4,276.0
1784832840,28361.4,28379.8,28360.0,28378.6,273.0
1784832900,28378.6,28391.3,28375.5,28386.8,266.0
1784832960,28385.9,28404.3,28381.0,28394.3,264.0
1784833020,28393.8,28396.1,28373.6,28395.8,258.0
1784833080,28394.5,28408.9,28389.1,28404.5,239.0
1784833140,28404.3,28412.3,28404.3,28410.8,264.0
1784833200,28415.9,28420.8,28400.8,28420.8,273.0
1784833260,28420.5,28421.0,28396.3,28414.5,265.0
1784833320,28414.4,28441.5,28407.8,28441.5,260.0
1784833380,28440.0,28449.8,28430.8,28439.6,256.0
1784833440,28439.1,28441.6,28427.1,28438.9,250.0
1784833500,28438.6,28443.1,28402.4,28406.5,265.0
1784833560,28406.0,28419.9,28399.8,28402.3,275.0
1784833620,28402.3,28412.1,28400.5,28405.1,260.0
1784833680,28405.5,28442.1,28405.1,28439.3,267.0
1784833740,28438.8,28445.8,28432.5,28445.4,270.0
1784833800,28445.6,28455.3,28444.4,28453.5,258.0
1784833860,28452.9,28457.3,28440.5,28453.5,261.0
1784833920,28454.5,28466.5,28446.0,28446.3,269.0
1784833980,28445.4,28460.0,28445.4,28446.3,252.0
1784834040,28446.0,28459.5,28445.9,28452.1,250.0
1784834100,28452.3,28467.0,28449.0,28463.8,256.0
1784834160,28463.6,28466.1,28446.3,28446.8,260.0
1784834220,28447.6,28462.8,28446.3,28459.8,245.0
1784834280,28458.5,28462.3,28452.5,28458.8,261.0
1784834340,28459.3,28459.3,28432.6,28452.5,255.0
1784834400,28453.3,28478.5,28452.8,28477.5,255.0
1784834460,28477.8,28481.3,28471.8,28476.4,251.0
1784834520,28476.0,28494.9,28469.1,28493.5,245.0
1784834580,28493.1,28518.4,28490.5,28513.4,259.0
1784834640,28512.8,28517.4,28507.4,28510.5,257.0
1784834700,28510.0,28519.6,28505.3,28513.0,246.0
1784834760,28515.0,28515.0,28498.5,28498.8,248.0
1784834820,28498.8,28522.0,28496.3,28519.0,259.0
1784834880,28518.4,28525.6,28516.1,28523.8,220.0
1784834940,28523.9,28537.4,28522.3,28529.3,257.0
1784835000,28527.5,28530.3,28508.8,28519.5,255.0
1784835060,28519.3,28525.0,28513.5,28519.8,248.0
1784835120,28518.8,28522.0,28511.5,28518.8,248.0
1784835180,28518.5,28529.5,28514.8,28519.0,255.0
1784835240,28520.8,28525.8,28510.8,28513.3,252.0
1784835300,28513.0,28535.6,28505.8,28530.1,257.0
1784835360,28530.3,28531.5,28517.0,28527.0,251.0
1784835420,28527.0,28534.4,28518.5,28533.3,252.0
1784835480,28530.9,28556.3,28524.5,28554.8,262.0
1784835540,28555.0,28560.6,28547.1,28554.3,268.0
1784835600,28554.8,28556.4,28531.3,28535.0,262.0
1784835660,28535.5,28535.5,28519.8,28523.8,251.0
1784835720,28523.1,28526.5,28514.4,28524.0,237.0
1784835780,28524.3,28532.6,28521.8,28528.5,246.0
1784835840,28528.5,28530.0,28509.8,28510.3,244.0
1784835900,28510.0,28510.0,28470.8,28470.8,270.0
1784835960,28472.1,28475.0,28463.0,28467.8,266.0
1784836020,28469.0,28477.5,28462.8,28473.6,263.0
1784836080,28477.0,28479.0,28458.3,28462.5,244.0
1784836140,28462.9,28474.5,28458.3,28460.0,253.0
1784836200,28459.5,28464.4,28447.0,28449.3,261.0
1784836260,28450.8,28459.0,28439.8,28444.3,253.0
1784836320,28444.5,28469.0,28443.6,28450.8,270.0
1784836380,28450.9,28451.1,28432.5,28437.8,255.0
1784836440,28436.9,28443.5,28434.0,28434.0,257.0
1784836500,28435.3,28456.0,28435.0,28444.3,267.0
1784836560,28446.5,28451.4,28436.3,28448.6,268.0
1784836620,28449.4,28455.4,28441.0,28448.1,274.0
1784836680,28447.3,28455.8,28442.1,28447.3,254.0
1784836740,28447.1,28468.8,28446.8,28464.0,253.0
1784836800,28463.9,28485.1,28438.4,28479.4,272.0
1784836860,28479.6,28481.0,28465.0,28474.4,251.0
1784836920,28473.0,28473.5,28450.4,28470.5,260.0
1784836980,28470.6,28473.9,28461.5,28471.9,265.0
1784837040,28470.8,28473.3,28437.4,28438.0,265.0
1784837100,28437.9,28437.9,28411.8,28424.4,272.0
1784837160,28425.8,28439.0,28413.0,28418.3,276.0
1784837220,28418.0,28440.1,28414.9,28429.1,251.0
1784837280,28429.8,28451.0,28420.5,28431.0,271.0
1784837340,28430.8,28452.6,28420.4,28449.0,261.0
1784837400,28448.8,28470.4,28447.8,28456.0,274.0
1784837460,28455.6,28462.5,28448.5,28461.3,265.0
1784837520,28459.5,28475.9,28458.0,28471.6,265.0
1784837580,28472.9,28480.4,28459.4,28460.6,268.0
1784837640,28461.0,28469.0,28450.8,28465.3,267.0
1784837700,28463.1,28472.0,28458.8,28465.0,273.0
1784837760,28466.8,28479.0,28461.3,28468.8,248.0
1784837820,28469.6,28473.9,28444.1,28444.1,265.0
1784837880,28445.1,28463.5,28437.5,28457.6,266.0
1784837940,28457.4,28463.1,28450.6,28462.5,262.0
1784838000,28463.0,28496.3,28463.0,28483.1,268.0
1784838060,28483.5,28488.5,28458.5,28459.8,267.0
1784838120,28460.8,28468.8,28451.0,28456.6,260.0
1784838180,28456.6,28482.5,28453.1,28481.3,264.0
1784838240,28482.0,28490.5,28476.5,28486.5,245.0
1784838300,28487.3,28494.9,28482.3,28491.5,262.0
1784838360,28492.5,28498.8,28482.5,28490.5,262.0
1784838420,28492.0,28492.0,28477.3,28483.8,246.0
1784838480,28483.5,28489.3,28478.3,28486.3,249.0
1784838540,28485.8,28487.1,28475.3,28475.3,241.0
